id,name,country,description,category,ingredients,instructions
decfc51d-f71c-42d4-94ae-df158789269a,Frambuazlı Limonata,Turkey,"Yaz aylarının ferahlatıcı içeceği, frambuazlı limonata ile serinleyin",Ye,"[""1 adet limon kabuğu rendesi"", ""1 adet limon suyu"", ""10-15 adet frambuaz"", ""1 yemek kaşığı bal"", ""1 litre su""]","[""Nane ile bal özü çıkana kadar el ile yoğrulur."", ""Limon kabukları eklenerek yoğurulmaya devam edilir."", ""Frambuaz ve soğuk su eklenerek karıştırılır. Afiyet olsun!""]"
0dc97262-95ee-4962-a572-31b3dab27bfc,Paça Çorbası,Turkey,"Lezzetli ve doyurucu bir klasik, Paça Çorbası",Çorba,"[""1,5 litre et suyu"", ""2 yemek kaşığı (tepeleme) un"", ""1/2 çay bardağı zeytinyağı""]","[""İlk olarak zeytinyağını tencereye alıyoruz. Üzerine unu ekliyoruz, unun kokusu çıkana kadar kavuruyoruz."", ""Et suyunun tamamını ekliyoruz ve kaynamaya bırakıyoruz."", ""Ayrı bir yerde yoğurdu, rendelenen sarımsağı, yarım limon suyunu ve sirkeyi karıştırıyoruz."", ""Kaynamakta olan çorbanın içine, hazırlanan terbiyeyi yavaş yavaş döküyoruz."", ""Tuzu, didilen etleri ve limon kabuğunu ekliyoruz. 10-15 dakika kaynatıp, ocaktan alıyoruz. Paça çorbası hazır. Afiyet olsun.""]"
7c5cde7c-b0e7-4059-afcb-78f75a50b15c,Yeşil Kış Çorbası,Turkey,"Kış aylarının taze sebzeleriyle hazırlanan, hem besleyici hem de lezzetli bir çorba",Çorba,"[""1 adet alabaş turpu (ve yaprak ları)"", ""3 adet brokoli"", ""1 adet kereviz sap ı (ve yaprak ları)"", ""1 adet patates"", ""1 adet soğan"", ""1/2 yemek kaşığı tereyağı""]","[""Tüm sebzeleri tencereye doğrayıp üzerine bakliyatları ekleyiniz."", ""Malzemenin hizasında su ekleyip ocağa koyup kaynadıktan sonra altını kısarak kısık ateşte tüm malzemeler iyice kendini bırakana kadar pişiriniz."", ""Ocaktan aldıktan sonra blenderla pürüzsüz bir kıvam alana kadar çekiniz ve tuz ile tereyağını ekleyiniz.yapınız"", ""Tabağa alıp üzerini kremayla süsleyerek servis yapınız. Afiyet olsun.""]"
155342a2-e3db-461b-9935-56089fb49734,Yumuşacık Kahvaltılık Ekmek,Turkey,"Mis kokulu, pratik ve lezzetli kahvaltılık ekmek tarifimiz",Börek & Hamur İşi,"[""2 adet yumurta"", ""1 su bardağı süt"", ""1 paket kabartma tozu"", ""1 çay kaşığı tuz"", ""3 su bardağı un""]","[""Karıştırma kabına yumurta ve sütü koyun ve çırpın."", ""Tuz ve kabartma tozunu ekleyip karıştırın."", ""Unu kontrollü bir şekilde ekleyin ve karıştırın."", ""Çamur kıvamına gelince yağlanmış borcama dökün."", ""Önceden ısıtılmış fırında üzeri kızarana kadar yaklaşık yarım saat pişirin.""]"
ec3cc6e4-498b-496d-9cd5-2dfc8a65c8e1,Kremalı Mercimek Çorbası,Turkey,"Yumuşacık ve doyurucu, kış günlerinin vazgeçilmezi kremalı mercimek çorbası",Çorba,"[""1 su bardağı kırmızı mercimek"", ""1 adet havuç"", ""1 adet patates"", ""2 yemek kaşığı tereyağı"", ""1/2 çay kaşığı kimyon"", ""1 çay kaşığı tuz"", ""1/2 çay kaşığı karabiber""]","[""Kremalı mercimek çorbası için mercimek ve sebzeleri tencereye alarak yağda biraz kavurun."", ""Üzerine sıcak su ilave ederek pişmeye bırakın."", ""Pişen çorbayı blenderdan geçirin."", ""Kremayı ilave ederek bir taşım daha kaynatıp ocaktan alın."", ""Kremalı mercimek çorbası hazır. Afiyet olsun.""]"
b0201ee8-d6dd-40be-a8c9-56d5ad7ee84f,Dondurmalı Cennet Sarması,Turkey,"Antep fıstıklı tel kadayıfın, sade yağla kızartılıp dondurma ile harmanlandığı ferahlatıcı bir lezzet",Tatlı,"[""300 gram tel kadayıf (robottan geçirilmiş)"", ""4 yemek kaşığı (tepeleme) sade yağ"", ""150 gram toz Antep fıstığı"", ""100 gram toz ceviz içi""]","[""Şerbeti için; su ve şekeri bir tencerede karıştırarak kaynatın ve ardından limon suyunu ekleyip 5 dakika daha pişirin."", ""Robottan geçirdiğiniz taze kadayıfı sade yağ ile birlikte tavada renk aldırmadan kavurun. Ardından üzerine toz antep fıstığı ve cevizi ekleyip 5 dakika daha kavurun."", ""Ardından şerbeti azar azar ekleyerek ıslak bir karışım elde edin. Ardından ocaktan alıp pişirme kağıdı serili tepsiye alın. Spatula yardımıyla harcı yaklaşık 1 cm kalınlığında olacak şekilde düzleyin"", ""Bu harcı oda sıcaklığında soğumaya bırakın."", ""Servis etmeden önce harcı uzun dikdörtgen olacak şekilde keserek porsiyonlayın ve uç kısmına kesme dondurma koyup sarın."", ""Bekletmeden servis edin. Afiyet olsun!""]"
869fb5d7-a1d1-4e16-92d2-6aa9f5032b92,Pratik ve Hızlı Mercimek Köftesi,Turkey,"Lezzetli ve doyurucu mercimek köftesi, pratik yapımıyla sofraların vazgeçilmezi",Et Yemekleri,"[""1 su bardağı kırmızı mercimek"", ""2 su bardağı ince köftelik bulgur"", ""1 adet soğan"", ""1 yemek kaşığı biber salçası"", ""1 yemek kaşığı domates salçası"", ""1 adet limon suyu"", ""1 silme tatlı kaşığı tuz"", ""1 tatlı kaşığı karabiber ve pulbiber"", ""1 tatlı kaşığı kuru nane"", ""1 tatlı kaşığı kırmızı toz biber"", ""5 yemek kaşığı sıvı yağ"", ""5 su bardağı su""]","[""Kırmızı mercimeği iyice yıkayalım ve tencereye alalım. Üzerine beş su bardağı su ekleyip kaynamaya bırakalım."", ""Kaynayan ve iyice dağılan mercimeğin üzerine ince bulgurumuzu ekleyip tencerenin kapağını kapatalım."", ""Bu esnada kaba soğan, maydanoz ve dereotunu ince ince kıyalım, kenarda bekletelim."", ""Daha sonra tavada sıvı yağı kızdırıp üzerine ince ince doğradığımız yemeklik soğanı ekleyelim ve kavuralım. Soğanlar kavrulduktan sonra salçaları ekleyelim, biraz daha kavuralım ve kapatalım."", ""Mercimek ve bulgur karışımına salçalı soğanımızı ekleyelim. İki karışım birbirine özdeşleşene kadar karıştıralım."", ""İyice karıştığından emin olduktan sonra doğradığımız yeşillikleri ekleyelim ve yine iyice karıştıralım. En son tuz, baharatlar ve 1 limonun suyunu ekleyip karıştıralım. Afiyet olsun.""]"
60756654-372a-4fe4-8fbc-b414765d0d6e,Ev Yapımı Ramazan Pidesi,Turkey,"Ramazan sofralarının vazgeçilmezi, lezzetli ve pratik ev yapımı pide",Börek & Hamur İşi,"[""300 gram su"", ""500 gram un (lazım olursa biraz daha un)"", ""1 yemek kaşığı ekşi maya"", ""1 yemek kaşığı kuru maya"", ""1 adet yumurta"", ""1 yemek kaşığı tereyağı""]","[""1 yemek kaşığı dolusu kuru maya ve ekşi mayayı kapta karıştırıyoruz."", ""300 gr suyu (yaklaşık 1 buçuk bardak su) kaba ekleyip karıştırıyoruz."", ""Yavaş yavaş unu ekliyoruz hamur koyulaşıncaya kadar el çırpıcısı ile çırpıyoruz ki pütür kalmasın."", ""Daha sonra un eklemeye devam edip elle yoğurmaya geçiyoruz."", ""Hamur kıvama gelince tezgaha biraz un alıp hamuru da tezgaha alıyoruz. Hamuru yaklaşık 10 dakika tezgaha vura vura yoğuruyoruz."", ""Hamur kulak memesi kıvamına gelmeli. Hamuru yoğururken ellerimizi ıslatıp hamura hafif hafif su ekliyoruz."", ""Hamuru kaba geri aldık kapta 30 dakika bekletiyoruz."", ""30 dakika sonra elimizi ıslatıp hamuru 4 taraftan çekiştiriyoruz."", ""Kabı güzelce sarmalayıp sıcak bir yere koyuyoruz ve en az 2 saat bekletiyoruz."", ""Hamur iyice yumuşayıp kabarınca tezgaha un serpip hamuru tezgaha alıyoruz. Hafif yoğuruyoruz."", ""2 yağlı kağıt üzerine galeta unu serpiyoruz. Hamuru ikiye ayırıp beze haline getirip yağlı kağıt üzerine alıyoruz. Hafif bastırarak hamuru genişletiyoruz. (Çok inceltmeden)"", ""Bu şekilde de yaklaşık 1 saat mayalanmasını bekliyoruz. Bu sırada üzerini bir bezle örtüyoruz."", ""Pidenin üzerine sürmek için bir kasede 1 yumurta ve eritilmiş tereyağını güzelce çırpıyoruz."", ""Hamurlarımızın üzerine yumurtayı sürerek şekil veriyoruz.Son olarak üzerine susam ve çörek otu serpiştiriyoruz."", ""Fırınımızın içine fırın tepsisini ters koyup yaklaşık 200-250 derecede ısıtıyoruz. (fırın taşınız varsa kullanabilirsiniz)""]"
d886c482-2f82-4b69-b1d4-63d97f2892ae,Karamelli Pişmeyen Cheesecake,Turkey,"Pişmeden hazırlanan, karamel lezzetiyle büyüleyen pratik cheesecake tarifi",Ana Yemek,"[""20 adet kakaolu kremalı bisküvi (arasındaki krema alınacak)"", ""3 yemek kaşığı tereyağı"", ""1 paket krem peynir"", ""1 paket krema"", ""2 paket krem şanti"", ""20 adet bisküvi arasındaki krema""]","[""Önce karameli yapmakla başlayın. Toz şekeri sos tenceresinde eritin. Tereyağı ve sütü ilave edin. Bu esnada şeker çok katı olacak ama korkmayın ve devamlı spatula ile karıştırın. Tamamen eridiğinde so"", ""Daha sonra kremalarını ayırdığınız bisküvileri rondodan geçirin. Eritilmiş tereyağını bisküvilerin içine dökün ve birbirine yedirin. Yağlı kağıt serilmiş kelepçeli kalıbın tabanına bastırarak yayın."", ""Soğuyan karameli sıkma torbasına (yada poşete) alın ve buzdolabında bekletin. Ardından bir kabın içine krema için olan bütün malzemeleri ekleyip, mikserle çırpın."", ""Kremayı da bisküvi tabanının üzerine spatula ile güzelce yayın. Bu şekilde buzdolabında 15 dakika bekletin. Ardından karameli de kremanın üzerine sıkın. 1 gece buzdolabında beklettikten sonra servis e""]"
5b2ab5bb-630f-4382-ad9a-62d246dbea15,Patlıcanlı Köfte,Turkey,"Patlıcan ve kıymanın mükemmel uyumuyla hazırlanan, lezzetli ve doyurucu bir köfte tarifi",Et Yemekleri,"[""3 adet patlıcan"", ""1 kg kıyma (arzuya göre dana/kuzu karışık)"", ""2 adet soğanın suyu"", ""3 yemek kaşığı galeta unu"", ""1 tatlı kaşığı kimyon"", ""1 tatlı kaşığı tuz"", ""1 tatlı kaşığı karabiber"", ""1/2 su bardağı kızartma yağı"", ""1 yemek kaşığı salça (domates ve biber karışımı)"", ""1 tatlı kaşığı tereyağ"", ""1 yemek kaşığı sıvı yağ"", ""1 su bardağı su (arzuya göre et suyu)""]","[""Patlıcanları pijamalı olarak soyun, 12 adet ince, uzun dilim kesin ve tuzlu suya yatırın."", ""Maydanozları incecik kıyın."", ""Soğanları rendeleyip suyunu sıkın. Sarımsakları ezin."", ""Kıyma, soğan suyu, sarımsak, maydanoz, galeta unu, tuz ve baharatları 15 dakika kadar yoğurun ve dinlenmesi için 30 dakika kadar buzdolabına kaldırın."", ""Fırını 190 derecede ısıtın."", ""Patlıcanların suyunu iyice süzün ve kızdırdığınız yağda kızartın."", ""Kızaran patlıcan dilimlerinin fazla yağını kağıt havlu üzerine dizerek alın."", ""Buzdolabında dinlenen köfte harcını çıkarın. 12 eşit parçaya ayırıp yuvarlak köfte yapın."", ""Kızarmış 2 patlıcan dilimini artı şeklinde yerleştirin ve ortasına bir tane yuvarlak köfte koyun. Dilimleri köftenin üzerine doğru katlayın. Eğer patlıcanların uçları kısa gelirse bir kürdanla tutturu"", ""12 adet köfteyle aynı işlemi gerçekleştirin. Sonra patlıcanlı köfteleri bir fırın kabına dizin."", ""Tereyağ ve sıvı yağı küçük bir sahanda kızdırın. Salçayı ekleyin ve kavurun. Şalçanın kokusu çıkınca suyu ekleyin. Sos 3-4 dakika tıkırdadıktan sonra fırın kabındaki köftelerin üzerine dökün."", ""Fırın kabını önceden ısınmış fırına koyun ve 30-40 dakika kadar pişirin.""]"
88bdf1c4-4b30-4cc2-a0f0-9900809f6844,Yumurtasız Supangle,Turkey,"Yumurtasız supangle, pratik ve lezzetli bir tatlı seçeneği sunar",Kahvaltı,"[""1 litre süt"", ""2 yemek kaşığı nişasta (30 gr)"", ""1 çay bardağı un (80 gr)"", ""3 yemek kaşığı kakao (30 gr)"", ""1 su bardağı toz şeker (180 gr)"", ""2 yemek kaşığı tereyağı (40 gr)"", ""100 gram bitter çikolata (ya da sütlü)"", ""1 su bardağı soğuk su""]","[""Öncelikle bir tencereye sütümüzü alalım. Ardından nişasta, un, kakao ve şekeri katıp karıştıralım."", ""Ocağa alalım. Karıştırarak kaynayana kadar pişirelim."", ""Kaynadıktan sonra çok az daha kaynatıp ocağımızın altını kapatalım. Tereyağı ve çikolatayı katıp iyice karıştıralım."", ""5 dakika kadar ılımasını bekleyip buz gibi olan suyu ekleyerek blender ile çekelim. (Daha iyi kıvam alması için 5-6 dakika kadar çekelim)"", ""Kullanacağımız kaplara yada bardaklara paylaştıralım. Buzdolabında 5-6 saat kadar bekletip afiyetle yiyelim. Afiyet olsun.""]"
67e517e5-6b2d-4f61-8da7-3760e467214d,Tavuk Çığırtmalı Bal Kabaklı Pilav,Turkey,"Tavuk çığırtmalı bal kabağı pilavı, lezzetli ve doyurucu bir ana yemek seçeneğidir",Pilav & Makarna,"[""1 kilogram bal kabağı"", ""4 su bardağı pirinç"", ""200 gram tereyağı"", ""1 çay kaşığı tuz""]","[""Bal kabağı soyulur, içi temizlenir. Ceviz büyüklüğünde küpler halinde kesilir. Daha sonra pirinç her zamanki gibi tuzlu suda demlenir, süzülür."", ""Yağ bir tencerede ısıtılır pirinçten birazı ilave edilir. Üzerine bal kabakları dökülür ve kalan pirinçler de onun üzerine ilave edilir. Kapağı konur ve çok az derece ateşte pişirilir."", ""Üzeri için, tencereye soğan ve tavuk ilave edilir. Kızarmaya yakın ince doğranmış domates, biber, kestaneler ilave edilir ve tencerenin kapağı kapatılır, domateslerin suyu yok olana kadar pişirilir."", ""Pilavın üzerine ekleyerek afiyetle tüketebilirsiniz.""]"
d245a910-11c7-4703-98cf-53b5624a66b6,Çilek Rüyası,Turkey,"Çilekli, hafif ve lezzetli bir tatlı rüyası",Ana Yemek,"[""2 adet yumurta"", ""1 çay bardağı toz şeker (klasik çay bardağı)"", ""1 çay bardağı süt"", ""1 çay bardağı sıvı yağ"", ""3 çay bardağı un"", ""1 paket vanilya"", ""1 paket kabartma tozu""]","[""Hamuru için derin bir çırpma kabına yumurtaları kırın. üzerine şekeri ekleyin. Mikser ile 2-3 dakika iyice çırpın."", ""Daha sonra süt ve sıvı yağı ekleyin çırpmaya devam edin. Kabartma tozunu vanilyayı ve unu eleyerek koyun. Tüm malzemeleri son kez iyice çırpın."", ""27 cm'lik tart kalıbını margarin ile iyice yağlayın. Tabanını hafifçe unlayın ve hazırladığınız kek karışımını kalıba dökün."", ""Önceden ısıtılmış 170 derece fırında yaklaşık 20 dakika kadar pişirin. Kürdan ile kekin pişip pişmediğini kontrol edin."", ""Kreması için derin bir tencereye süt, yumurta sarısı, un, nişasta ve şekeri koyup iyice çırpın. koyu bir kıvam alana kadar sürekli karıştırarak pişirin."", ""Piştikten sonra içine tereyağı ve vanilyayı koyup karıştırın. Ardından soğumaya bırakın."", ""Kekinizi kalıptan çıkarın ve ters çevirin. Servis tabağına koyun."", ""Hazırladığınız kremayı kekin orta kısmına döküp spatula yardımı ile güzelce yayın. kremanın üstüne çilek dilimlerini dizin. Afiyet olsun.""]"
1f913a7d-8cbb-418c-bda9-f72441c60459,Kremalı Pancake,Turkey,Yumuşacık ve kremalı dokusuyla kahvaltıların vazgeçilmezi olacak pratik bir tarif,Ana Yemek,"[""2 adet orta boy yumurta"", ""2 yemek kaşığı toz şeker"", ""1 su bardağı sıvı krema"", ""1/2 çay bardağı tereyağı (eritilip soğutulmuş)"", ""1 paket kabartma tozu"", ""1 paket şekerli vanilin"", ""2 su bardağı un""]","[""Yumurta ve şekeri tamamen köpürene kadar çırpacağız."", ""Krema ve eritilmiş tereyağını da ekleyip, 2 dakika daha çırpma işlemine devam edeceğiz."", ""Kuru malzemeleri bir kase içinde karıştırıp elek yardımı ile sıvı karışıma ekleyeceğiz. Bundan sonra karıştırma işlemini kaşık ile yapacağız."", ""Tamamen karıştırdığımız harcı; tabanı yapışmaz bir tavada, orta ısıda, arkalı önlü pişireceğiz. Tavayı yağlamadan pişirelim. Afiyet olsun.""]"
67f1b8c0-4705-4825-ab09-81a46054c946,Karanfilli Un Helvası,Turkey,"Mis gibi karanfilli aromasıyla klasik lezzet, süt ile hazırlanan yumuşacık un helvası",Tatlı,"[""125 gram tereyağı"", ""1 su bardağı un"", ""1,5 su bardağı süt"", ""1 su bardağı toz şeker"", ""2 adet tarçınlı ve karanfilli bitki çayı""]","[""Tencereye tereyağını koyuyoruz, erimeye başlayınca unu döküyoruz ve kavurmaya başlıyoruz."", ""Diğer taraftan sütü küçük bir tencerenin içine alıp ısıtmaya başlıyoruz. Toz şekeri ekliyoruz."", ""Kaynamaya başlayınca çayları sütün içine koyup 3 dakika bekletiyoruz."", ""Kavurduğumuz un renk alınca sütü içine ilave ediyoruz. 2 dakika daha kavurup dinlenmeye alıyoruz. Afiyet olsun.""]"
33742a42-96e8-4ea1-aab1-397b013aa78d,Çarşaf Böreği,Turkey,"Mis gibi mayalı hamurdan hazırlanan, çıtır çıtır ve lezzetli çarşaf böreği",Börek & Hamur İşi,"[""6 su bardağı un"", ""1 çayılık süt"", ""1/2 paket yaş maya"", ""1 çay kaşığı şeker"", ""1 su bardağı sıvı yağ"", ""2 su bardağı su"", ""1 tatlı kaşığı tuz (azaltıp arttırılabilir)"", ""1 adet yumurta"", ""2 yemek kaşığı eritilmiş tereyağı""]","[""Şeker ve mayayı sütün içerisinde çözdürün."", ""Unu büyük bir kaseye alın ve ortasına bir havuz açın."", ""Mayalı karışımı havuza dökün, kenarlardaki unlardan alarak havuzu karıştırarak yavaş yavaş kapatın."", ""Tuzunu ekleyin ve suyu yavaş yavaş ekleyerek hamuru toparlayın."", ""Tezgaha alıp birkaç dakika yoğurduktan sonra dört bezeye bölün, bezelerin üzerine örtüp yarım saat kadar mayalanmaya bırakın."", ""Bu arada patatesleri minik küpler şeklinde kesin ve bir kaba alın. Soğanları yemeklik doğrayın, kıyma ve baharatları da ekledikten sonra harcı karıştırın."", ""Fırını 200 derecede ısıtın."", ""Mayalanan hamurları merdane yardımıyla yemek tabağı boyutunda açın ve her açtığınız hamurun altını üstünü iyice yağlayın."", ""Açtığınız her hamuru teker teker alıp elinizle çeke çeke inceltin. Bu noktada iki kişi olmak işinizi çok kolaylaştıracaktır. Hamuru alttan tutup hafif hafif çekiştirmelisiniz. Yırtıklar oluşabilir, ön"", ""Yeterince incelip büyüdüğünde, temiz bir masa örtüsü veya çarşafın üzerine yayın ve yine yağlayın."", ""İç harcı, açılmış hamurun üzerine gelişi güzel serpin"", ""Çarşafın karşılıklı iki kenarından kaldırarak, hamurun sarılmasını sağlayın."", ""Karşılıklı iki rulo oluşacak. Aynı gül böreği sararmış gibi kendi etrafına dolayın ve yağlanmış tepsiye alın."", ""Diğer hamurlara da aynı işlemi uygulayıp, tepsiye yerleştirirken bir öncekinin devamı şeklinde dolayın."", ""Hepsi bittikten sonra çırpılmış yumurta ve erimiş tereyağı karıştırıp böreğin üzerine dökün.""]"
07fc4b40-209c-4264-9f61-7b5c70d35005,Kadife Pasta,Turkey,"Yumuşacık dokusu ve zengin lezzetiyle büyüleyen, her lokmada ağızda dağılan unutulmaz bir lezzet",Tatlı,"[""100 gram tereyağı"", ""1,5 su bardağı şeker"", ""2 adet yumurta"", ""1/2 su bardağı sıvı yağ"", ""1,5 su bardağı süt"", ""1,5 yemek kaşığı limon suyu"", ""1 paket kabartma tozu"", ""1 paket vanilya"", ""1 yemek kaşığı kakao"", ""1 çay kaşığı tuz"", ""2,5 su bardağı un"", ""1/2 çay kaşığı kırmızı gıda boyası"", ""1 tatlı kaşığı sirke"", ""1 çay kaşığı karbonat""]","[""Öncelikle süt ve limon suyunu karıştıralım. 30 dakika bekletelim (süt kesilecek ekşi krema yapıyoruz. )"", ""Tereyağı ve şekeri krema kıvamına gelinceye kadar çırpalım. Yumurtalarını ekleyelim ve çırpmaya devam edelim."", ""Sıvı yağ, ekşi krema, gıda boyasını da ekleyelim ve 1 dakika çırpalım. Yavaş yavaş eklediğimiz kuru malzemeleri ekleyelim. (un, kabartma tozu, vanilya, kakao) En son karbonat ve sirkeyi ekleyelim ve ç"", ""Yağlanmış kek kalıbına dökelim önceden ısıtılmış 180 derece fırında 40-45 dakika pişirelim. Soğumaya bırakalım."", ""Kreması için; öncelikle kremayı köpük köpük oluncaya kadar çırpalım. Labneyi ekleyelim, çırpmaya devam edelim. En son krem şantiyi ekleyelim ve katı kıvam alıncaya kadar çırpalım."", ""Kremayı 30 dakika buzdolabında dinlendirelim."", ""Kekimizin kenarlarını keselim ve yuvarlayalım. ( üzeri için kırıntı yapacağız )"", ""Kekimizi 3 eşit parçaya bölelim, aralarına dinlenmiş krema eşit miktarda paylaştıralım."", ""En son kırıntı sona kalan kekleri mutfak robotundan geçirelim ve pastamızın üzerini kaplayalım. Afiyet olsun.""]"
f30823b4-a85a-4261-838a-e016cede15f2,Mürdüm Erikli Kek,Turkey,"Mürdüm eriklerinin ferahlatıcı tadıyla harmanlanmış, pratik ve lezzetli bir kek tarifi",Tatlı,"[""2 adet yumurta"", ""2 su bardağı un"", ""1 paket kabartma tozu"", ""1 paket vanilya"", ""3 adet büyük boy mürdüm eriği""]","[""Yumurtayı ve şekeri 7-8 dakika kadar mikserle çırpıyoruz."", ""Diğer malzemeleri sırasıyla karışıma ekliyoruz."", ""En son un ve kabartma tozunu eledikten sonra karışıma ekliyoruz."", ""Hepsini karıştırdıktan sonra yağlı kağıt serilmiş kalıba döküyoruz."", ""Erikleri dilim dilim doğradıktan sonra hamurun üzerine diziyoruz."", ""Kekimizi önceden ısıtılmış 150° fırında pişirip servis ediyoruz.""]"
8afe47b6-05ad-44df-971c-87107a69da6b,Kuru Erikli Zeytinyağlı Pırasa,Turkey,"Zeytinyağının lezzetiyle buluşan kuru erikli pırasa, sofralarınıza sağlık ve tat katıyor",Meze,"[""1 adet havuç"", ""1 adet soğan"", ""1 çay bardağı zeytinyağı"", ""6-7 adet kuru erik"", ""1 paket dolmalık fıstık"", ""1 adet portakal"", ""1 çay kaşığı tuz"", ""1 çay kaşığı şeker""]","[""Zeytinyağını yayvan bir tencereye alın içerisine yarım ay şeklinde doğranmış soğanları ekleyerek kavurun. Üzerine verev şekilde kesilmiş havuç ekleyerek kavurmaya devam edin."", ""Yine verev şekilde kesilmiş pırasaları ekleyin. Tuz ve şekeri ilave edin. 1 portakalın suyunu sıkarak ekleyin. Yıkadığınız kuru erikleri ve pirinci ekleyin."", ""Dilerseniz hiç su eklemeden kısık ateşte kontrollü bir şekilde(gerekirse ekleyerek) ya da pırasanın yüzeyini kaplayacak şekilde çok az su ekleyerek sebzeler güzelce yumuşayana dek pişirin."", ""Ayrı bir küçük tavada dolmalık fıstıkları renk değiştirene dek başından ayrılmadan kavurun. (Hızlıca kavruluyor , dikkat yanmasınlar!)"", ""Pişip ılınan zeytinyağlınızın üzerine güzel bir sızma zeytinyağı ve kavrulmuş fıstıkları ekleyerek servis edin.""]"
b7ace388-d501-44ff-a8c2-7a8ed16aefad,Krem Peynir Kremalı Şeftalili Kek,Turkey,Yumuşacık keki ve ferahlatıcı şeftalilerle harmanlanmış krem peynirli lezzet şöleni,Tatlı,"[""125 gram tereyağı (oda ısısında yumuşak)"", ""265 gram toz şeker (1+1/2 su bardağı)"", ""3 adet orta boy yumurta"", ""2 adet limon kabuğu rendesi"", ""40 mililitrelimon suyu (1+1/2 adet)"", ""1 su bardağı süt"", ""280 gram un (2+1/2 su bardağı)"", ""1 paket kabartma tozu"", ""1 çay kaşığı karbonat"", ""1 paket vanilin""]","[""Tüm malzemeler oda sıcaklığında olmalı. Yumuşak tereyağı mikserle kremsi olana kadar çırpılır. Toz şeker ilave edilir, çırpılır."", ""Teker teker yumurtalar eklenir, çırpılır. Limon kabuğu rendesi, limon suyu ve süt eklenerek el çırpıcısıyla karıştırılır."", ""Kuru malzemeler elenerek eklenir spatula ile karıştırılır. Kek hamuru, pişirme kağıdı serili 26 cmlik kelepçeli kalıba dökülür."", ""Önceden 180 dereceye alt üst ayarda ısıtılan fırında 40 dakika pişirilir. Kürdan batırınca kuru çıkıyorsa pişmiştir."", ""Bu sırada krema için iyice yumuşayan tereyağı çırpılır. Azar azar pudra şekeri eklenerek çırpmaya devam edilir. Taze peynir eklenir çırpılır. Limon kabuğu rendesi ve vanilin eklenip karıştırılıp buzdo"", ""Kabukları soyulup çekirdekleri çıkarılan şeftali 0.5 cm kalınlığında dilimlenir. Geniş bir tavada tereyağ eritilir. Şeftaliler eklenir."", ""Üzerine esmer şeker serpilip orta ateşte kapağı kapalı yumuşatılır. Ilınınca şeftaliler bir kaba alınır. Tavada kalan su orta ateşte çektirilerek koyulaştırılır."", ""Soğuyan kek üzerine krema yayılır. Soğuyan şeftaliler yerleştirilir. Tavadaki sos gezdirilerek servis edilir. Kalan kek buzdolabında kapağı kapalı muhafaza edilir. Afiyet olsun.""]"
bb674549-fd90-4a40-a23d-14752682bde9,Fırında Lahmacun,Turkey,"Evde kolayca yapabileceğiniz, lezzetli ve pratik fırında lahmacun tarifi",Ana Yemek,"[""1.5 su bardağı ılık su"", ""1 tatlı kaşığı şeker"", ""1 tatlı kaşığı yaş maya"", ""1 tatlı kaşığı tuz"", ""3.5 su bardağı un"", ""2 adet orta boy domates"", ""1 adet orta boy yeşil biber"", ""250 gram kıyma"", ""1 adet soğan"", ""1 çay kaşığı karabiber"", ""1 çay kaşığı kimyon"", ""1 çay kaşığı pul biber""]","[""Şeker, süt ve maya karıştırılarak 15 dakika bekletilir."", ""Karışıma azar azar un ve tuz eklenerek yoğrulur ve en az 30 dakia dinlenmeye bırakılır."", ""Bu sırada kıyma hariç tüm iç malzemesi robot ve ya rondodan geçirilir."", ""İç malzemesine kıyma da eklenerek karıştırılır ve 15 dakika kadar buz dolabında bekletilir."", ""Dinlenen hamur 7 eşit parçaya ayrılır ve her bir beze un serpiştirilerek incecik açılır."", ""İç malzemesi hamurun kenarlarında boşluk kalmayacak şekilde yayılır."", ""Önceden ısıtılmış 230 derece fırında 8 dakika pişirilir. Afiyet olsun.""]"
d2914516-d461-4b32-b090-ceb4f9045786,Żurek (Jurek) Çorbası,Turkey,"Geleneksel Polonya çorbası olan Żurek, çavdar unu ve fermente edilmiş ekmekle hazırlanan eşsiz tadıyla öne çıkar",Çorba,"[""500 ml su"", ""1 su bardağı çavdar unu"", ""2 adet defne yaprağı"", ""2-3 adet tane karabiber""]","[""Çorbanızın hazırlıklarına mayalı un karışımı ile başlayın. Orta büyüklükte bir kavanoz içerisine ölçülere dikkat ederek önceden haşlanmış ve soğutulmuş suyu ekleyin."", ""Daha sonra ise un, defne yaprağı, sarımsak ve karabiberi de ekleyip güzelce karıştırın."", ""Kavanozun üzerini ise hava geçiren bir bez ya da tülbent ile kapatın. Yaklaşık 4-5 gün mayalanmasını bekledikten sonra ise, Zurek çorbasının yapımına başlayabilirsiniz.""]"
dfcfedc8-9def-4b17-a3f4-73e633b6ccba,Zeytinyağlı Yaprak Sarma,Turkey,"Zeytinyağının ve taze malzemelerin buluştuğu, lezzetli ve geleneksel bir Türk tatlısı",Meze,"[""500 gram asma yaprağı"", ""2 adet orta boy soğan"", ""2 yemek kaşığı domates salçası"", ""1 tatlı kaşığı biber salçası"", ""1/2 çay bardağı zeytinyağı"", ""1 çay kaşığı karabiber"", ""1 çay kaşığı kırmızı toz biber"", ""1/2 çay kaşığı tarçın"", ""1 tatlı kaşığı pul biber"", ""2 tatlı kaşığı nane"", ""1 yemek kaşığı nar ekşisi"", ""1 tatlı kaşığı tuz"", ""2 su bardağı pirinç""]","[""Öncelikle tenceremize yağı koyup minik doğradığımız soğanları da ekleyerek biraz kavuruyoruz."", ""Ardından salçamızı, baharatları, nar ekşisini ve tuzu ekleyerek karıştırıp bir süre daha kavuruyoruz."", ""Daha sonra yıkayıp süzdüğümüz pirinçleri ekleyip, karıştırıp bir su bardağı kadar su ekliyoruz. 5 dakika kadar suyunu çekmesini sağlıyoruz ve sarma içimiz hazır."", ""Şimdi sarma işlemine geçebiliriz. İster ince ister kalın, tamamen zevkinize göre sarıp tencereye diziyoruz."", ""İlk olarak 2 su bardağı kadar su ekleyip limonlarını dizip pişmesi için ocağa koyuyoruz."", ""Pişirdikten sonra servis edebilirsiniz. Afiyet olsun.""]"
83847e81-6c19-4530-83b5-06785003fd4d,Tavuk Nugget,Turkey,"Ev yapımı tavuk nuggetlar, yoğurt marine ile daha lezzetli ve yumuşak dokulu",Ye,"[""4 adet tavuk göğsü"", ""1/2 su bardağı yoğurt"", ""1 çay kaşığı tuz"", ""1 çay kaşığı karabiber""]","[""Yoğurt ve baharatları bir karıştırma kabına alın ve karıştırın."", ""İçerisine nugget büyüklüğünde parçalara bölünmüş tavuk parçalarını ekleyin ve güzelce yedirin."", ""Üzerini streçleyerek oda sıcaklığında 10-15 dakika bekletin ya da vaktiniz varsa buzdolabında 1-2 saat bekletebilirsiniz."", ""Bir tencereye yeteri miktarda sıvı yağ ekleyin. Güzelce kızdırın."", ""Pankoyu genişçe bir kaba alın; dinlenmiş ve sosu iyice çekmiş tavuk parçalarını her yerini kaplayacak şekilde pankoya bulayın."", ""Yağ iyice kızdığında tavukları tencereye alın her iki tarafı da altın rengini alıncaya dek kızartın."", ""Kızartma işlemi tamamlandıktan sonra tavukları bir kağıt peçete ya da tel ızgara üzerine alıp fazla yağının süzülmesini sağlayın."", ""Üzerine ekstra tuz ve dilediğiniz baharatlardan bu aşamada sıcakken tekrar ekleyin. Afiyet olsun.""]"
71aac80f-ffc7-464c-bcc7-d6aa433ab215,Fırınlanmış Çıtır Nohut,Turkey,"Fırında çıtırlaşan nohutlar, sağlıklı ve lezzetli atıştırmalık alternatifi",Ye,"[""400 gram haşlanmış nohut"", ""2 yemek kaşığı zeytinyağı"", ""1 çay kaşığı tuz"", ""1 çay kaşığı karabiber"", ""1 çay kaşığı toz sarımsak"", ""1 çay kaşığı kimyon"", ""1 çay kaşığı zerdeçal"", ""1 çay kaşığı hardal tohumu""]","[""Fırını 200C’ye ayarlayın."", ""Nohut, zeytinyağı ve baharatları bir kapta iyice karıştırın."", ""Yağlı kağıt serili fırın tepsisine alın, ısınan fırında yaklaşık 20-25 dakika pişirin.""]"
fdbf5969-edbd-49d9-9c7e-a156e81ce882,Kerevizli Bal Kabağı Çorbası,Turkey,"Kremalı ve besleyici kerevizli bal kabağı çorbası, soğuk günlerde içinizi ısıtacak lezzetli bir başlangıç",Çorba,"[""750 gram bal kabağı"", ""1 paket Hindistan cevizi sütü"", ""1 adet kereviz"", ""1 çay kaşığı muskat cevizi rendesi"", ""1 çay kaşığı karaman kimyonu"", ""1 adet soğan"", ""3 adet acı biber"", ""1 bardak su"", ""1 çay kaşığı (silme) tuz"", ""1 tatlı kaşığı karabiber"", ""1 çay kaşığı kişniş tozu"", ""1 çay kaşığı zerdeçal"", ""1 adet besbase""]","[""Küp şeklinde doğradığınız bal kabağı, kereviz, soğan ve rende sarımsağı bir bardak su, tuz, karabiber, muskat rendesi, zerdeçal ve kişniş tozunu ekleyerek yaklaşık 20 dakika yumuşayıncaya kadar haşl"", ""El blenderı yardımıyla püre haline getirin."", ""Hindistan cevizi sütünü ekleyin ve karıştırın. Baharatlarını ilave edin. Çorbanız çok kıvamlı ise biraz sıcak su ekleyin. Tekrar ocağa alın. Besbaseyi ekleyin. Besbase yada macis bitkisi muskat ceviz"", ""İnce kıyılmış kereviz yaprağı ve dilerseniz kurutulmuş acı biberi ekleyip düşük ısıda bir taşım kaynatın. Servis yaparken üzerini maydanoz yapraklar ile süsleyin.""]"
7025e72b-ec5f-4744-9a99-cf65fe2921e4,Unsuz Şekersiz Puding,Turkey,"Sağlıklı ve lezzetli unsuz şekersiz puding tarifi. Fındık, süt ve kakao ile hazırlanan pratik bir tatlı",Ana Yemek,"[""15 adet fındık"", ""1 su bardağı süt"", ""1 yemek kaşığı kakao"", ""3 tatlı kaşığı bal"", ""1 yemek kaşığı Hindistan cevizi""]","[""İlk önce fındıkları robotta un haline gelene kadar çektiriyoruz."", ""Sonra bal hariç tüm malzemeleri orta ateşte kıvam alana kadar pişiriyoruz."", ""Piştikten sonra bal ekliyoruz."", ""Hazır olan pudingimizi kasemize döküp üstünü istediğimiz gibi süslüyoruz. Dilerseniz dolapta soğutabilir, dilerseniz de sıcak sıcak yiyebilirsiniz. Afiyet olsun.""]"
c9588f51-988a-4948-99c2-25ec10e7d7fe,Simit Kebabı,Turkey,"Simit kebabı, ince bulgur ve dana kıymasıyla hazırlanan lezzetli bir Türk mutfağı özelidir",Börek & Hamur İşi,"[""1 su bardağı ince bulgur"", ""1 su bardağı ılık su"", ""700 gram dana kıyma (tek çekim kebaplık zırh kıyması)"", ""2 çay kaşığı tuz"", ""1,5 çay kaşığı karabiber"", ""1 yemek kaşığı toz kırmızı biber"", ""1,5 tatlı kaşığı nane""]","[""Geniş bir yoğurma kasesinde bulguru ılık suyla karıştırın ve bulgurlar hafif şişene kadar bekleyin."", ""Bulgurlar şiştikten sonra spatula yardımıyla havalandırdıktan sonra kıyma, tuz, karabiber, kırmızı toz biber, nane ve rendelenmiş sarımsağı ekleyip kıymaı çok ezmeden yoğurmaya başlayın."", ""Hazırladığınız bulgurlu kıyma harcını ıslattığınız şişlere ince ve eşit olacak şekilde köfteler halinde hazırlayın ve pişirme kağıdı serili fırın tepsisine yerleştirin."", ""200 derece ısıtılmış fırında 25 dakika pişirin. Soğanlı sumak ve taze ekmekle servis edin, afiyet olsun!""]"
de66fdbb-4436-47d0-93c6-e0fb326fe682,Ispanaklı Yumurta,Turkey,"Lezzetli ve besleyici ıspanaklı yumurta, pratik bir kahvaltı veya akşam yemeği seçeneği",Sebze Yemekleri,"[""3 adet yumurta"", ""500 gram ıspanak (ayıklanmış ve temizlenmiş)"", ""1 adet orta boy soğan"", ""3 yemek kaşığı zeytinyağı"", ""1 tatlı kaşığı salça"", ""2 yemek kaşığı zeytinyağı"", ""1 çay kaşığı taze çekilmiş tane karabiber"", ""1 çay kaşığı tuz""]","[""Ispanağı yıkayın ve süzgece alarak fazla suyundan arındırın. Tavanıza yağınızı ve küp doğranmış soğanı alarak kavurun. Soğanlar pembeleşince salçayı ekleyip kavurmaya devam edin."", ""Ardından küçük parçalara ayrılmış ıspanakları ekleyerek pişirin. Suyunu çekene kadar kavurun."", ""Yumurtaları ekleyip kapağı kapalı olarak 5 dakika daha pişirin."", ""Ardından sıcak sıcak servis edin. Afiyetler olsun.""]"
b28471c8-b96a-4b2f-a7fc-8b1a5560248a,Pazılı Tuzlu Kek,Turkey,"Fırınlanan tuzlu kek, içindeki taze pazı ve lezzetli baharatlarla harika bir atıştırmalık veya kahvaltılık seçeneği",Tatlı,"[""3 adet yumurta"", ""1 çay bardağı sıvı yağ"", ""3 yemek kaşığı yoğurt"", ""1/2 çay kaşığı tuz"", ""2 su bardağı un"", ""1 paket kabartma tozu"", ""200 gram beyaz peynir (ufalanmış)"", ""1 adet kapya biber (doğranmış)"", ""5 adet kurutulmuş domates (doğranmış)"", ""3 yemek kaşığı dilim lenmiş siyah zeytin"", ""1 çay kaşığı pul biber"", ""1 adet yumurta sarısı (üzeri için)"", ""3 yemek kaşığı susam (üzeri için)""]","[""Geniş bir karıştırma kasesinde yumurtayı krema kıvamına gelene dek çırpın."", ""Sıvı yağ, yoğurt ve tuz ekleyip karıştırmaya devam edin."", ""Un ve kabartma tozunu da ekleyip kek harcını tekrar çırpın."", ""Ufalanmış olan beyaz peynirleri kek harcına ekleyin."", ""Doğranmış kapya biber, kuru domates,dilimlenmiş siyah zeytin ve pul biberi de karışıma ekleyin, güzelce hamura yedirin."", ""Son olarak temizlenmiş, doğranmış pazı yapraklarını harca ekleyin ve karıştırın."", ""Karışımı 24-26 cm çapında yağlanmış kelepçeli kalıba aktarın ve üzerini düzeltin."", ""Üzerine yumurta sarısı ve susam serpiştirip üzeri kızarana kadar 185 derece fırında 45-50 dakika pişirin."", ""Oda sıcaklığına gelen tuzlu kekinizi dilimleyerek sevdiklerinizle afiyetle tüketin.""]"
d4572f2c-0403-4c2a-8fd9-44ab57a489a0,İki Malzemeli Sufle,Turkey,"Sadece iki malzemeyle hazırlanan bu pratik sufle, çikolata tutkunları için mükemmel bir tatlı seçeneği",Ana Yemek,"[""4 yemek kaşığı çikolata kreması"", ""2 adet yumurta"", ""1 tatlı kaşığı tereyağı"", ""1 yemek kaşığı kakao""]","[""Sufle kaplarını yağlayalım ve isteğe bağlı içersine kakao dökelim."", ""Yumurtanın sarısını ve beyazını ayıralım, beyazını kar gibi olana kadar çırpalım."", ""Yumurta sarısını çırpalım, 4 yemek kaşığı çikolata kremasını ilave edip karıştırmaya devam edelim."", ""Kar gibi oluncaya kadar çırptığımız yumurta beyazını yumurtalı çikolata kremalı karışıma yavaş yavaş, köpük halini söndürmeden ilave edelim ve karıştıralım."", ""Sufle harcımızı yağladığımız ve kakao döktüğümüz kaplara üstünde 2 parmak boşluk kalacak şekilde paylaştıralım."", ""Önceden ısıttığımız 200 derecelik fırında 10-15 dakika pişirelim. Sufleleri sevdiklerimizle paylaşalım. Afiyet olsun!""]"
22119365-ad78-4fac-ab0d-b5ffb4686ce3,Cevizli Revani,Turkey,"Cevizli Revani, cevizin lezzetiyle birleşen yumuşacık ve şerbetli bir tatlıdır",Tatlı,"[""4 adet yumurta"", ""1 su bardağı şeker"", ""1 su bardağı yoğurt"", ""1 su bardağı sıvı yağ"", ""1 su bardağı irmik"", ""1 su bardağı un"", ""1 çay kaşığı karbonat"", ""1 paket vanilya"", ""1 adet portakal kabuğu rendesi""]","[""Önce şerbeti kaynatın ve koyulaşana kadar orta ateşte kaynatmaya devam edin. Koyulaşınca ocaktan alın ve şerbeti soğutun."", ""Fırını 180 derece alt üst ayarda açıp ısıtın. Yumurta ve şekeri güzelce çırpın."", ""Sonra sıvı yağ ve yoğurdu döküp mikserle birkaç saniye çırpıp mikseri kaldırın. Unu, irmiği, kabartma tozunu, vanilyayı ve karbonatı eleyerek ekleyin, sonra ceviz ve portakal rendesin, ekleyip bir kaş"", ""Yağlanmış kek kalıbına dökün ve tezgaha üç kere vurun, hava kabarcıkları olmasın."", ""Fırında içi güzel pişene kadar pişirin, fırından almadan kürdan testi yapın. Fırından çıkan kekin ilk sıcaklığı çıkınca soğuk şerbeti dökün, şerbeti çekince tatlınızı kalıbından ters çevirerek çıkartı"", ""İster kremayı çırparak hazırlayıp üzerine katman olarak dökerek ister sade servis edebilirsiniz. Afiyet olsun.""]"
808a35ed-3511-479b-b29b-274413cf82cd,Domates Ezmesi,Turkey,Ev yapımı domates ezmesi ile yemeklerinize zengin bir lezzet katın,Sebze Yemekleri,"[""4 adet domates"", ""1 adet soğan"", ""2 adet kapya biber"", ""3 adet yeşil biber"", ""1 yemek kaşığı domates salçası"", ""1 yemek kaşığı biber salçası"", ""2 tatlı kaşığı kuru nane"", ""2 tatlı kaşığı sumak"", ""1 tatlı kaşığı tuz"", ""1 tatlı kaşığı karabiber"", ""1 tatlı kaşığı isot (arzuya göre)"", ""4 yemek kaşığı zeytinyağı"", ""2 yemek kaşığı nar ekşisi (arzuya göre)""]","[""Domates, yeşil biber, kırmızı kapya biber, soğan ve sarımsakları iri iri doğrayın ve rondoda çekin."", ""Püre haline gelen sebzeleri süzgeçten 10 dakika süzün."", ""Sebzeleri derin bir kaba alın ve üzerine biber ve domates salçasını ekleyin."", ""Tuz, karabiber, nane, isot, sumak, nar ekşisi, zeytinyağını da ekleyin ve karıştırın."", ""Son olarak kıyılmış maydanozu da ekleyin."", ""Domates ezmesini bir servis tabağına alın. Afiyet olsun!""]"
5d836f8f-6998-4a20-bc3d-fd200f0bd818,Pirinç Çorbası,Turkey,"Lezzetli ve doyurucu pirinç çorbası, hem pratik hem de çok sevilen bir başlangıç",Çorba,"[""3 yemek kaşığı zeytinyağı"", ""1 yemek kaşığı tereyağı"", ""4 adet orta boy domates (ya da 4 su bardağı domates konservesi)"", ""2 yemek kaşığı domates salçası (biber de kullanabilirsiniz)"", ""1 çay bardağı pirinç"", ""1,5 litre sıcak tavuk suyu (normal su da olur)"", ""1 çay kaşığı tuz"", ""1/2 çay kaşığı taze çekilmiş tane karabiber""]","[""Tencereye önce yağı, ardından sarımsakları ekleyin ve hafif kokusu çıkana kadar kavurun. Salçayı da ekledikten sonra kavurmaya devam edin."", ""Domatesleri de ekleyin ve kavurmaya devam edin."", ""Tavuk suyunu da dahil edin. Pirinçleri, tuz ve karabiberi bu aşamada ekleyin, fokurdayana ve pirinçler pişene kadar kadar kaynatın."", ""Dereotu ve pul biber ile sunabilirsiniz. Afiyet olsun!""]"
af016a7c-7aad-4b12-8a74-469e4ed05cc2,Kremalı Gelin Pastası,Turkey,"Yumuşacık ve lezzetli kremalı gelin pastası, misafirlerinizin favorisi olacak",Tatlı,"[""4 adet yumurta"", ""1 su bardağı (2 parmak eksik) şeker"", ""1 su bardağı un"", ""1 paket kabartma tozu"", ""1 paket vanilya""]","[""Şeker ve yumurtalar köpük olana dek çırpılır. Ardından un, kabartma tozu ve vanilin elenerek eklenir. Büyük dikdörtgen borcama yağlı kağıt serilmiş ve yayarak borcama yerleştirilir. Önceden ısınmış 19"", ""Kreması için şeker, un, süt, nişasta tencereye alınıp kaynatılır. Koyulaşınca altı kapatılıp diğer malzemeler eklenir ve iyice çırpılır."", ""Daha sonra kek fırından çıkarılır, ilk sıcağı gidince kürdan ile delikler açılıp iki bardak süt dökülür. Daha sonra krema da ılıyınca nazikçe üstüne döşenir. Üzerine bolca Hindistan cevizi serpilip en""]"
4f99b585-8edb-4920-98d6-c780b66c5ac4,Tarte Tatin,Turkey,"Ters pişirilen klasik Fransız elmalı tarta, karamelize elmalarla harika bir lezzet sunar",Ana Yemek,"[""3 çay bardağı un"", ""1 çay bardağı toz şeker"", ""125 gram yumuşamış tereyağı"", ""1 çay kaşığı kabartma tozu"", ""1 paket vanilin"", ""1/2 su bardağı su (kontrollü ekleyin)"", ""4 adet elma""]","[""Hamur için tereyağ ve toz şekeri derin bir kaba alıp karıştırın."", ""Üzerine kabartma tozu, vanilya ve unu ekleyip yoğurun. Yavaş yavaş suyu ekleyip kıvamını ayarlayın. Ele yapışmayan bir hamur yoğurun. Hamuru streçleyip buzdolabında 30 dakika dinlendirin. Elmaları soy"", ""Karamel için tereyağını eritin üzerine şekeri ekleyip eriyene kadar kısık ateşte karıştırın."", ""Karameli kalıba dökün."", ""Üzerine elmaları dizin."", ""Tart hamurunu merdane yardımıyla açın. Elmaların üzerine yerleştirin. Çatal yardımıyla delikler açın. Önceden ısıtılmış 180 derecelik fırında 40 dakika pişirin."", ""Tarte tatin tarifiniz hazır. Afiyet olsun.""]"
593ba3e0-9a3b-4872-8304-cfe1ba7d4f53,Tencerede Ekmek,Turkey,"Tencerede kolayca hazırlayabileceğiniz, pratik ve lezzetli bir ekmek tarifi",Börek & Hamur İşi,"[""4 su bardağı un"", ""1/2 paket maya"", ""1 tatlı kaşığı tuz"", ""1,5 su bardağı ılık su""]","[""Tüm malzemeleri karıştırıp hamuru hazırlayalım. Hamuru yoğurup 1 saat mayalandıralım."", ""Mayalanan hamuru tezgahta birkaç dakika elimizle açıp ekmek şeklini verelim ve tencereye un serpip hamuru koyalım."", ""Tencerede yarım saat kadar daha bekletip tekrar mayalandıralım."", ""200 derece ısıda tencerenin kapağını kapatıp 20 dakika kapağı açıp 200 derece ısıda yaklaşık 30 dakika iyice kızarana kadar pişirelim. Afiyet olsun.""]"
74fda3b5-eb66-49d0-be6e-3c7e412bed71,Şekersiz Muzlu Toplar,Turkey,"Sağlıklı ve pratik, şeker ilavesiz lezzetli atıştırmalıklar",Ana Yemek,"[""3 yemek kaşığı irmik"", ""1 çay bardağı süt"", ""1 adet olgun muz"", ""1 tatlı kaşığı bal""]","[""Süt ve irmiği orta ateşte lapa olana kadar pişirip, keten tohumu unu, çatalla ezdiğimiz muz ve balı ekleyip hamur haline getirelim."", ""Hamurdan ceviz büyüklüğünde toplar yapıp ortalarına fındık koyalım."", ""Ardından toplarımızı keyfimize göre haşhaş, ceviz, fıstık veya kakaoya bulayalım."", ""Süslediğimiz toplarımızı buzdolabında ortalama yarım saat beklettiktten sonra servis yapalım.""]"
d27392fc-d59d-4762-8b74-49cc97536a30,Dalgona Kahvesi,Turkey,"Hızlı ve gösterişli bir kahve deneyimi için Dalgona Kahvesi, köpüklü yapısıyla göz dolduruyor",İçecek,"[""2 silme yemek kaşığı gr anül kahve"", ""2 silme yemek kaşığı toz şeker"", ""2 silme yemek kaşığı sıcak su""]","[""İki kaşık granül kahveyi kasemize alalım."", ""İki kaşık şekerimizi kahvemizin yanına ekleyelim."", ""Kahve ve şekerin yanına iki kaşık sıcak suyumuzu dökelim."", ""On beş- yirmi dakika karıştıralım."", ""Bir bardağa süt ve buz ekleyelim. Hazırladığımız krema kıvamında karışımı bardağımıza ekleyelim. Kahveniz hazır bile.""]"
ec540c01-42a8-4155-8a73-520147e35632,Kahveli Granola Çıtırları,Turkey,"Kahve aromalı, çıtır bir atıştırmalık için pratik ve lezzetli bir tarif",İçecek,"[""6 yemek kaşığı gr anola"", ""2 tatlı kaşığı Hindistan cevizi yağı"", ""1 çay kaşığı kahve"", ""4 tatlı kaşığı bal"", ""1 çay kaşığı vanilya"", ""1 paket bitter çikolata (kaplama için)""]","[""Bitter çikolata hariç tüm malzemeleri karıştırıp, ceviz büyüklüğünde toplar yapalım."", ""Yağlı kağıt serilmiş bir tabağa koyup 30 dakika buzlukta bekletelim."", ""Bitter çikolatayı benmari usulü eritip tüm topları kaplayarak aynı şekilde tabağa koyup buzdolabında 1 saat bekletelim ve servis edelim. Afiyet olsun.""]"
293cc9a3-7667-46dc-813a-1a6be0f8b00e,Sebze Yemekleri,Turkey,"Sebzelerin tazeliğini ve lezzetini bir araya getiren, pratik ve doyurucu bir tarif",Sebze Yemekleri,"[""Soğuk Çay""]","[""Zeytinyağlıların en sevileni yaprak sarmayı hazırlamak üzere mutfaktan bekleniyorsunuz! Tam kıvamında iç harcı, lezzeti yerinde asma yapraklarıyla buluşuyor, ölçüleri şaşmayan bu tarifle yaprak sarmalar kalem gibi incecik sarılabiliyor. Buyursunlar: Zeytinyağlı Yaprak Sarma"", ""Ev yemeklerinin en sevileni karnıyarık, en lezzetli haliyle karşınızda! \""Bugün ne pişirsem?\"" diye düşündüğünüz anlarda aklınıza hemen bu tarif gelsin. Çünkü o, fazla yağ çekmiyor, tam kıvamında pişiyor ve asla dağılmıyor. Aranan o nefis tarif bulundu: Karnıyarık"", ""İçinde bolca soğan ve zeytinyağı kullanılan, hem doyurucu hem de hafif yemek tarifleri arayanlar için en ideal seçenek olan taze fasulye yemeğini hazırlamak üzere mutfaktan bekleniyorsunuz. Taze fasulyelerin kılçıkları ayıklansın, hemen başlayalım: Taze Fasulye"", ""Pratik yemek tarifleri arayanlar için tam bir kurtarıcı olacak, az malzemeyle kısa sürede kolayca yapılacak bir tarif hazırlayalım hadi! Bol proteinli mantarlar başrolde olsun, mantarları kararmadan pişirmenin püf noktaları da bizden gelsin. Buyursunlar: Mantar Sote"", ""Mutfağımızın en sevilen yemeklerinden patlıcan musakka, tıpkı annenizin hazırladığı kadar lezzetli bir haliyle burada sizi bekliyor. Yanına gelen pilav ve cacıkla nefis bir akşam yemeği menüsüne dönüşüyor. \""Hangi yemeği hazırlasam?\"" diye düşünenler hemen buraya: Patlıcan Musakka""]"
b277f86a-e855-42ca-ad8d-3cb839b9a06b,Tam Kıvamında Profiterol,Turkey,Kıvamında hamuru ve krema dolgusuyla favori tatlılardan profiterol,Ana Yemek,"[""2 yemek kaşığı (silme) tereyağı"", ""1 su bardağı su"", ""1 su bardağı un"", ""3 adet yumurta""]","[""Katı yağı ve suyu tencereye alalım, yağ eriyince unu ekleyerek karıştıralım. Katılaşmaya başlayacak. Kaşıkla sürekli hamuru karıştıralım ki topaklanmasın. 3 dakika pişirdikten sonra soğumaya alalım."", ""Soğuduktan sonra yumurtaları tek tek içine kıralım ve yumurtaları iyice yedirelim. Hamuru sıkma torbasına alalım."", ""Daha sonra hazırladığımız hamuru yağlı kağıt serdiğimiz tepsiye sıkalım. (İstediğiniz büyüklükte kaşık yardımıyla da koyabilirsiniz.)"", ""180 derece fırında pişirmeye bırakalım. Tatlı fırında kabarırken asla fırının kapağını açmayalım. Aksi takdirde istediğimiz lezzete ulaşamayız."", ""20-25 dakika kontrollü bir şekilde pişirelim. Bu arada kremasını tüm malzemeleri ekleyerek pişirelim."", ""Pişirdiğimiz topları bıçakla keselim ve hazırladığımız kremayı içine dolduralım. Servis edeceğimiz kaba alalım."", ""Çikolata sosu için bütün malzemeleri tencereye alıp karıştırarak pişirelim. Soğurken ara ara karıştıralım ki kabuk tutmasın. Servis tabağına aldığımız profiterollerin üzerine çikolata sosu döküp servi""]"
dff9f715-9bb1-4e98-b9c1-ac133d9ec9e1,Esmer Bulgurlu İç Pilav,Turkey,"Sağlıklı ve doyurucu, esmer bulgurun lezzetini ön plana çıkaran pratik bir iç pilav tarifi",Pilav & Makarna,"[""2 su bardağı esmer bulgur"", ""3,5 su bardağı sıcak su"", ""1 tatlı kaşığı tereyağı"", ""3 yemek kaşığı zeytinyağı"", ""1 adet küçük boy soğan"", ""1 yemek kaşığı dolmalık fıstık"", ""2 yemek kaşığı kuş üzümü"", ""1 çay kaşığı tuz"", ""1 çay kaşığı karabiber"", ""1 çay kaşığı tarçın"", ""1 çay kaşığı nane"", ""1/2 çay kaşığı yenibahar""]","[""Esmer bulgurları sıcak su ile iyice yıkayıp süzülmeye bırakalım."", ""Soğanları ve sarımsağı küçük küçük doğrayalım."", ""Tereyağını pilav tenceresinde eritelim ve 3 yemek kaşığı zeytinyağını içerisine ekleyelim."", ""Kızaran yağa soğanları ve sarımsakları ekleyip kavuralım. Renk almaya başlayınca dolmalık fıstıkları ilave edelim."", ""Fıstıklar kavrulunca içerisine tuz ve esmer bulguru ekleyip bir iki dakika kavuralım."", ""Sırasıyla karabiber, yenibahar, tarçın ve naneyi ekleyip kavurmaya devam edelim."", ""Sıcak suyu eklemeden hemen önce kuş üzümlerini koyup karıştıralım ve ardından sıcak suyu ekleyip tencerenin kapağını kapatalım."", ""Pilavı 4-5 dakika kadar orta ateşte daha sonra kısık ateşte suyunu çekene kadar pişirelim."", ""Üzerini bir bezle örterek pilavı demlenmeye bırakalım."", ""Dinlenen pilavımız servise hazır.""]"
f6176df5-5f11-4906-b6bc-a86778eb054a,Elma Sirkeli Sumaklı Soğan Turşusu,Turkey,"Elma sirkesi ve sumakla harmanlanan bu pratik soğan turşusu, yemeklerinize ferahlatıcı bir dokunuş katıyor",Ana Yemek,"[""3 adet kırmızı soğan"", ""1 yemek kaşığı sumak"", ""1,5 su bardağı elma sirkesi"", ""1 çay kaşığı kimyon tohumu"", ""1 çay kaşığı tane karabiber"", ""3 tatlı kaşığı kaya tuzu (iyotsuz)""]","[""Kırmızı soğanları yarım halka kesin."", ""Steril edilmiş bir kavanozun tabanına tuz, tane karabiber ve kimyon tohumu serpiştirin."", ""Soğanın yarısını koyduktan sonra sumağı da ekleyerek aynı işlemi uygulayarak kavanozu doldurun."", ""Üzerini geçecek kadar elma sirkesi ekledikten sonra kapağını kapatın ve buzdolabında en az 8 saat bekletin."", ""Bekledikçe lezzeti daha güzelleştiği için 5 gün bekletmenizi tavsiye ederiz. Afiyet olsun!""]"
4a75733b-af3f-425e-b7ca-facef10a8df9,Krepella,Turkey,"Pratik ve lezzetli Krepella tarifi, kahvaltıların ve tatlı saatlerin vazgeçilmezi",Ana Yemek,"[""2 adet yumurta"", ""1 çay bardağı şeker"", ""1 bardak süt"", ""6 yemek kaşığı un"", ""1 paket vanilya"", ""2-3 yemek kaşığı çikolata kreması""]","[""İlk olarak krebi yapıyoruz ve çok ince olacak şekilde pişiriyoruz."", ""Teflon tavada her pişen krebi mutlaka bir tabağa alıp, üzerini bir havlu ile örtüyoruz. Pişirmeyi bitirdikten sonra yumuşak kalması lazım."", ""Sonra tüm krepleri üst üste alıp, bir tahta üzerinde 1 cm kalınlığında şerit halinde kesiyoruz."", ""Kestikten sonra porsiyonlara ayırıp, her krep üzerine kahvaltılık çikolatayı benmari şeklinde eritip döküyoruz."", ""Üzerini dilediğiniz meyveler ile süsleyip servis edebilirsiniz. Afiyet olsun.""]"
45b69abe-a751-4ba2-87b2-a0b998cf0c6b,Lokmalık Tuzlu Kurabiye,Turkey,"Tereyağı ve yoğurtla hazırlanan, çay saatlerinin vazgeçilmezi lezzetli ve pratik tuzlu kurabiye",Tatlı,"[""125 gram tereyağı (8,5 yemek kaşığı)"", ""1 çay bardağı sıvı yağ"", ""2 yemek kaşığı yoğurt"", ""1 yemek kaşığı elma sirkesi"", ""1 yemek kaşığı toz şeker"", ""1 tatlı kaşığı tuz"", ""1 paket kabartma tozu"", ""3 su bardağı un""]","[""Un hariç tüm malzemeyi karıştırma kabına alalım."", ""Elimizde güzelce yoğuralım."", ""En son yaklaşık 3 su bardağı kadar unu kontrollü bir şekilde ekleyelim."", ""Ele yapışmayan yumuşak bir hamur elde edelim."", ""Fındık büyüklüğünde bezeler koparıp yuvarlayalım. Yağlı kağıt serili tepsiye dizelim."", ""Üzerine yumurta sarısı sürüp susam ve çörek otu dökelim."", ""180 derece fırında yaklaşık 20 dakika pişirelim. Afiyet olsun.""]"
6f7fa267-dfa3-4e47-b203-238824d19cfb,Sağlıklı Brownie,Turkey,"Muzun doğal tatlılığıyla lezzetlenen, sağlıklı ve pratik bir brownie tarifi",Ana Yemek,"[""3 adet küçük boy olgun muz"", ""1/2 su bardağı badem unu"", ""1/3 su bardağı kakao"", ""1/2 su bardağı Hindistan cevizi yağı"", ""1/2 su bardağı bitter çikolata""]","[""Muzları ez, üstüne badem unu, kakao, Hindistan cevizi yağı ve ufak parçalara ayrılmış bitter çikolata ekleyin. İyice karıştırın."", ""Fırın kağıdı koyduğunuz bir kaba düzleştirerek dökün ve 175 derecede önceden ısıtılmış fırında 30-35 dakika pişirin. Afiyet olsun.""]"
32511f23-84a0-43a5-8e63-8759fbf58fc7,Bitter Çikolata Soslu Fit Kek,Turkey,"Sağlıklı malzemelerle hazırlanan, bitter çikolata soslu lezzetli ve fit bir kek tarifi",Tatlı,"[""2 adet yumurta"", ""120 gram hurma (12 adet)"", ""2 yemek kaşığı zeytinyağı"", ""150 ml süt (1 büyük çay bardağı)"", ""1 yemek kaşığı kakao"", ""1 paket vanilin"", ""1 paket kabartma tozu"", ""1,5 su bardağı un""]","[""Hurmaların çekirdeklerini ve iyice yumuşayana kadar sıcak suda bekletin. Robotta püre haline getirin."", ""Kek için yazan malzemeleri sırayla ekleyip karıştırın. 180 derecede önceden ısıttığınız fırında pişirin (bu kalıpta 35 dakikada pişti.) Kek piştikten sonra soğusun ve sosu öyle hazırlayın."", ""Sütü kaynatın ve ocaktan alın. Kırdığınız bitter çikolatayı hemen içine ekleyip iyice karıştırarak eritin. Sos puding kıvamında olacak."", ""Soğuyan keke sıcak sosu dökün. Fındık kırıklarıyla süsleyin. Görseldeki şekilde 22 küçük dilim çıktı, 1 dilimi sadece 78 kalori. Afiyetler olsun!""]"
d8913556-228b-495b-86be-d0b3fa84dd62,Kolay Supangle,Turkey,"Çikolatalı ve lezzetli supangle tarifimiz, pratik yapılışıyla tatlı krizlerinizi anında bastıracak",Ana Yemek,"[""1 litre süt"", ""3 yemek kaşığı kakao"", ""3 yemek kaşığı un"", ""5,5 yemek kaşığı toz şeker"", ""2,5 yemek kaşığı tereyağı"", ""2 adet yumurta sarısı"", ""1 adet vanilin"", ""100 gram bitter çikolata"", ""1/2 su bardağı buzlu su""]","[""Süt, şeker, kakao, yumurta sarısı, un ve vanilinin hepsini önce birleşene kadar tencerede karıştırıyoruz."", ""Birbiriyle özdeşleşen malzemeleri ocağa koyup muhallebi kıvamına gelene kadar sürekli olarak karıştırıyoruz."", ""Kıvama gelen supangleyi ocaktan alıyoruz, bu esnada içine çikolata ve tereyağını alıp karıştırıyoruz. Mikser yardımıyla ılınıncaya kadar çırpmaya devam ediyoruz."", ""En son buzlu suyumuzu döküp 3-4 dakika çırpıyoruz. İstediğiniz kaselere bardaklara döküp bir 4-5 saat buzdolabında kendine gelmesini bekleyelim. Afiyet olsun.""]"
ed4202b1-9f84-4640-8410-6a32798b5324,Muz Kremalı Pasta,Turkey,"Muzun tatlılığını ve kremin yumuşaklığını bir araya getiren bu pratik pasta, misafirleriniz için harika bir seçenek",Tatlı,"[""2 adet yumurta (kalıp büyükse 3 yumurta)"", ""1 su bardağı şeker"", ""2,5 yemek kaşığı kakao"", ""2 su bardağı un"", ""1 su bardağı süt"", ""1 su bardağı sıvı yağ"", ""1 paket vanilya"", ""1 paket kabartma tozu""]","[""Yumurta ve şekeri köpük olana kadar çırpıyoruz. Süt ve sıvı yağı ekleyip diğer katı malzemeleri de eleyerek hamuru kabımıza döküyoruz."", ""Önceden 180 derece de ısıttığımız fırında 30 dakika pişiriyoruz. Fırından çıkan kekin ilk sıcağı geçince 1 su bardağı sütle ıslatıyoruz."", ""Krema için pudingi tarifteki sütten az yani 2,5 su bardağı süt ile pişiriyoruz. (Muhallebi gibi olması için.)"", ""Ocaktan alınca içine margarin muz ve Hindistan cevizi ekleyip blenderdan geçiriyoruz."", ""Son olarak çikolata sosumuz için çikolata ve margarin hariç tüm malzemeleri tenceremize alıp pişiriyoruz."", ""Ocaktan alıp içine çikolata ve margarini ekliyoruz. Soğuyan kremayı kekin üzerine döküp yarım saat dolapta bekletiyoruz."", ""Daha sonra çikolata sosunu da dökerek en az 4 saat buzdolabında dinlenmeye bırakıyoruz. Afiyet olsun.""]"
cff8d989-8b64-4b5a-a054-a0c9f6eebfd9,Böğürtlenli ve Limonlu Kek,Turkey,"Böğürtlenlerin ferahlatıcı tadıyla limonun tazeliğini birleştiren, pratik ve lezzetli bir kek tarifi",Tatlı,"[""1 su bardağı toz şeker"", ""3 adet yumurta"", ""1 su bardağı süt"", ""1 su bardağı sıvı yağ"", ""1 paket kabartma tozu"", ""1 paket vanilin"", ""2 su bardağı elenmiş un"", ""1 adet limon kabuğu rendesi (ve suyu)"", ""1 çay bardağı damla çikolata""]","[""Derin bir kaba yumurta ve şekeri alalım."", ""Köpük köpük olana kadar çırpalım."", ""Karışımın üzerine 2 su bardağı elenmiş un, kabartma tozu ve vanilini ekleyelim. Kalan malzemeleri de ekleyelim."", ""Yağlanmış kek kalıbına karışımı dökelim."", ""Üzerine böğürtlenleri ekleyip 180° ayarlanmış fırında üzeri kızarana kadar pişirelim. Afiyet olsun.""]"
847ac779-6655-463b-8f7a-28d42ade50ea,Limon Soslu Kurabiye,Turkey,"Taze limonun ferahlatıcı tadıyla harmanlanmış, lezzetli ve pratik bir kurabiye tarifi",Tatlı,"[""125 gram tereyağı"", ""1 adet yumurta"", ""1/2 su bardağı nişasta"", ""1/2 su bardağı pudra şekeri"", ""3 su bardağı un (kontrollü ekleyin)"", ""1 adet limonun kabuğu"", ""3 yemek kaşığı limon suyu"", ""2 yemek kaşığı haşhaş"", ""1 paket vanilya"", ""1 çay kaşığı kabartma tozu""]","[""Tüm malzemeleri karıştırma kabına alıp yoğuralım. Un miktarı yumurtanın büyüklüğüne ve unun kalitesine göre değişebilir, o sebepten unu kontrollü ekleyelim. Oklava ile hamuru tezgahta açıp istediğimiz"", ""Tepsiye dizip 170 derece fansız ayarda üzeri kızarmadan 15 dakika civarı pişirelim. Fırından çıkan kurabiyeleri soğumaya bırakalım."", ""Bir kaseye 5 kaşık pudra şekeri koyalım. Yavaş yavaş limon suyu ekleyelim. Akışkan ve pürüzsüz bir kıvam alana kadar karıştıralım. Küçük bir sıkma torbasına alıp ucunu çok küçük keselim. Soğuyan kurab""]"
66fe6096-316c-49aa-a883-37e022074bed,Kızarmış Fırın Sütlaç,Turkey,"Fırında kızaran şerbetli pirinç tatlısı sütlaç, hem çocukların hem de büyüklerin bayılacağı lezzette",Tatlı,"[""5 su bardağı süt"", ""3/4 su bardağı toz şeker"", ""1 çay bardağı pirinç"", ""2 su bardağı su (pirinci haşlamak için)"", ""1 adet yumurta sarısı"", ""2 yemek kaşığı buğday nişastası"", ""1 paket vanilin"", ""1 su bardağı su (nişastayı açmak için)"", ""1/2 paket krema""]","[""Soğuk süt ve toz şekeri geniş bir tencereye alın. Bir çırpma teliyle toz şeker eriyene kadar karıştırdıktan sonra ocağa alın. Kısık ateşte kaynamaya bırakın."", ""Bol suda yıkadığınız pirinçleri; ayrı bir tencerede, 2 su bardağı suyu ekleyerek orta ateşte suyunu çekene kadar haşlayın. Vanilini, toz şeker eriğinde süte ekleyin."", ""Vanilini toz şeker eriğinde süte ekleyin. 1-2 dakika kadar kaynayan şekerli süte haşlanmış pirinçleri ilave edin."", ""Yumurta sarısını, buğday nişastası ve 1 bardak su ilavesiyle ayrı bir kabın içerisine alıp pürüzsüz hale gelinceye kadar karıştırın."", ""Yumurta sarısının kesilmemesi için; kısık ateşte kaynamakta olan süt karışımından alıp nişastalı karışımı ılıştırın."", ""Hazırladığınız yumurta sarılı karışımı sütlaç tenceresine azar azar katıp hızlıca karıştırın. Kremayı ekleyin."", ""Kıvam alan sütlacı, ısıya dayanıklı porsiyonluk güveç kaplarına eşit ölçüde boşaltın."", ""Sütlaç kaselerini, derin bir fırın tepsisine aralıklı olarak dizin. Kapların yarısına gelecek kadar soğuk suyu, sütlaçlara değdirmeden tepsiye alın."", ""Fırına verdiğiniz sütlaçları, önceden ısıtılmış 200 derece fırında sadece üst ayarda üzeri kızarıncaya kadar pişirin. Afiyet olsun.""]"
5e736a41-3a70-4038-b0c0-e74008ac3525,Börülce Yemeği,Turkey,"Sıcacık börülce yemeği, doyurucu ve lezzetli bir sofranın vazgeçilmezidir",Ana Yemek,"[""1 su bardağı börülce fasulye"", ""1 adet kuru soğan"", ""2 adet yeşil biber"", ""1 adet havuç"", ""4 yemek kaşığı zeytinyağı"", ""1 yemek kaşığı domates salçası"", ""5 su bardağı sıcak su"", ""1 çay kaşığı tuz"", ""1 çay kaşığı toz kırmızı biber"", ""1 çay kaşığı karabiber""]","[""Börülce yemeği için bir gece öncesinden suda beklettiğiniz börülceleri süzün ve bir tencereye alıp üstlerini geçecek kadar su doldurun. Tencerenin kapağını kapatın ve börülceler yumuşayana dek, kaynam"", ""Başka bir tencereye yağı alın ve yağ kızdıktan sonra ince ince doğardığınız soğanları tencereye alıp, pembeleşene dek kavurun. Ardından doğradığınız biberleri ve havucu da ilave edip güzelce kavurun."", ""Salçasını da ekleyip 3-4 dakika daha kavurduktan sonra suyunu ilave edin ve pişmiş olan börülcelerin suyunu süzdükten sonra onları da tencereye ekleyin."", ""Baharatlarını da ilave edin, güzelce karıştırın ve tencerenin kapağını kapatıp, yaklaşık 20 dakika kadar pişmeye bırakın."", ""Börülce yemeği hazır. Sıcak ya da ılık olarak servis edebilirsiniz.""]"
bd9b1d70-5502-4a5a-8237-3ec491710a88,Ispanaklı Borcam Pastası,Turkey,"Ispanaklı borcam pastası, pratik ve lezzetli bir atıştırmalık alternatifidir",Tatlı,"[""3 adet yumurta"", ""1 su bardağı şeker"", ""1 su bardağı süt"", ""1,5 çay bardağı sıvı yağ"", ""2-3 su bardağı un"", ""2 paket kabartma tozu"", ""2 paket vanilin"", ""4 paket krem şanti"", ""1 su bardağı süt (krem şanti için)""]","[""Önce ıspanakları güzelce yıkayıp haşlayalım."", ""Yumurta ve şekeri çırpalım. Daha sonra süt ve yağı ekleyelim. En son un, kabartma tozu ve vanilini ekleyelim."", ""Haşlanan ıspanakları rondodan geçirelim. Daha sonra yaptığımız kek hamurunu da ekleyip geçirelim."", ""Yağladığımız borcama karışımı döküp fırına atalım. Üstü iyice kızarana kadar fırında pişirelim."", ""Pişen keki ters çevirip ikiye keselim. Hazırladığımız krem şantiyi önce içine daha sonra da üstüne yaydıralım."", ""2-3 saat dolapta bekletelim. İstediğiniz süslemeyle servis edebilirsiniz. Afiyet olsun.""]"
e551cb29-b0cf-40ae-8708-51ef736872b7,Rafine Şekersiz Mini Biscotti,Turkey,"Sağlıklı ve pratik, rafine şekersiz mini biscotti tarifi",Ana Yemek,"[""1,5 su bardağı tam buğday unu"", ""1/2 çay bardağı Hindistan cevizi yağı"", ""4 yemek kaşığı elma suyu konsantresi"", ""4 yemek kaşığı çiğ badem"", ""4 yemek kaşığı kuru üzüm"", ""1/2 çay bardağı su""]","[""Bademler ve üzümler minik parçalara bölünür."", ""Kabın içerisine tüm malzemeler eklenir ve yoğurulur."", ""Hamur dört beş parçaya ayırıp her bir parçaya silindir şekli verilip minik minik kesilir."", ""Yağlı kağıt serili tepsiye dizilir, yaklaşık 40 adet çıkıyor."", ""Önceden ısıtılmış 170 derece fırında yaklaşık 20 dakika pişirilir."", ""Fırından çıktıktan sonra soğumaya bırakılır.""]"
57a8ce8a-cf70-48de-9503-d5f8977d2463,Ev Yapımı Yoğurt,Turkey,Ev yapımı yoğurt ile sağlıklı ve lezzetli bir başlangıç,Ana Yemek,"[""1 litre süt"", ""1 yemek kaşığı yoğurt"", ""Etimek Tatlısı Tarifi"", ""Damla Çikolatalı Kurabiye"", ""Tatlı Tarifleri Spoonful Mozaik Pasta Çikolatalı Sufle İrmik Helvası Fırın Sütlaç Profiterol Revani Magnolia"", ""Kahvaltılık Tarifler Pancake Krep Pişi Kuymak Kaygana Kahvaltılık Sos Menemen Muhlama Yumurtalı Ekmek Omlet"", ""Omlet""]","[""Sütün tamamını derin bir tencerenin içine alın ve orta ateşte sütü ısıtmaya başlayın."", ""İki taşım kaynatın. (Bir kere kaynadıktan sonra bir kaşık yardımıyla karıştırın. Tekrar kaynamasını bekleyin ve tekrar karıştırın.)"", ""Kaynadıktan sonra altını kapatın ve ılınmaya bırakın."", ""Mayalamak için ayırdığınız 1 kaşık yoğurdun üzerine ılıyan sütten iki kaşık ekleyin ve krema kıvamına gelene kadar çırpın."", ""Ilıyan sütünüze serçe parmağınızla bakın. Parmağınızı içinde 5 saniye tutabilecek sıcaklığı ulaştıysa sütünüz hazır demektir."", ""Hazırladığınız krema kıvamındaki yoğurdu, sütün içine ilave edin ve tahta kaşıkla karıştırın."", ""Üzerini kapattıktan sonra birkaç tane havluya sararak kapalı fırında 6-7 saat mayalandırın. (Fırın çalışmayacak.)"", ""6-7 saat sonra fırından çıkardıktan sonra üzerine bir peçete veya temiz bir bez kapatarak buzdolabında bir gece bekletin."", ""Daha sonra yoğurdunuz yemeye hazır. Afiyet olsun.""]"
481fbb31-948e-4cba-8de4-d6bc03a1ceeb,Kurabiyeli Ponçik,Turkey,"Kurabiyeli ponçik, lezzetli kurabiye parçalarıyla zenginleştirilmiş, yumuşacık ve çikolatalı bir tatlıdır",Ye,"[""80 mililitreılık süt"", ""50 gram toz şeker"", ""2 adet yumurta"", ""50 gram tereyağı (eritilmiş)"", ""1 tatlı kaşığı instant maya"", ""300 gram un""]","[""Hamur için ılık süt, toz şeker, yumurta, erimiş tereyağı, maya ve bir tutam tuz karıştırın. Karışıma unu ekleyip pürüzsüz yumuşak bir hamur yoğurun. Bu işlem için stand mikseri de kullanabilirsiniz."", ""Hamurun altını ve üstünü hafifçe unlayıp derin bir kaseye alın ve üstünü örtüp 45-60 dakika kadar mayalayın."", ""Mayalanan hamurun havasını alın ve 6 eşit parçaya bölün. Her bir parçanın ortasına bir kare çikolata koyun ve yuvarlayıp tekrar mayalanması için yağlı kağıt serili tepsiye yerleştirip üstlerini nemli"", ""Kurabiye katmanı için gereken tüm malzemeyi bir kasede pürüzsüz olana kadar yoğurun."", ""Hazırladığınız hamuru iki yağlı kağıt arasında yarım santimden daha ince bir kalınlıkta merdane ile açın. Hamurunuz bu aşamada yumuşarsa 10 dakika dolapta bekletmeniz yeterli olacaktır."", ""Hamurların üstünü örtecek boyutta yuvarlaklar kesip hamurların tepesine yerleştirin ve hafifçe bastırarak sabitleyin. Kurabiye hamurlarına çizikler atarak dilediğiniz şekli verebilirsiniz."", ""Hazırladığınız hamurları önceden ısıtılmış 160 derecelik fanlı fırında kabarıp kenarları renk alana kadar yaklaşık 20 dakika pişirin."", ""Kurabiyeli ponçikleri ilk sıcaklığı çıktıktan sonra ılık olarak servis edin. Afiyet olsun.""]"
41c1baf5-f9e1-436e-956f-7db6aabcaac2,İncirli Pestil,Turkey,"Taze incirlerin, şeker ve dövülmüş fındıkla harmanlanıp güneşte kurutulmasıyla yapılan geleneksel ve lezzetli bir tatlı",Ye,"[""1 kilogram incir"", ""1/2 su bardağı şeker"", ""1 su bardağı dövülmüş fındık""]","[""İncirleri temizleyip başlarını kesin."", ""Bir tencereye alıp üzerini geçinceye kadar su ekleyin."", ""Yarım su bardağı şeker ilave edin, biraz daha kaynamaya bırakın."", ""Şekerle bütünleşip güzelce piştikten sonra ocaktan alın."", ""Biraz ılıdıktan sonra, pürüzsüz bir hal alıncaya kadar blenderdan çekin."", ""Sonrasında içerisine ister fındık ister ceviz koyabilirsiniz. Ben fındık tercih ettim."", ""Bir yağlı kağıt üzerine karışımı döküp inceltin, tepsiye yayın. Bekletin. Afiyet olsun.""]"
a5e2d499-3a76-4c81-bdcf-76e7abbc447a,Labneli Bienenstich Pastası,Turkey,Yumuşak keki ve kremsi labne dolgusuyla bilinen klasik Alman pastası,Tatlı,"[""1/4 su bardağı Sütaş Tereyağı (eritilmiş)"", ""1/4 su bardağı süt (ılık)"", ""2 su bardağı un"", ""1,5 çay kaşığı instant maya"", ""1 yemek kaşığı toz şeker"", ""1/4 çay kaşığı tuz"", ""1 paket vanilin"", ""2 adet yumurta"", ""1 tatlı kaşığı bal""]","[""Mayalı kek için önce kuru malzemeleri karıştırın. Ardından teker teker sıvı malzemeleri ekleyerek yumuşak dokulu bir hamur yoğurun."", ""Hamuru üzeri kapalı bir şekilde ılık bir yerde 1 saat kadar mayalayın."", ""Mayalanan hamuru kelepçeli bir kalıba alın ve havasını çıkararak yaydırın. Çatal ile hamur delerek bu işlemi daha kolay yapabilirsiniz."", ""Hamurun üzerini örtün ve tekrar mayalanması için 25 dakika daha bekleyin. Bu esnada fırını fanlı, alt, üst 175 derecede ısıtmaya başlayın."", ""Mayalanan keke yumurta sarısı sürün ve fırına koyun. Üzeri kızarıp sertleşinceye kadar yaklaşık 25 dakika pişirin. Fırından çıkan keki oda sıcaklığına gelene kadar dinlenmeye bırakın."", ""Krema için, sütün bir kısmını şeker ile orta boy bir tencereye kaynamaya bırakın. Kalan süt ile yumurta sarıları un ve nişastayı pürüzsüz olana kadar karıştırın."", ""Kaynayan süt ve şeker karışımını azar azar yumurtalı karışıma yedirin ve karışımı tekrar tencereye döküp koyulaşana kadar sürekli karıştırarak pişirin. Son olarak vanilini ekleyin."", ""Pişen kremayı düz bir kaba alın ve üzerine temas edecek şekilde streç filmle kaplayıp buzdolabında tamamen soğuyana kadar bırakın."", ""Soğumuş kremayı derin bir kaba alın ve mikser ile yumuşayana kadar çırpın. Bu aşamadan sonra kaşık kaşık Sütaş Labne ekleyip çırpmaya devam edin. Pürüzsüz ve kabarık bir hal alana kadar bu işememe dev"", ""Pralin için, şeker ve suyu orta boy bir tavaya koyun ve karamel rengi alana kadar bekleyin. Şeker renk almaya başlayınca bademleri ekleyin ve pürüzsüz ve koyu bir renk alana kadar karıştırarak pişirin"", ""Pişen karamelli bademleri yağlı kağıt ya da silikon bir mat üzerine alın ve oda sıcaklığına gelene kadar soğutun. Soğuyan karamelli bademleri kırıp blendere alın ve sıvı bir hal alana kadar blenderden"", ""Honeycomb için, şeker ve balı derin bir kapta ocağa alın ve hafif karamel rengi alana kadar kaynatın. Kaynayan karışıma dikkatlice karbonatı ekleyip hızlı hızlı karıştırın ve ocaktan alın."", ""Karışımı yağlı kağıt ya da silikon may üzerine alın ve oda sıcaklığına gelene kadar soğutun. Soğuyan karışımı ufak parçalara kırın ve süslemek için bekletin."", ""Soğuyan mayalı keki ortadan ikiye bölün taban kısmına pralin sürün ve tekrar kelepçeli kalıba geri alın."", ""Pralinin üzerini tamamen kaplayıp, kalın bir katman olacak şekilde kremayı serin ve üzerini kekin üstü ile kapatıp hafifçe bastırın.""]"
b866e1aa-e480-40b3-92eb-448781a6718f,Elmalı Cevizli Cupcake,Turkey,"Elmalı ve cevizli lezzetli cupcaketler, pratik ve hızlı bir tatlı alternatifi",Ye,"[""2 adet yumurta"", ""1 su bardağı süt"", ""1/2 su bardağı sıvı yağ"", ""3/4 su bardağı toz şeker"", ""2 adet elma"", ""10 adet ceviz içi"", ""1 tatlı kaşığı tarçın"", ""1 tatlı kaşığı kabartma tozu"", ""1 paket vanilin"", ""2 su bardağı un""]","[""Yumurta ve şeker iyice köpürtülür. Süt ve sıvıyağ eklenir çırpılır. Elma rendenin iri gözünde rendelenir fazla suyu sıkılır."", ""Cevizler ufalanır ve tarçın ile harcın içine eklenir."", ""Un, kabartma tozu ve vanilya da ilave edilir. Bütün malzemeler karıştırılır. Cupcake kabına aktarılır.Cupcake kalıplarına azar azar harçtan koyulur. 180 derecede fanlı ayarda pişirilir. Ardından fırın""]"
6345f3d1-6333-4e49-810d-88a9101838b4,Kilis Usulü Zeytinyağlı Sarma,Turkey,"Kilis'in lezzetli ve zeytinyağlı sarması, sofralarınızı şenlendirecek",Ye,"[""1,5 su bardağı baldo pirinç"", ""1 adet büyük boy soğan"", ""1 adet kırmızı biber"", ""1 adet yeşil biber"", ""1/2 yemek kaşığı biber salçası"", ""1/2 yemek kaşığı domates salçası"", ""1 çay bardağı zeytinyağı"", ""1 tatlı kaşığı pul biber"", ""1,5 çay kaşığı karabiber"", ""1 çay kaşığı tuz"", ""1 adet limon"", ""1/2 kilogram asma yaprağı""]","[""1.5 bardak pirinç yıkanıp,süzülür ve kaba alınır."", ""Üzerine minik minik doğranmış soğan, biberler, rendelenmiş sarımsak, salça, zeytinyağ ve baharatlar ilave edilir."", ""Güzelce harmanlanır. Bir gece önceden suda beklettiğimiz yapraklara 1 tatlı kaşığı kadar harç konur ve sıkıca sarılır."", ""Tencerenin dibine yaprakların sapları ve birkaç yaprak parçası dizilir, sarmalar yerleştirilir."", ""Üzerini yarım parmak kadar geçecek sıcak su konur (Yaklaşık 2 su bardağı sıcak su)."", ""Üstüne porselen tabak ya da dolma taşı yerleştirilerek ocağa alınır."", ""İlk 10 dakika orta ateşte 25 dakika kadar da kısık ateşte ağzı kapalı bir şekilde pişirilir."", ""Pişmeye yakın 1 adet limon suyu ilave edilir. 5 dakika daha pişirilip servis tabağına alınır. Afiyet olsun.""]"
cb6c6a65-7976-4c6c-a83f-d485448baeff,Karnı Dilik,Turkey,"Pratik ve lezzetli bir klasik, karnı dilik sofralarınızı şenlendirecek",Ye,"[""400 gram kıyma"", ""1,5 çay kaşığı tuz"", ""1 çay kaşığı karabiber"", ""1 çay kaşığı pul biber"", ""1 adet soğan (küp doğranmış)"", ""3 adet patlıcan"", ""3 adet kabak"", ""3 adet domates (dilimlenmiş)"", ""5 adet sivri biber"", ""1 adet kapya biber (küp doğranmış)"", ""20 adet arpacık soğan"", ""1,5 su bardağı salçalı sos""]","[""Kıyma, tuz, karabiber ve doğranmış maydanozu bir kaba alın, yoğurun. Üzerine küp doğranmış soğanı da ekleyip yoğurmaya devam edin. Cevizden biraz büyük köfteler hazırlayın."", ""Patlıcanı ve kabağı yelpaze şeklinde kesin ve tepsiye dizin. Aralarına dilimlenmiş domates ve köfteleri yerleştirin. Üzerine küp doğranmış kapya biber, sivri biber ve arpacık soğanları ekleyin."", ""Salçalı sos için; sıcak su ve 2 yemek kaşığı salçayı bir yerde karıştırın. Son olarak salçalı sosu da ekleyip önceden ısıtılmış 185 derecelik fırında 45 dakika pişirin. Afiyet olsun.""]"
b58103ec-6455-42d0-ac8d-d49a9a959399,Oreo Milkshake,Turkey,"Vanilyalı süt ve Oreo bisküvilerle hazırlanan bu kremsi milkshake, tatlı krizlerinizi anında giderecek",Ye,"[""2 su bardağı süt"", ""1/2 çay kaşığı vanilya özütü"", ""8 adet oreo bisküvi""]","[""Oreo bisküvileri mutfak robotunda iri kırıntılar haline getirin."", ""Süt, vanilyalı dondurma, vanilya özütüyle bisküvi kırıntılarını blenderda karıştırın."", ""Hazırladığınız milkshake karışımını büyük bardaklara aktarın."", ""Üzerlerine birer adet oreo bisküvi yerleştirip diğerlerini iri kırıntılar halinde serpiştirdikten sonra bekletmeden sevdiklerinizle paylaşın.""]"
fc94539d-8927-4ca9-9f4a-d9dd63383768,Avokado & Hellimli Bruschetta,Turkey,Taze avokado ve tuzlu hellimle hazırlanan lezzetli bir İtalyan atıştırmalığı,Ye,"[""1 adet avokado"", ""2 yemek kaşığı limon suyu"", ""5 yemek kaşığı zeytinyağı""]","[""Avokadonun kabuklarını soyup, çatalla ezin."", ""Limon suyu, zeytinyağı, tuz ve karabiber ile karıştırın."", ""Hellim peynirini küp küp kesin. Kızgın tavada yada ızgarada kızartın."", ""Kızarmış ekmek üzerine fırça ile zeytinyağı sürün ardından avokado püresini yayın."", ""En üstte kızarmış hellim parçalarını ekleyin ve afiyetle yiyin.""]"
fbf1b693-7d10-4a28-83ea-4e9e0dec0d65,Limonlu Cheesecake,Turkey,"Taze limon aromasıyle harmanlanmış, tam buğdaylı bisküvi tabanlı lezzetli ve pratik bir cheesecake",Ana Yemek,"[""1,5 paket tam buğdaylı bisküvi"", ""100 gram tereyağı"", ""800 gram labne"", ""1 su bardağı şeker (+2 yemek kaşığı)"", ""2 tepeleme yemek kaşığı un"", ""1 paket vanilya"", ""1 paket krema"", ""3 adet yumurta""]","[""Bisküvi ve tereyağını karıştırıp kelepçeli kabın içine yayıyoruz."", ""Bir kapta labneyi güzelce pürüzsüz olana denk çırpalım. Daha sonra şekeri ekleyerek çırpmaya devam edelim."", ""Peşine un ve vanilyayı ekleyerek çırpmaya devam edelim. Daha sonra kremayı ekleyelim."", ""En son olarak tek tek yumurtayı ekleyelim ama fazla çırpmamaya dikkat edelim çünkü yumurtanın havası sönmesin."", ""Daha sonra tüm kenarlarını folyo ile kapladığımız kalıbımıza, bisküvilerin üstüne dökelim."", ""Kalıbın yanına su dolu kap koyalım. 160 derece alt üst fırında 40 -45 dakikadan itibaren kontrollü olarak pişirin."", ""Ortası hafif oynayan, kenarları pişmiş kıvamda olacak. Kelepçeyi hafif oynatarak pişme kıvamını görebilirsiniz."", ""Piştikten sonra ise fırını ayarını kapatıp, fırının kapağını hafif açık bırakıp yavaşca chessecake'imizin yavaşça soğuması bekliyoruz."", ""Limon suyu ,su ve şekeri ocakta ısıtalım. Şekerini kontrollü olarak ekleyelim."", ""Daha sonra nişastayı azıcık su ile sulandırıp limonlu su karışımımıza ekleyelim."", ""Kaynayınca nişastayı ekleyelim ve en son ise isteğe göre zerdeçal koyup sosumuzu tamamlayalım ve ılıyan cheesecake üzerine ılık sosumuzu döküp dolaba atıp en az 7 saat bekletelim. Afiyet olsun.""]"
75726436-18a5-4c05-ad1d-3759a47e8480,Hatay Usulü Babagannuş,Turkey,"Hatay'ın lezzetli mezesi babagannuş, közlenmiş patlıcan ve biberlerin harmanlanmasıyla hazırlanan nefis bir başlangıçtır",Ana Yemek,"[""2 adet orta boy bostan patlıcanı"", ""2 adet kapya biber"", ""1 adet soğan"", ""1 adet orta boy domates"", ""2 yemek kaşığı zeytinyağı"", ""1/2 adet limonun suyu"", ""2 yemek kaşığı nar ekşisi (isteğe bağlı)"", ""1 çay kaşığı tuz""]","[""Tüm sebzeleri közleyin. Közlediğiniz patlıcanları bıçak ile ince ince doğrayın."", ""Közlenmiş kapya biberi de doğrayıp ekleyin."", ""Soğan ve domatesi de kabuğunu soyup küp küp doğrayın."", ""Zeytinyağını, limon suyunu, nar ekşisini ve tuzunu ekleyip karıştırın."", ""Hatay usulü babagannuş tarifiniz hazır. Afiyet olsun.""]"
571e72db-4b5f-4dd7-8687-bef8d7e9529d,Sütlü Un Helvası,Turkey,"Tereyağı ve sıvı yağ ile unun kavrulup süt ile buluştuğu, mis gibi kokan klasik bir tatlı",Tatlı,"[""1 su bardağı (2 parmak eksik) sıvı yağ"", ""2 yemek kaşığı tereyağı (100 gram kadar)"", ""2 su bardağı un"", ""2 su bardağı şeker"", ""2 su bardağı süt"", ""1 su bardağı tahin (isterseniz)""]","[""Bir kapta süt ve şekeri eriyinceye kadar karıştırıyorum, pişirmiyorum."", ""Tencereye yağları koyuyorum eriyince unu ekliyorum rengi koyulaşana kadar kısık ateşte kavuruyorum."", ""Rengi istediğiniz gibi olunca sütlü şerbeti ekliyorum, kısık ateşte tüm şerbeti çekene kadar karıştırıyorum."", ""Hazır tahinli yapmak isteyenler bu aşamada tahin ekleyip güzelce karıştırsınlar. Afiyet olsun.""]"
371da68a-209c-44ca-ad07-6483aba27d19,Airfryer'da Çipura,Turkey,"Airfryer'da çipura, pratik ve lezzetli bir balık yemeği tarifi",Ana Yemek,"[""2 adet çipura"", ""1 adet limon"", ""2-3 yemek kaşığı zeytinyağı""]","[""Temizletip aldığınız çipuralarınızı yıkayıp suyunu süzdürün."", ""Küçük bir kasede yağ, tuz ve baharatları karıştırın. Çipuraların içine ve dışına yağı fırça yardımıyla sürün. Limonu dilimleyip iç kısmına yerleştirin. Airfryer haznesine çipurayı alın. Balık pişirme"", ""Airfryer'da çipura tarifiniz hazır. Afiyet olsun.""]"
440445c1-f041-4675-8047-77a1777284a2,Patlıcan Çığırtma,Turkey,"Patlıcan ve biberin zeytinyağıyla kızartılarak hazırlanan, lezzetli ve pratik bir Türk mezesi",Sebze Yemekleri,"[""3 yemek kaşığı zeytinyağı"", ""3 adet patlıcan"", ""3 adet yeşil biber"", ""2 adet domates"", ""2 su bardağı sıvı yağ (sebzeleri kızartmak için)""]","[""Patlıcan çığırtma için patlıcanları alacalı soyup, parmak şeklinde kesin. Tuzlu suda bir süre bekletin ve acılığının gitmesini sağlayın."", ""Kuruladığınız patlıcanları kızdırdığınız yağda kızartın."", ""Biberleri de aynı şekilde kızartın."", ""Ayrı bir tavaya zeytinyağı ekleyip yağ ve sarımsağı kavurun."", ""Küp küp doğranmış domatesleri ekleyip suyunu çekene kadar pişirin."", ""Patlıcan ve biberi domatesli karışıma ekleyin."", ""Patlıcan çığırtma tarifiniz hazır. Afiyet olsun!""]"
7fb7ca28-02e4-49c4-a824-5c28046ee585,Samsun Atom,Turkey,"Samsun'un meşhur lezzeti Atom, pratik yapımıyla göz dolduran ferah bir tatlı",Ana Yemek,"[""150 gram yumurta beyazı"", ""300 gram toz şeker"", ""30 mililitresu""]","[""Samsun atom için yumurta beyazı, şeker ve suyu derin bir tencereye alın ve orta ateşte sürekli çırparak 8- 10 dakika köpürtün. Karışımı stand mikserine ya da farklı bir kaba alıp tamamen soğuyup, sert"", ""Yağlı kağıt serilmiş tepsiye yuvarlak formda olacak şekilde sıkın."", ""Atomları 125 derecelik önceden ısıtılmış, fansız fırında sertleşene kadar yaklaşık 1-1.5 saat pişirin."", ""Fırından çıkan Samsun atomları oda sıcaklığına geldikten sonra servis edebilirsiniz. Afiyet olsun!""]"
d28f1556-676d-452d-b48b-a3f24359fc0a,Tavuklu Patates Salatası,Turkey,"Lezzetli ve doyurucu tavuklu patates salatası, pratik ve sağlıklı bir seçenek",Salata,"[""2 adet patates"", ""1 adet tavuk göğsü"", ""2 adet büyük boy salatalık"", ""2 tatlı kaşığı hardal"", ""1 yemek kaşığı mayonez""]","[""Patatesleri küp küp doğrayıp haşlayın."", ""Tavuğu haşlayın ve didikleyin."", ""Salataları soyup küp küp doğrayın. Maydanozu kıyın."", ""Hepsini derin bir kaba alıp yoğurdu, hardalı, mayonezi, tuzu da ekleyip karıştırın."", ""Üzerini ben yıldız uçlu duy kullanarak süzme yoğurt ve mısır ile süsledim. Afiyet olsun.""]"
f8a9d929-ccda-4b9e-baab-fce74c7c4a79,Muzlu Puding,Turkey,"Kremamsı vanilyalı puding ile olgun muzların mükemmel uyumu, pratik ve lezzetli bir tatlı",Ana Yemek,"[""2 adet muz"", ""1 litre süt"", ""2 çay bardağı vanilyalı toz şeker"", ""4 yemek kaşığı nişasta"", ""2 adet yumurta sarısı"", ""1 yemek kaşığı tereyağı"", ""1 paket kakao""]","[""Süt, nişasta, yumurta sarısı, şeker ve tuzu karıştırma kabına alarak tel çırpıcı ile çırpın. Ardından karışımı pişirin. Tereyağını ekleyin."", ""Ayrı bir yerde robotta muzları tamamen ezin ve hala fokurdamakta olan pudinge muz püresini ekleyerek tekrar çırpın."", ""Kaplara pudingi paylaştırın ve ara katına bisküvileri yerleştirin. Son olarak kakao serpin ve buzdolabında yaklaşık 3 saat dinlendirin.""]"
dcb93758-a78c-4c1b-8dad-f13891a98768,Çikolata Parçalı Muzlu Kek,Turkey,"Muzun doğal tatlılığı ile çikolatanın birleştiği, pratik ve lezzetli bir kek tarifi",Tatlı,"[""2 adet olgunmuz"", ""1 yemek kaşığı bal"", ""1 yemek kaşığı tahin"", ""1 adet yumurta"", ""1 su bardağı tam buğday unu"", ""1 paket vanilya"", ""1 paket kabartma tozu"", ""4-5 adet ceviz içi""]","[""Muzları bir kapta iyice ezelim."", ""Yumurta, bal ve tahini; muzla birleştirelim."", ""Un ve kabartma tozu ekleyelim."", ""Ceviz içlerini ve çikolata parçalarını ekleyelim."", ""Fırın kağıdı serili tepsiye yayalım."", ""180 derece 25 dakika pişirelim. Afiyet olsun.""]"
a8b60c23-93fc-46da-a817-27cd5df1f171,Piliç Topkapı,Turkey,Zeytinyağı ve karabiberle harmanlanmış kemiksiz tavuk kalçalarının lezzetli ve pratik tarifidir,Tavuk Yemekleri,"[""4 adet kemiksiz tavuk kalça"", ""0.5 çay bardağı zeytinyağı"", ""1 çay kaşığı karabiber"", ""1 tatlı kaşığı kırmızı toz biber"", ""1 silme tatlı kaşığı tuz""]","[""Piliç topkapı için geniş bir kabın içine zeytinyağını ve baharatları koyup güzelce karıştırın ve açılmış tavuk butlarını bu karışıma güzelce buladıktan sonra üstlerini streç filmle örterek yaklaşık 30"", ""Yapışmaz tabanlı bir tencereye 2 yemek kaşığı zeytinyağını alın, kuş üzümlerini ekleyin ve dolmalık fıstıkları renkleri dönene dek kavurun."", ""Ardından küp küp doğradığınız kuru soğanı da ilave edin ve soğanlar pembeleşene dek kavurmaya devam edin. Pirinci süzüp bol suyla yıkayın ve soğanların üstüne ekleyip 2 dakika kadar kavurun."", ""Baharatları da ilave ettikten sonra 1 bardak sıcak suyu ekleyin."", ""Tencerenin kapağını kapatın ve ocağın altını kısıp, iç pilav suyunu çekene dek yaklaşık 8 dakika kadar pişirin."", ""Tavuk butlarından birisini alın derisi altta kalacak şekilde yayın, üstüne hazırladığınız iç pilavdan koyun. Sarma gibi sardıktan sonra açılmaması için kenarlarından kürdan yardımı ile birleştirerek k"", ""Bir kasede sosu için gerekli olan; su, zeytinyağı ve salçayı karıştırdıktan sonra, fırın kabına yerleştirdiğiniz tavukların üstüne gezdirin."", ""Diğer tavukları da bu şekilde hazırlayarak bir fırın kabına yerleştirin. Piliç topkapı hazır. Önceden ısıtılmış 200 derece fırında yaklaşık 30 dakika kadar pişirin ve ardından sıcak sıcak servis edin.""]"
c30a3282-f548-4897-a3fb-5beb051cab38,Karamelli Kek,Turkey,"Karamelli kek, tatlı krizlerinizi anında giderecek, lezzetli ve pratik bir tarif",Tatlı,"[""2 adet yumurta"", ""1/2 su bardağı süt"", ""1/2 su bardağı sıvı yağ"", ""1,5 su bardağı un"", ""1 paket kabartma tozu"", ""1 tatlı kaşığı vanilya aroması"", ""1 su bardağı şeker"", ""250 mililitrekrema"", ""1 tatlı kaşığı damla çikolata (arzuya göre)""]","[""Öncelikle karameli hazırlamak için şekeri bir tavaya alıp karamel haline getirin."", ""Dikkatli bir şekilde kremayı ekleyip karıştırın. Karamel eriyene kadar pişirin."", ""Tuzu da ilave edip ateşten alın ve soğumaya bırakın."", ""Kek için sıvı malzemeleri (yumurta, süt, sıvı yağı, vanilya ve karamel sosunu) bir kapta çırpın."", ""Un ve kabartma tozunu eleyerek karışıma ekleyin. Pürüzsüz bir kıvam olana kadar karştırın."", ""Yağlanmış baron kek kalıbına aktarın."", ""Önceden ısıtılmış 180 derecelik fırında yaklaşık 35-40 dakika pişirin.""]"
ce29004d-a82b-49a5-863f-b44878ad2205,Karamelli Etimek Tatlısı,Turkey,"Pratik ve lezzetli Karamelli Etimek Tatlısı, karamelin tadıyla büyüleyen bir tatlıdır",Tatlı,"[""3 paket etimek"", ""4 su bardağı toz şeker"", ""5 su bardağı su"", ""8 su bardağı süt"", ""5 yemek kaşığı un"", ""4 yemek kaşığı buğday nişastası"", ""1 su bardağı toz şeker"", ""2 paket vanilya"", ""1 yemek kaşığı tereyağı""]","[""Öncelikle şeker tavada karamelize edilir. Üzerine sıcak su ilave edilir. Bu aşamada şeker sertleşecektir. Karamelize şeker eriyene kadar kaynatılır ve ocağın altı kapatılır. İlk sıcağı çıkana"", ""Tencereye süt, un, nişasta, şeker konur, karıştırılarak pişirilir. Piştikten sonra tereyağ ve vanilyalar eklenip çırpılır."", ""Alt taban için etimekler şerbete arkalı önlü batırılıp kare borcama dizilir."", ""Kremanın üçte biri etimeklerin üzerine dökülüp yayılır. Aynı şekilde 2. ve 3. kat tamamlanır. Afiyet olsun.""]"
047df66b-082d-44e8-be77-5b0cf479bf87,4 Malzemeli Donut,Turkey,"Sadece üç malzemeye sahip, hızlı ve pratik bir donut tarifi",Ana Yemek,"[""2 adet yumurta beyazı"", ""1 çay kaşığı kabartma tozu"", ""80 gram sütlü çikolata""]","[""İlk olarak yumurta beyazını kabartma tozuyla kar beyaz olana kadar çırpalım."", ""Çikolatamızı benmari usulü eritelim ve yumurtaya yavaş yavaş ekleyerek karıştıralım."", ""Kaşıkla yağlı kağıt serilmiş tepsiye yuvarlak şekilde karışımdan bırakalım."", ""Önceden ısıtılmış 170 derece fırında 8-10 dakika pişirelim."", ""Fırından çıkarttığımız kurabiyelerin üzerine fıstık ezmesi sürerek diğerini üzerine kapatalım. Afiyet olsun.""]"
869704fe-0deb-4afd-9e4f-64348ba5f369,Ekmek Pizza,Turkey,Bayat ekmekleri lezzetli ve pratik bir pizzaya dönüştürün,Börek & Hamur İşi,"[""1 adet bayat ekmek (yatay olarak iki eşit parça ya bölünmü"", ""4 adet orta boy domates"", ""2 yemek kaşığı domates salçası"", ""2 silme tatlı kaşığı fesleğen"", ""1 çay kaşığı kekik"", ""2 çay kaşığı tuz"", ""1 yemek kaşığı tereyağı (oda sıcaklığında bekletilmiş)""]","[""Pizza sosunu hazırlamak için; kabuklarını soyduğunuz domatesleri iri küpler halinde doğrayın."", ""Domates salçası, kekik, fesleğen ve tuz ilave ettiğiniz domates küplerini mutfak robotunda püre haline getirin."", ""Hazırladığınız sosu, yatay olarak kestiğimiz ekmeklerin üzerine sürün. Kenarlarına da biraz oda sıcaklığında bekletilmiş tereyağı dokundurmayı unutmayın."", ""Sırayı bozmayacak şekilde; mozzarella peyniri, sucuk, salam, jambon dilimleri, rendelenmiş kaşar peyniri ve doğranmış siyah zeytini ekmek dilimleri üzerine serpiştirin."", ""Önceden ısıtılmış 200 derece fırına sürün ve üstündeki kaşar peyniri kızarmaya başlayana kadar (hafif renk değiştirecek) pişirin."", ""Daha sonra dışarı çekip üzerine ufaladığınız beyaz peyniri serpiştirin ve tekrar fırına sürün. Beyaz peynir eridiğinde pizzanız olmuş demektir."", ""Bayat ekmek dilimlerini değerlendirerek hazırladığınız ekmek pizzaları, sevdiklerinizle birlikte afiyetle yiyebilirsiniz.""]"
fa1bdb27-88ea-4745-b77f-6d09dee65283,Pryanik Kurabiye,Turkey,"Rus mutfağından gelen, baharatlı ve lezzetli Pryanik kurabiye tarifi",Tatlı,"[""1 su bardağı süt"", ""3/4 su bardağı un"", ""1 su bardağı toz şeker (tepeleme)"", ""3 tepeleme yemek kaşığı kakao"", ""1/2 çay bardağı sıvı yağ"", ""4 adet kakule"", ""3 adet karanfil"", ""1 çay kaşığı toz zencefil"", ""1 çay kaşığı toz tarçın"", ""1/2 adet rendelenmiş muskat cevizi"", ""1 adet yumurta sarısı"", ""1 paket kabartma tozu"", ""1 çay kaşığı karbonat"", ""1 yemek kaşığı limon suyu"", ""2 su bardağı un (tepeleme)""]","[""Sütü bir taşım kaynatın."", ""Kurabiye harcını yapacağınız derin bir kaba; şekeri ve 3/4 su bardağı unu koyun. Üzerine sıcak sütü ekleyip koyulaşana kadar karıştırın."", ""Kakule, karanfil, tarçın, zencefil ve muskatı bir havanda döverek birleştirin. Eleyerek harca ekleyin."", ""Kakaoyu, sıvı yağı ve yumurta sarısını da harca ekleyip pürüz olana kadar karıştırın. Karışıma kalan unun yarısını tahta bir kaşıkla yedirin."", ""Karbonata limon suyu ekleyip aktifleştirin ve kabartma tozuyla bitlikte harca ekleyip karıştırın."", ""Kalan 2 su bardağı unu kontrollü olarak ekleyin ve pürüzsüz az yapışkan bir harç olana kadar eklemeye devam edin."", ""Harcı, unlanmış tezgaha alın. Üzerini biraz unla unlayıp merdane yardımı ile yarım santimetre kalınlığında açın."", ""Bir kesici ya da bardak yardımı ile hamuru kesin. Kurabiyeleri fırın kağıdı serilmiş bir tepsiye alın."", ""Bu işleme hamur bitene kadar devam edin. Kurabiyelere yapışan fazla unu fırça ile silkeleyin."", ""Kurabiyeleri 200 derecelik fanlı fırında 10 dakika pişirin ve oda sıcaklığında soğuyana kadar bekletin."", ""Dış kaplaması için yumurta beyazı, pudra şekeri ve limon suyunu pürüzsüz olana kadar çırpın."", ""Soğuyan kurabiyelerin tüm yüzeyini kaplayın ve tekrar tepsiye alın. Bu işlemi eldiven giyip elinizle kolaylıkla yapabilirsiniz."", ""Kurabiyeleri oda sıcaklığında 1 gece ya da ılık fırında bir saat bekletip dışı kuruduktan sonra servis edebilirsiniz."", ""Kurabiyelerinizi hava almayan bir kapta haftalarca bayatlamadan saklayabilirsiniz. Afiyet olsun.""]"
99e2ea00-0b9d-46ef-82da-9e7c10032a2f,Yeşil Zeytin Salatası,Turkey,"Ferahlatıcı ve pratik yeşil zeytin salatası, yoğurt ve labne ile harmanlanarak sofralarınıza lezzet katıyor",Salata,"[""1 su bardağı süzme yoğurt"", ""1 su bardağı labne"", ""1 adet limon kabuğu rendesi"", ""100 gram dilim lenmiş yeşil zeytin"", ""1 su bardağı haşlanmış mısır"", ""1 adet kapya biber (közlenmiş)"", ""3 adet ceviz""]","[""Yoğurt, labne ve limon kabuğu rendesini bir kapta karıştırın. Servis tabağına alın ve kaşık yardımıyla yayın."", ""Diğer kalan malzemeleri de üzerine ekleyerek servis edin.""]"
546806fb-9f44-4155-82d1-d33d8176a0a6,Ev Yapımı Pizza,Turkey,Lezzetli ve pratik ev yapımı pizza tarifimizle misafirlerinize unutulmaz bir lezzet sunun,Ana Yemek,"[""5 su bardağı un"", ""4 yemek kaşığı zeytinyağı"", ""1 paket instant maya"", ""1 yemek kaşığı toz şeker"", ""1 tatlı kaşığı tuz"", ""2 su bardağı ılık su""]","[""Unu yoğurma kabına alın, ortasını havuz şeklinde açın ve tüm kuru malzemeleri ekleyip,suyu yavaş yavaş ilave ederek hamuru yoğurun."", ""Ele yapışmayan yumuşak kıvamlı bir hamur elde edin."", ""Hamurun üzerini bez ile kapatıp, 30 dakika kadar mayalanmaya bırakın."", ""Mayalanan hamuru karıştırarak havasını alın. Tezgahın üzerine un serpip hamuru tezgaha alın."", ""Hamuru 3 eşit parçaya bölüp beze yapın ve üzerini bezle örtüp 10 dakika kadar daha mayalandırın."", ""Mayalanan hamurun altına mısır unu serperek,merdane ile açın. Dilerseniz pizza tepsisi boyutunda açabilirsiniz."", ""Pizza tepsiniz yoksa yuvarlak fırın tepsisi boyutunda açabilirsiniz. İncelttiğiniz hamuru fırın tepsisine alın."", ""Kabarması için çatal ile her tarafına delikler açın. Önceden ısıtılmış 200°lik fırında 10 dakika pişirelim."", ""Pizzanın ön pişmesi olurken, pizza sosunu hazırlayın."", ""Bir kapta domates rendesi, sarımsak,ketcap ve baharatları ekleyip iyice karıştırın."", ""Az pişmiş olan pizza hamurunu fırından çıkarıp, domates sosu üzerine sürün."", ""Sırası ile mozzarella peyniri, sucuk, biber, hellim peynir, soğan halkası ,zeytin ve mısırı da ekleyip tekrardan fırına verin."", ""15 dakika daha pişirin. Alt tabanı muhakkak pişmesini sağlayın. Pişmezse pizzanız çıtır olmaz."", ""Tüm malzemeler iyice piştikten sonra fırından çıkarıp, sıcak servis edebilirsiniz. Afiyet olsun.""]"
eb25f92c-950e-4f95-936f-387fd1a606e2,Bayat Ekmek Pizzası,Turkey,Bayat ekmekleri lezzetli bir atıştırmalığa dönüştüren pratik ve ekonomik bir tarif,Börek & Hamur İşi,"[""2 adet domates"", ""1 adet kuru soğan"", ""3 adet yeşil biber"", ""100 gram margarin veya tuzsuz tereyağı"", ""1 tatlı kaşığı karabiber ve pulbiber"", ""1 tatlı kaşığı kekik""]","[""Bütün sebzeleri dığrayabildiğiniz kadar küçük küçük doğrayın.."", ""Bir kaba aldığınız kaşar lorunun içine tereyağını ekleyip elinizde güzelce birbirine karışmasını sağlayın."", ""Diğer malzemeleri ve baharatlarınıda ekleyip tekrar karıştırın."", ""Dilimlediğiniz ekmeklerin üzerine kalın bir şekilde sürün."", ""200 drece fırında üzerleri hafif kızarana kadar pişirin. Ardından çıkarıp servis edin. Afiyetler olsun!""]"
56099382-84b0-438b-825d-019ebc9afc76,Yulaflı Kurabiye,Turkey,Sağlıklı ve doyurucu atıştırmalık için pratik yulaflı kurabiye,Tatlı,"[""2,5 su bardağı yulaf ezmesi"", ""3/4 su bardağı kabak çekirdeği içi"", ""3/4 su bardağı kuru üzüm"", ""100 mililitreeritilmiş tereyağı"", ""100 mililitrepekmez"", ""1 adet yumurta"", ""1 çay kaşığı tarçın""]","[""Tüm malzemeleri birbirine yapışacak kıvama gelene kadar fazla ezmeden yoğurun."", ""Yağlı kağıt serilmiş tepsi üzerine, elinizle ya da herhangi bir kalıpla ince olarak ve bastırarak şekil verin."", ""Önceden ısıtılmış 180 dereceli fırında kızarana kadar pişirin."", ""Soğuduktan sonra servis yapın. Afiyet olsun.""]"
4032259e-e099-45e3-9383-173e7df2757a,Sebzeli Pilav,Turkey,"Renkli sebzelerle zenginleştirilmiş, lezzetli ve besleyici bir pilav",Pilav & Makarna,"[""30 gram kabak"", ""30 gram havuç"", ""50 gram renkli dolmalık biber"", ""100 gram fileto tavuk göğsü"", ""1 adet yumurta"", ""1 yemek kaşığı tereyağı"", ""250 gram pirinç pilavı (ya da haşlanmış pirinç)"", ""1 tatlı kaşığı soya sosu""]","[""Kemik ve deri kısımlarından arındırılmış fileto tavuk göğsünü küçük parçalar halinde doğrayın."", ""Uç kısımlarını alıp kabuklarını soyduğunuz kabak, havuç ve renkli dolmalık biberleri minik küpler halinde kesin."", ""Tereyağını geniş tabanlı bir tavada eritin. Fileto tavuk göğüsü parçalarını yüksek ateşte kavurun."", ""Doğradığınız karışık sebzeleri katıp hafif bir renk alana kadar tavuklarla birlikte kavurun. Yumurtayı kırıp aralarda karıştırarak pişmesini sağlayın."", ""Önceden hazırlayıp soğuttuğunuz demlenmiş pirinç pilavını tavaya alın. Tüm malzemeyi karıştırarak yüksek ateşte pişirme işlemini kısa bir süre daha sürdürün."", ""Soya sos ve arzu ettiğiniz baharatları kattıktan sonra sıcak ya da ılık olarak sevdiklerinizle paylaşın.""]"
f859a5dc-33fe-466c-8998-816411d46342,Fırında Tavuklu Fasulye Diblesi,Turkey,"Pirinç, tavuk ve taze fasulyenin harmanlandığı lezzetli ve doyurucu bir fırın yemeği",Tavuk Yemekleri,"[""1,5 su bardağı pirinç"", ""250 gram tavuk göğsü"", ""500 gram taze fasulye"", ""1 adet kuru soğan"", ""4 yemek kaşığı zeytinyağı"", ""3 su bardağı sıcak su (+1 çay bardağı daha)"", ""1 adet domates"", ""1 tatlı kaşığı salça""]","[""Taze fasulyeleri yıkayın ve temizledikten sonra küçük küçük doğrayın."", ""Kuru soğanı minik minik doğrayın ve bir tavaya aldığınız 3 yemek kaşığı zeytinyağında pembeleşene dek kavurun."", ""Salçayı da ekleyip, salçanın kokusu çıkana kadar kavurun."", ""Domatesi de küp küp doğradıktan sonra soğanlara ilave edip, 1-2 dakika kadar daha kavurun."", ""Üstüne 1 çay bardağı sıcak suyu ve fasulyeleri de ekledikten sonra 5 dakika kadar pişmeye bırakın."", ""Ayrı bir tavada 1 yemek kaşığı zeytinyağında, küp küp doğradığınız tavukları soteleyin."", ""Üstüne baharatları ekleyin ve yıkanmış pirinci de ilave edin."", ""2-3 dakika daha kavurduktan sonra, pirinçli tavuklarla fasulyeleri genişçe bir fırın tepsisinde birleştirip, karıştırın."", ""Tepsiye 3 su bardağı sıcak suyu da ekledikten sonra, önceden ısıtılmış 200 derece fırında, yemeğiniz suyunu çekene dek yaklaşık 20 dakika kadar pişirin."", ""Fırından aldıktan sonra, üstünü kapatıp 10 dakika kadar demlendirin ve ardından servis edin. Afiyet olsun.""]"
c266c763-3a6b-4dac-8cd1-537ffd6c2de3,Pratik Cool Lime,Turkey,"Yaz aylarının ferahlatıcı serinliği, pratik limonata ile bir tık uzağınızda",Ana Yemek,"[""3 adet limon"", ""5 yemek kaşığı şeker (bal da olur)"", ""1,5 litre soğuk su""]","[""Nane yaprakları ayıklanır ve yıkanır. Limonların kabukları rendelenir. Suları sıkılır."", ""Nane, limon kabuğu ve şeker el yardımıyla 3-4 dakika ovulur. Aromalarının geçmesi sağlanır. Su ve limon suyu eklenir, şeker eriyene kadar karıştırılır."", ""Sonra ince bir süzgeçten veya tülbentten geçirilip süzülür. İçeceğimiz hazır. Buz eklenir. Soğuk servis yapılır. Afiyet olsun.""]"
d7d07623-d2f9-40e3-8e20-edff67fde9c0,Çikolata Kremalı Damla Çikolatalı Muffin Kek,Turkey,"Çikolata kreması ve damla çikolata ile zenginleştirilmiş, yumuşacık muffin kek tarifi",Tatlı,"[""3 adet yumurta"", ""1 su bardağı toz şeker"", ""1 su bardağı süt"", ""1 su bardağı sıvı yağ"", ""3 yemek kaşığı kakao"", ""2 yemek kaşığı çikolata kreması"", ""1 paket vanilya"", ""1 paket kabartma tozu"", ""2,5 su bardağı un"", ""1 küçük boy kase damla çikolata (üzeri için)""]","[""Yumurta ve şekeri mikser ile çırpalım. Üzerine sırası ile süt, sıvı yağı, kakao, çikolata kreması ekleyerek çırpmaya devam edelim."", ""Un, kabartma tozu ve vanilya eleyerek ekleyelim. Muffin kaplarına 2 yemek kaşığı ekleyerek dökelim."", ""Üzerlerine damla çikolata ekleyelim ve 200 derecede ısınmış fırında 30 dakika kontrollü şekilde pişirelim."", ""Kürdan testi yaparak fırından çıkaralım. Afiyet olsun.""]"
dba361fb-9c65-4a33-9168-1cdcd05d50d5,Sandviç Ekmeği,Turkey,"Ev yapımı, yumuşacık sandviç ekmeği tarifimizle lezzetli sandviçler hazırlayın",Ana Yemek,"[""1 su bardağı ılık su"", ""1 su bardağı ılık süt"", ""2 yemek kaşığı tereyağı"", ""1 paket instant maya"", ""1 tatlı kaşığı tuz"", ""1 tatlı kaşığı toz şeker"", ""2-3 yemek kaşığı sıvı yağ (hamuru top lamak için)"", ""4-4,5 su bardağı un""]","[""Sandviç ekmeği için maya, şeker ve sıvılar karıştırılır. Tuz un eklenip yoğrulur. Unun miktarı kontrollü bir şekilde eklenir, böylece ele yapışmayan ve orta yumuşaklıkta bir hamur elde edilir."", ""Hamur, sıvı yağ eklenerek iyice yoğrulur ve homojen bir kıvam alana kadar devam edilir. Sonrasında hamur, kapaklı bir kap içerisine koyularak mayalanmaya bırakılır."", ""Mayalanma süreci tamamlandıktan sonra hamurun içindeki hava çıkarılır ve tekrar yoğrulur. Hamur, 12 eşit parçaya ayrılır ve her bir parça yuvarlanır."", ""Her parça pasta tabağı boyutuna genişletilir. Hamurun içe doğru kıvrılmasıyla rulo şekli verilir. Kenarlar iyice yapıştırılarak şekil sabitlenir."", ""Hazırlanan rulolar, geniş aralıklarla tepsiye yerleştirilir ve ikinci bir mayalanma sürecine bırakılır. Yarım saat veya 45 dakika boyunca mayalandıktan sonra, üzerlerine yağ, su ve yoğurt karışımı sür"", ""İsteğe bağlı olarak yumurta sarısı da kullanılabilir. Ancak, bu adım opsiyoneldir ve kişisel tercihlere bağlıdır."", ""Ekmekler, önceden ısıtılmış bir fırında, alt-üst ayarda 200 derecede yaklaşık yarım saat boyunca pişirilir. Hamurun üzeri güzelce kızarana kadar beklenir."", ""Pişirme tamamlandıktan sonra, sandviç ekmekleri soğuduktan sonra istediğiniz şekilde servis edilebilir. Afiyet olsun!""]"
6d5cdff6-71e5-4218-8fe7-09ed8f0a1144,Çilekli ve Çikolata Parçacıklı Kurabiye,Turkey,"Taze çilekler ve çikolata parçacıklarıyla lezzetlenen, pratik ve nefis bir kurabiye tarifi",Tatlı,"[""1 adet yumurta"", ""1/2 su bardağı zeytinyağı"", ""2 yemek kaşığı limon suyu"", ""1/3 paket stevia"", ""2 yemek kaşığı Hindistan cevizi şekeri"", ""1/2 paket kabartma tozu"", ""1 paket vanilya"", ""1 su bardağı un (+ 3/4 su bardağı kadar daha)"", ""3/4 su bardağı çilek (doğranmış)"", ""1/3 su bardağı bitter çikolata (doğranmış)""]","[""Tüm sıvı malzemeleri ve kullandığınız tatlandırıcı çeşidini iyice çırpın."", ""Un, kabartma tozu ve vanilyayı ekleyin, iyice bütünleştirin."", ""Sırayla çilek ve çikolata parçalarını ekleyip, hamur içine eşit dağılacak şekilde nazikçe karıştırın."", ""Hamurdan pinpon topu boyutlarında parçalar alıp yuvarlayın, hiç üzerilerine bastırmadan, yağlı kağıt serili fırın tepsisine yerleştirin."", ""Üstleri hafifçe kızarana kadar 15-20 dakika, 180 derecelik fırında pişirin."", ""Soğuyunca hemen dilediğiniz gibi servis edebilirsiniz. Afiyet olsun.""]"
29fd9497-a164-4f9e-9e47-67722892ac5a,Tam Buğdaylı Pankek,Turkey,Tam buğday unu ile hazırlanan sağlıklı ve lezzetli pankek tarifi,Tatlı,"[""1 adet yumurta"", ""200 mililitresüt"", ""1/2 adet limon kabuğu rendesi"", ""1 paket kabartma tozu"", ""1 paket vanilin"", ""6 silme yemek kaşığı tam buğday unu""]","[""Yumurtayı bir kasenin içine kırın ve çırpın. Üzerine sütü ilave edip karıştırın."", ""Karışıma limonun kabuğunu rendeleyip karıştırmaya devam edin."", ""Tam buğday ununu önce 4 çorba kaşığı eleyerek karışıma ilave edin."", ""Karışım boza kıvamına gelene kadar kalan unu ilave etmeye devam edin. Un miktarı kıvama göre daha az ya da daha çok olacak şekilde ayarlanabilir."", ""Boza kıvamına gelen karışıma son olarak kabartma tozu ve şekerli vanilini ilave ederek karıştırın."", ""Tavayı ocağa alın ve altını yakıp ısınmasını bekleyin. Isınan tavayı tereyağı/ zeytinyağı ile çok hafif yağlarsanız karışımın yapışmasını önleyecektir."", ""Bir kepçe ile karışımdan tavaya dökün. Karışımın üstünde kabarcıklar oluşmaya başlayacak ve üzeri matlaşacaktır."", ""Tavayı hafifçe hareket ettirdiğinizde üzerindeki sıvı kıvam katılaşmış bir görünüm alacaktır. Bu aşamada diğer tarafını çevirebilirsiniz."", ""Diğer tarafının da piştiğini bir maşa ile kontrol edin."", ""Piştikten sonra pankeki tabağa alıp kalan karışımdan bir kepçe ile aldığınız miktardaki pankeklere de sırasıyla aynı işlemleri uygulayın."", ""Pankekleriniz artık hazır. İster tatlı, ister tuzlu, ister tek başına tüketebilirsiniz. Afiyet olsun.""]"
d1895180-397e-4260-b4ac-a59eae0875bd,Lavaştan Kolay Gözleme,Turkey,Lavaşları kaşar peyniri ile doldurup tereyağında kızarana kadar pişirerek hazırlanan pratik ve lezzetli bir atıştırmalık,Börek & Hamur İşi,"[""4 adet lavaş"", ""200 gram kaşar peyniri (Dilediğiniz bir çeşit)"", ""1 yemek kaşığı tereyağı""]","[""Lavaşı tezgahın üzerine alın. Kare kesilmiş kaşar peynirlerini ya da dilediğiniz farklı bir peyniri içerisine yerleştirin."", ""Zarf şeklinde katlayın."", ""Tavanızı yağlayın ve ısıtın. Fırça yardımıyla gözlemeleri yağlayın. Dilerseniz tereyağı da kullanabilirsiniz. Katlama yüzeyi aşağıya gelecek şekilde gözlemeleri tavaya alın."", ""Arkalı önlü şekilde yaklaşık 6-8 dakika pişirin. Ardından sıcak sıcak servis edin. Afiyetler olsun.""]"
847fffc7-5f1b-49fa-aaf7-74442ceb4daa,Limon Sıkacağında İçli Köfte,Turkey,Limon sıkacağında pratik ve lezzetli içli köfte yapımının sırrı,Ye,"[""1,5 su bardağı ince bulgur"", ""1,5 yemek kaşığı irmik"", ""2 su bardağı sıcak su"", ""1 yemek kaşığı biber salçası"", ""2 yemek kaşığı un"", ""1 adet yumurta"", ""1 tatlı kaşığı tuz"", ""1 çay kaşığı karabiber"", ""1 çay kaşığı kırmızı toz biber""]","[""Harcı hazırlayacağınız tavayı ısıtın ve zeytinyağını ilave edin."", ""Soğanları pembeleşinceye kadar kavurun."", ""Kavrulan soğana kıymayı ilave edin ve kıyma suyunu salıp geri çekinceye kadar karıştıra karıştıra pişirmeye devam edin."", ""Cevizleri ekleyin ve karıştırın."", ""Baharatları ve salçayı ekleyin. En son kıyılmış maydanozu ekleyip ocaktan alın.""]"
ec19116e-7786-4c4c-a092-2a959600eb7f,Soslu Patates Salatası,Turkey,"Lezzetli ve pratik soslu patates salatası, sofralarınıza ferahlık katıyor",Ye,"[""2-3 adet patates"", ""1 adet havuç"", ""1 adet mor soğan"", ""7-8 adet kornişon turşu"", ""2 yemek kaşığı mısır (tercihen)""]","[""Patatesleri küpler halinde doğrayın ve üzerini geçecek kadar su ekleyip haşlayın. Yumuşadığı zaman süzün ve uygun bir kaseye alın. Soğuduğunda diğer malzemeleri ilave edin."", ""Sosu için gerekli malzemeleri güzelce karıştırın. Sebzelerin üzerine aktarıp harmanlayın."", ""Buzdolabında biraz soğutup veya ılıkken servis yapın. Afiyet olsun.""]"
e5c9268c-7e05-49a0-a3f1-13d5b93330c3,Labneli San Sebastian Cheesecake,Turkey,"Labne ve krem peynir ile hazırlanan, pratik ve lezzetli San Sebastian usulü cheesecake",Ye,"[""3 paket labne"", ""1 paket krem peynir"", ""2 paket krema"", ""5 adet yumurta"", ""4 silme yemek kaşığı un"", ""1,5 su bardağı toz şeker""]","[""İlk olarak peynirleri ve şekeri mikserle 3-4 dakika civarı çırptım. Çırpma süresi şekerler eriyene kadardı."", ""Ardından mikseri bırakıp elle çırpmaya geçtim. Kasenin içine yumurtaları teker teker ekleyip karıştırdım."", ""Biri karışmadan diğerini eklenmiyor."", ""Son olarak krema ve unu (eleyerek) ekleyip karıştırdım."", ""Önceden ısıttığım 210 derecelik fırında 20-24 dakika pişirdim."", ""Soğuyana kadar oda sıcaklığında dinlendirdim. 1 gün buzdolabında dinlendirilmesi tercih ediliyor. Afiyet olsun.""]"
fd37decb-aaf9-4410-98f1-256b01b597f6,Mercimek Salatası,Turkey,"Zeytinyağı ve taze otlarla harmanlanmış, doyurucu ve lezzetli bir klasik",Ye,"[""1 su bardağı yeşil mercimek"", ""1/2 adet havuç (küp küp kesilmiş)"", ""1/2 su bardağı haşlanmış mısır"", ""8-10 adet cherry domates"", ""5-6 adet salatalık turşusu (halka kesilmiş)"", ""1 çay kaşığı tuz"", ""1/2 çay kaşığı karabiber"", ""1 çay kaşığı sumak"", ""2 yemek kaşığı zeytinyağı"", ""1 yemek kaşığı limon suyu"", ""1 tatlı kaşığı balsamik sirke""]","[""Mercimekleri haşlayın."", ""Haşlanan mercimekleri bir kaseye alın ve üzerine havuçları ekleyin."", ""Üzerine turşu ve yeşillikleri ekleyin."", ""Üzerine haşlanmış mısırları ekleyin."", ""Üzerine domatesleri ilave edin."", ""Sos için; balsamik sirke, zeytinyağı, tuz, karabiber, sumak ve limon suyunu karıştırın."", ""Salata ile sosu buluşturup güzelce karıştırın.""]"
a007bf1f-d9cc-4762-a34c-2f9fff067f99,Kaşarlı Fırın Mantar,Turkey,"Tereyağında harmanlanıp fırında kaşarlarla buluşan mantarlar, lezzetli ve pratik bir başlangıç",Ye,"[""1 paket mantar (400 gr)"", ""1 yemek kaşığı tereyağı"", ""1/2 çay kaşığı tuz"", ""1/2 çay kaşığı kırmızı toz biber""]","[""Mantarların kabukları soyulur kökleri çıkartılır."", ""Köklerini omlet yapabilirsiniz."", ""Tuz, kırmızı toz biber, sarımsak karıştırılır ve içlerine sürülür."", ""Minik küp doğranmış tereyağı da eklenir."", ""Fırında 180°’de 10-15 dakika yumuşayana kadar pişirilir."", ""Sonrasında kaşar peynirleri ilave edilip eriyene kadar 4- 5 dakika tekrar fırınlanır."", ""Sotelenmiş kırmızı biberlerle servis yapılır. Afiyet olsun.""]"
3366b5f8-5183-4007-bd9b-666e04e87817,Kabartma Tozlu Yağ Çekmeyen Pişi,Turkey,"Kabartma tozu sayesinde mis gibi kabaran, yağ çekmeden pratik bir pişi tarifi",Ana Yemek,"[""1 su bardağı süt"", ""1 paket kabartma tozu"", ""1 tatlı kaşığı tuz"", ""1 adet yumurta"", ""4,5 su bardağı un""]","[""Un hariç bütün malzemeleri bir araya getirin, karıştırın."", ""Azar azar unu ilave edin."", ""Ele yapışmayan bir hamur elde edene kadar yoğurun."", ""Merdane yardımıyla hamuru açın."", ""Bardağın ağız kısmıyla yuvarlak kesin."", ""Uygun bir tava ya da tencereye sıvı yağı ekleyin ve ısıtın."", ""Hamurları dikkatlice içerisine bırakarak iki tarafı da kızarana kadar çevirerek kızartın. Afiyet olsun!""]"
9d1291f4-1b1d-443e-8b46-626ba81af391,Kahvaltılık Ekmek,Turkey,"Pratik ve lezzetli kahvaltılık ekmek, hızlıca hazırlayabileceğiniz doyurucu bir başlangıç",Ye,"[""3 adet yumurta"", ""2 yemek kaşığı tulum peyniri"", ""1 yemek kaşığı tereyağı"", ""1 çay kaşığı pul biber"", ""1 çay kaşığı karabiber"", ""1 çay kaşığı kişniş (çekilmiş)"", ""1 çay kaşığı kekik""]","[""Yapışmayan bir tavaya yağlar alınır ve eritilir."", ""İçi bıçak yardımı ile kesilen dilim ekmekler yerleştirilir."", ""Yeşillikler yıkanıp, kurutulup, ince ince kıyılır ve içerisine peynir, yumurta, baharatlar ilave edilerek çırpılır."", ""Karışım ekmeklerin boş olan yerlerine kaşık yardımı ile dökülür."", ""Pişen yüzün arkası da çevrilir ve diğer tarafı da pişince servis tabağına alınır. Afiyet olsun.""]"
bec84ac3-7f75-42d9-b4b3-29a545ec4013,Fit Topçuklar,Turkey,Sağlıklı ve doğal malzemelerle hazırlanan enerji dolu atıştırmalık topçuklar,Ye,"[""4 adet günkurusu kayısı"", ""4-5 adet hurma"", ""1 adet kuru incir"", ""2 adet ceviz"", ""3-4 yemek kaşığı yulaf ezmesi"", ""1 tatlı kaşığı kakao"", ""1 tatlı kaşığı tarçın""]","[""Kuru meyvelerin çekirdeklerini çıkartıp yumuşayana kadar ıslatın."", ""Malzemeleri macun kıvamına gelene kadar rondodan geçirin."", ""Ceviz büyüklüğünde parçalar kopartın ve Hindistan cevizi, Antep fıstığı vb. ile kaplayın."", ""Buz dolabında bir kaç saat dinlendirdikten sonra servis edin. Afiyet olsun.""]"
cb134933-6daf-458e-acb4-1e65343e2da2,Chimney Cake,Turkey,"Dış çıtır çıtır içi yumuşacık olan, üzerine şeker ve fındık gibi çeşitli malzemelerle süslenen geleneksel bir Macar tatlısıdır",Ana Yemek,"[""1/2 su bardağı süt"", ""1 yemek kaşığı kuru maya"", ""1,5 su bardağı un"", ""1/2 çay kaşığı tuz"", ""2 yemek kaşığı sıvı yağ"", ""1 adet yumurta"", ""1 yemek kaşığı toz şeker""]","[""Sütü hafifçe ılıtarak mayayı içinde çözdürün."", ""Unu eleyerek ayrı bir kaba alın ve tuzu ekleyip karıştırın."", ""Unun ortasında bir çukur açarak, sıvı yağı, yumurtayı ve şekeri ekleyin."", ""Yumuşak bir hamur elde edinceye kadar güzelce yoğurun."", ""Hamurun üzerini streç filmle kapatarak en az 45 dakika dinlendirin."", ""Bu sırada hamuru üzerine sarmak için; üç adet kağıt havlu rulosunu pişirme kağıdı ile kaplayın."", ""Fırını 190 dereceye ısıtın."", ""Dinlenen ve kabaran hamuru tekrar yoğurduktan sonra, tezgaha şeker serperek üzerinde açın."", ""Açtığınız hamuru bir parmak kalınlığında şeritler halinde kesin."", ""Kestiğiniz şeritleri, kapladığınız ruloloların her iki ucunda birer parmak boşluk bırakarak, aralarında boşluk kalmayacak şekilde ve şeritler uç uca gelecek şekilde dolayın."", ""Tüm rulolar tamamlandığında tereyağını eriterek fırça yardımıyla üzerlerine sürün."", ""Daha sonra tezgahın üzerine toz şeker ve tarçın serperek ruloları hafifçe bastırarak şeker ve tarçına bulayın."", ""Ruloları -uçlarında bıraktığınız boşluklar kabın kenarlarına oturacak şekilde- derin bir pişirme kabına yerleştirin."", ""20 dakika pişirdikten sonra dilimleyerek rulolardan çıkarın ve afiyetle tüketin.""]"
97e1b4a0-e2c6-4d66-8b6c-1ad4627922b9,Şişte Tavuk,Turkey,Zeytinyağı ve tuzla marine edilmiş tavuk göğsünün şişte lezzetli ve pratik hali,Ye,"[""1 adet tavuk göğsü"", ""2 yemek kaşığı zeytinyağı"", ""1 çay kaşığı tuz"", ""1/2 çay kaşığı karabiber"", ""1/2 çay kaşığı kekik"", ""1/2 adet bazlama"", ""8 adet mozzarella peyniri (küçük boy)"", ""8 adet kiraz domates""]","[""Tavuk göğsünü önce yatay olarak ikiye kesin ve ardından küp küp doğrayın. Bir tavada zeytinyağını ısıtığ tavukları ekleyin. Hafifçe renk aldıktan sonra tuz, karabiber ve kekik ekleyin. Pişince ocaktan"", ""Bazlamayı küp küp doğrayın."", ""Reyhan yapraklarını ayırın ve yıkayın."", ""Yaklaşık 15 cm uzunluğundan tahta şişe sırasıyla bazlama, tavuk, reyhan, domates ve mozzarella peynirini dizin. Tüm malzemeler bitinceye dek aşamaları tekrar edin. Afiyet olsun!""]"
50f44d6f-b101-42e8-9424-109edb19a439,Siyez Bulguru Pilavı,Turkey,"Sağlıklı ve lezzetli bir alternatif olan siyez bulguru pilavı, hem doyurucu hem de besleyici bir seçenektir",Pilav & Makarna,"[""1 su bardağı siyez bulguru"", ""2 su bardağı sıcak su (bulguru ıslatmak için)"", ""2 yemek kaşığı zeytinyağı"", ""1 çay kaşığı toz zerdeçal"", ""1 çay kaşığı toz kırmızı biber"", ""1 su bardağı domates suyu"", ""1 su bardağı su"", ""1/2 çay kaşığı tuz""]","[""Siyez bulgurunu bir tencereye alın, üzerine iki su bardağı kaynar su ekleyin ve 15 dakika beklettikten sonra suyunu süzün."", ""Pilavı pişireceğiniz tencereye zeytinyağı, toz zerdeçal ve kırmızı biberi koyun, orta ateşte yağı kızdırın. Doğranmış sarımsağı ekleyip hafifçe kavurun."", ""Süzülmüş bulguru tencereye alın, 1-2 dakika kadar aralarda karıştırarak kavurun."", ""Tencereye domates suyu ve suyu aktarın. Pilavın tuzunu ayarlayın. Kaynamaya başlayınca tencerenin kapağı kapalı olarak kısık ateşte suyunu çekene kadar 15-20 dakika civarında pişirin."", ""Pilav suyunu çektikten sonra ocağı kapatın ve en az 15 dakika demlendirdikten sonra servis yapın.""]"
d58e9190-645e-40a0-983c-00c9919538fd,Tavuklu Köz Patlıcanlı Yoğurt Salatası,Turkey,"Izgara tavuk ve közlenmiş patlıcanın yoğurtla buluştuğu, lezzetli ve doyurucu bir salata",Salata,"[""2 adet tavuk göğsü"", ""3 adet patlıcan"", ""1 çay bardağı arpa şehriye"", ""2 yemek kaşığı zeytinyağı"", ""4 adet kornişon turşu"", ""1 yemek kaşığı mayonez"", ""3 su bardağı yoğurt""]","[""Patlıcanları yıkayın ve üstlerine bıçakla birer delik açıp, yağlı kağıt serilmiş bir fırın tepsisine dizin. Önceden ısıtılmış 200 derece fırında közlenmeleri için yaklaşık 20 dakika pişmeye bırakın."", ""Patlıcanlar pişerken, tavuğu küçük bir tencereye alın ve üstüne geçecek kadar su koyup yaklaşık 20 dakika haşlayın."", ""Tavuk haşlandıktan sonra didikleyin ve bir kenara alın."", ""Patlıcanlar közlendikten sonra kabuklarını soyun ve küp küp doğrayıp derince bir kaba alın."", ""Üstlerine küp küp doğranmış turşuları ekleyin."", ""Zeytinyağını küçük bir tencereye alın ve arpa şehriyeleri renkleri dönene dek kavurun, üstlerine geçecek kadar su ilave edin ve suyunu çekene dek pişirin."", ""Pişmiş olan arpa şehriyeleri de patlıcanların üstüne ekleyin."", ""İnce doğranmış maydanozu da ilave edin ve didiklenmiş olan tavuğu da ekleyin."", ""Üstlerine sarımsağı rendeleyin. Yoğurdu ve mayonezi de ekledikten sonra güzelce karıştırın ve bir servis tabağına alıp servis edin.""]"
32300991-23f4-4ff0-bea8-508830443b15,Frambuazlı Yer Fıstıklı Çikolata,Turkey,"Rengarenk frambuazlar, kremsi yer fıstığı ve zengin çikolata ile birleşen bu pratik tarif, tatlı krizlerinizi anında gidermek için mükemmel bir seçenek",Tatlı,"[""1 adet orta boy yumurta"", ""1 tatlı kaşığı tereyağı veya Hindistan cevizi yağı (oda sıcaklığında)"", ""1/2 adet orta boy muz"", ""1 tatlı kaşığı bal"", ""4 yemek kaşığı buğday ruşeymi"", ""5 yemek kaşığı badem unu"", ""1 çay kaşığı (silme) karbonat"", ""4 yemek kaşığı Hindistan cevizi"", ""1 çay bardağı fıstık ezmesi"", ""70 gram bitter çikolata"", ""100 gram frambuaz"", ""1 çay bardağı badem""]","[""Öncelikle fırını 180 derecede ısıtmaya başlıyoruz. Önce sıvı malzemeleri karıştırarak hamurumuzu yapmaya başlıyoruz. Sıvılar birbirine iyice geçtikten sonra katıları ekleyeceğiz."", ""Yumurta, muz püresi, bal ve yağı güzelce karıştırarak hamurumuzu yapmaya başlıyoruz."", ""Çırptığımız karışımın içine sırasıyla kuru malzemeleri ekliyoruz. Buğday ruşeymi, badem unu, Hindistan cevizi ve karbonatı ekleyip güzelce harmanlıyoruz."", ""Hamurumuzu yağlı kağıt koyduğumuz fırın tepsisine alıp, güzelce yayıp dikdörtgen şekli veriyoruz."", ""180 derece ısınmış fırına gönderiyoruz. 12 dakika gibi bir sürede pişiyor. Fırından alıp, ortadan iki parçaya ayırıp, fıstık ezmesini bir parçanın üzerine yayıp diğer parçayı onun üzerine kapatıyoruz."", ""En üste, kalan fıstık ezmemizi ekleyip üzerine frambuaz, badem parçaları ve benmari usulü erittiğimiz bitteri gezdiriyoruz. Bu aşamadan sonra dondurucuya atıp 3-4 dakika bitterin donmasını bekliyoruz."", ""Dondurucudan alıp dilim dilim porsiyonlara ayırıyoruz. Afiyet olsun.""]"
b9c67e57-4d8a-454d-9e4a-8ac1f2f9dd05,Kremalı Tiramisu,Turkey,"Klasik İtalyan lezzeti olan kremalı tiramisu, yumuşak dokusu ve zengin tadıyla tatlı krizlerinizi bastıracak",Ana Yemek,"[""4 adet yumurta sarısı"", ""300 gram taze peynir"", ""200 gram kaymak"", ""100 gram krema"", ""125 gram toz şeker"", ""1 su bardağı gr anül kahve"", ""1 paket kedidili bisküvi"", ""2 yemek kaşığı kakao""]","[""Yumurta sarılarını şeker ile birlikte bir kapta krema olana kadar iyice çırpıyoruz."", ""150 gr taze peyniri bu karışıma ekleyip benmari usulü 10 15 dk karıştırarak pişireceğiz."", ""Pişirdiğimiz sosu soğumaya alıyoruz."", ""Soğuyan karışıma kalan 150 gr taze peynirimizi ve kaymagimizi ekleyip iyice karıştırıyoruz."", ""Ayrı bir karıştırma kapında 100 gr kremayı iyice kabartma kadar çırpıyoruz."", ""Diğer karışıma kabarttigimiz kremayı bir spatula yardımı ile ekliyoruz. yavaş yavaş söndürmeden karıştırıyoruz."", ""Kedi dillerini soğuk kahveye batırıp dikdörtgen veya büyük boy kare borcama diziyoruz."", ""Üzerine hazırladığımız kremayı döküp spatula ile üzerine kakao döküp 12 saat buzdolabında dinlendiriyoruz.Ardından dilimleyerek servis ediyoruz. Afiyetler olsun!""]"
9ecb2d8a-db5e-4875-a775-e17af679acf4,Kolay Pişi,Turkey,Pratik ve lezzetli kahvaltılık pişi tarifi,Ye,"[""1 adet yumurta"", ""1 çay bardağı yoğurt"", ""1 paket kabartma tozu"", ""5 yemek kaşığı sıvı yağ"", ""2 su bardağı un (kıvamına göre artırılabilir)"", ""2 çay kaşığı tuz""]","[""Yoğurt, yumurta, tuz ve sıvı yağı bir kaba alıp karıştıralım."", ""Un ve kabartma tozunu da ekleyip kulak memesi kıvamında yoğuralım."", ""15 dakika hamurumuzu dinlendirelim."", ""Hamurumuzu 2 parçaya bölüp her parçayı servis tabağından çok az daha büyük şekilde açalım. ."", ""Hamur ince veya çok kalın olmamalı. İster kare ister şekilli kalıplarla hamurlarımızı keselim."", ""Kızgın yağda arkalı önlü kızartıp servis edebiliriz. Afiyet olsun.""]"
417324bc-49b1-4a6a-961e-fd4407c7339a,Mercimek Ekmeği,Turkey,"Sağlıklı ve doyurucu mercimek ekmeği, hem lezzetli hem de pratik bir tarif",Sebze Yemekleri,"[""2 su bardağı kırmızı mercimek (bir gece önceden suya konup sabaha kadar bekletilecek)"", ""4 adet yumurta"", ""1/2 su bardağı zeytinyağı"", ""1 su bardağı yoğurt"", ""100 gram peynir"", ""1 yemek kaşığı çörek otu"", ""1 yemek kaşığı susam"", ""1 paket kabartma tozu""]","[""Geceden suya koyduğumuz mercimeklerin suyunu süzelim. Kabartma tozunu yoğurtla karıştırıp bir kenara alalım ve maydanozları ince ince kıyalım."", ""Mercimekleri robotta veya blenderla pütür kalmayacak şekilde çekelim. Sırasıyla bütün malzemeleri ekleyip iyice karıştıralım. Yağlanmış tepsiye dökelim."", ""Önceden ısınmış fırın da 180 derece de 35-40 dakika pişirelim (her fırının pişirme süresi farklı olabiliyor kontrollü olalım) Ardından çıkarıp soğuttuktan sonra dilimleyerek servis edelim. Afiyetler o""]"
e12af823-b09e-45c8-be89-b468fb9259a3,Vegan Waffle,Turkey,"Sağlıklı ve lezzetli, karabuğday unu ve yulafla hazırlanan pratik bir vegan waffle tarifi",Vegan,"[""1,5 su bardağı karabuğday unu"", ""1/2 su bardağı ince çekilmiş yulaf"", ""1 yemek kaşığı keten tohumu"", ""1 paket kabartma tozu"", ""1 yemek kaşığı toz şeker"", ""1 su bardağı badem sütü"", ""1 yemek kaşığı limon suyu"", ""1/4 su bardağı kanola yağı"", ""2 yemek kaşığı akçaağaç şurubu""]","[""Kullanacağınız waffle makinesi ya da alternatif olarak kullanabileceğiniz tost makinesini önceden ısıtın."", ""Badem sütü, limon suyu, kanola yağı ve akçaağaç şurubunu küçük bir kaba alın ve çırpın."", ""Sıvı malzemeler birbiri ile kaynaştı, sıra kuru malzemelerde. Karabuğday unu, ince çekilmiş yulaf, keten tohumu, kabartma tozu ve toz şekeri ayrı bir kaba aktarın."", ""Çırptığınız sıvı malzemeler ile kuru malzemeleri bir kapta karıştırın."", ""Isınan waffle makinesinin kapağını kaldırın. Yapışmaması için sprey bir yağ ile tabanını yağladığınız waffle makinesinin gözlerine hazırladığınız hamurdan bir kepçe kadar alın."", ""Kapağını kapattıktan sonra kısa sürede, hafif bir renk alana kadar pişirdiğiniz waffleları, üzerlerine pudra şekeri eleyip, arzuya göre kuru yemişler ile süsledikten sonra servis edin. Sevdiklerinizle""]"
c4a64b41-143b-4e34-87e6-18244ea8dd6d,Yumurtasız Dondurma,Turkey,Yumurtasız pratik dondurma tarifi ile keçi sütünün eşsiz lezzetini deneyin,Tatlı,"[""1 litre keçi sütü"", ""1 su bardağı toz şeker"", ""1 tatlı kaşığı salep"", ""300 gram eritilmiş bitter çikolata"", ""1 yemek kaşığı nişasta""]","[""Sütü, şeker, nişasta ve salebi bir tencerenin içerisine alın. Tel çırpıcı yardımıyla karıştırarak hafif koyu kıvamlı bir hal alana kadar pişirin."", ""Kıvam alınca ocaktan alın ve kaplara paylaştırıp buzllukta ortalama 5 saat kadar dondurun."", ""Çıkarıp dondurma makinesine aktarın. Bu aşamada içerisine eritilmiş çikolatayı da ilave edin ve makinenizi 30 dakika kadar çalıştırın."", ""İstediğiniz dondurma kıvamını alınca dondurmanız hazır! Dondurma kaşığı yardımıyla şekillendirerek servis edebilirsiniz. Şimdiden ellerinize sağlık.""]"
d47ad94c-56a8-4e40-8847-ffaa771017b6,Fit Gofret,Turkey,Sağlıklı atıştırmalık arayanlar için pratik ve lezzetli bir fit gofret tarifi,Et Yemekleri,"[""3 adet gevrek ekmek"", ""6-8 çay kaşığı fıstık ezmesi"", ""50 gram bitter çikolata""]","[""Öncelikle gevrek ekmekleri 4 eş parçaya bölelim. Daha sonra her bir gofret için 3 parça kullanacağız."", ""Her katın arasına 1 çay kaşığı kadar fıstık ezmesi sürüp diğer diğer katı üzerine kapayıp aynı işlemi yapalım. Yani 1 adet gofret için 2 çay kaşığı (hatta 1.5 da güzel olur ) fıstık ezmesi kullanalım."", ""En son benmari usulü eritilmiş çikolataya bulayıp yağlı kağıt üzerine yerleştirelim. 15 dakika buzdolabında dinlendirdikten sonra afiyetle yiyelim.""]"
2b880a56-054b-4f0a-9b91-4723948be446,Kahvaltılık Kavurma,Turkey,"Lezzetli ve doyurucu bir kahvaltı seçeneği olan bu kavurma, misafirlerinizi de etkileyecek",Kahvaltı,"[""1 kilogram kuşbaşı kuzu eti"", ""1 adet kuru soğan"", ""1 tatlı kaşığı tuz"", ""200 gram iç yağı""]","[""Kuşbaşından biraz daha küçük olarak doğranmış etleri, iyice ısıttığınız çelik bir tencereye alın. Soğanın kabuğunu soyup, yıkayın ve bütün olarak etlerin içine atın."", ""Etleri tahta bir kaşık yardımıyla 5 dakika kadar yüksek ateşte kavurun ve ardından tencerenin altını kısıp, kapağını kapatın."", ""Ara ara karıştırarak, etler suyunu salıp tekrar çekene dek yaklaşık 1 saat boyunca pişmeye bırakın."", ""Etler suyunu çektiğinde soğan da oldukça yumuşamış olacak. Yumuşamış olan soğanı dağılmamasına özen göstererek, tencereden çıkartın ve atın."", ""Suyunu çekmiş olan etlerin için iç yağını da ilave edin ve güzelce karıştırdıktan sonra, altını biraz açın ve kapağı kapalı olarak yaklaşık 10 dakika boyunca, yağlar eriyene dek pişirin."", ""Pişirme süresinin sonunda tuzunu ilave edin ve güzelce karıştırıp, ılıklaşması için bir kenara alın."", ""Bu sırada; 1,5 litrelik bir pet şişenin ağzı kısmını bıçakla kesin. Ilıklaşmış olan etleri, pet şişenin içerisine sıkı sıkı bastırarak doldurun ve ağzını streç filmle kapatın. O da sıcaklığında soğudu"", ""Et iyice donduktan sonra buzdolabından alın, pet şişeyi kesin ve kavurmanızı bütün bir rulo halinde çıkartın. İhtiyacınız kadarını dilimleyerek kullanın. Kalanını buzdolabında streç filme sararak sakl""]"
0fcf8d10-317b-4be8-8dac-33ff69708597,Bol Çikolatalı Şelale Kek,Turkey,"İçinden akan çikolata şelalesiyle damakları şenlendiren, bol çikolatalı ve lezzetli bir kek tarifi",Tatlı,"[""3 adet yumurta"", ""1 su bardağı toz şeker"", ""1 su bardağı sıvı yağ"", ""1 su bardağı yoğurt"", ""3 yemek kaşığı kakao"", ""2 su bardağı un"", ""1 paket kabartma tozu"", ""1 paket vanilya""]","[""Yumurta ve toz şekeri bir kabın içerisinde güzelce çırpın."", ""Üzerine sıvı yağ ve yoğurdu ilave ederek çırpmaya devam edin."", ""Ardından un, kakao, kabartma tozu ve vanilyayı eleyerek 2 seferde karışıma ilave edin."", ""Güzelce karıştırdıktan sonra yağlanmış kek kalıbına aktarın ve önceden ısıtılmış 175 derecelik fırında yaklaşık 45 dakika kadar pişirin."", ""Ardından kekinizi fırından alıp oda sıcaklığında soğutun. Tamamen soğuduğunda kalıptan çıkarıp ters çevirerek bir tabağa alın."", ""Sosu için Nutella, krema ve çikolatayı bir sos tenceresine aktarın ve çikolata eriyip homojen bir kıvam alana kadar karıştırın. Ardından ocaktan alın."", ""Hazırladığınız sosu kekin üzerine gezdirin. Üzerini Antep fıstığı, fındık ve Hindistan cevizi ile süsleyerek servis edin. Afiyetler olsun!""]"
16f59650-0dcf-42cb-baba-e47eb517e485,Yumuş Poğaça,Turkey,"Mis gibi kokan, içi yumuşacık poğaçalar için pratik ve lezzetli bir tarif",Börek & Hamur İşi,"[""3 su bardağı ılık süt (eğer süt yoksa ılık su koyabilirsiniz)"", ""1 su bardağı zeytinyağı"", ""1 adet yumurta"", ""1 paket instant maya"", ""1 tatlı kaşığı tuz"", ""1 yemek kaşığı toz şeker"", ""3,5 su bardağı un""]","[""İlk olarak derin bir kaba; un, kuru maya, tuz ve şekeri alıp karıştırıyoruz."", ""Daha sonra bu malzemelerin ortasında bir boşluk oluşturup ılık süt, zeytinyağı ve yumurta beyazını koyup hepsini karıştırıyoruz."", ""Üzerini streç ya da bir kapakla kapatıp sofra bezine sarıyoruz. En az yarım saat bu şekilde mayalanması için bekletiyoruz."", ""Eğer vaktiniz varsa bir saat bekletirseniz daha iyi kabarır ve yumuşak olur. Bu sürenin sonunda hamurumuza şekil veriyoruz."", ""Ben düğüm şeklinde yapıyorum. Siz normal yuvarlak yada başka şekilde de yapabilirsiniz."", ""Şeklini verdikten sonra yağlı kağıt serilmiş tepsiye yerleştiriyoruz ve üzerine yumurta sarısı sürüyoruz."", ""Fırının içine koyup fırını çalıştırmadan önce de yarım saat mayalanması için bekletiyoruz. Vakit varsa bir saat mayalanması daha iyi olur."", ""Daha sonra fırını 180 derece fansız ayarda çalıştırıp üzeri kızarıncaya kadar pişiriyoruz, benim fırınımda yarım saatte pişiyor."", ""Fırından çıkınca ister sıcak sıcak servis edebiliriz."", ""İsterseniz de ilk sıcaklığı gidince poşetleyip buzluğa atabilirsiniz."", ""Ani misafirlerinizde çıkarıp mikrodalga fırın da ısıtıncada yeni pişmiş gibi oluyor. Afiyet olsun.""]"
31f9afe1-32da-43a6-89f8-2a9e6ed61aed,Bal Kabağı Görünümlü Poğaça,Turkey,"Bal kabağı şeklindeki bu lezzetli poğaçalar, hem göz dolduruyor hem de damakları tatlandırıyor",Börek & Hamur İşi,"[""2 su bardağı ılık süt"", ""1 su bardağı sıvı yağ"", ""1 paket kuru maya"", ""1 çay kaşığı tuz"", ""2 adet yumurta beyazı (hamurun içine)"", ""2 adet yumurta sarısı (hamurun üzerine)"", ""4-5 su bardağı un (kontrollü ekleyin)""]","[""İlk önce krem çikolatamızı yağlı kağıdın üzerine tatlı kaşığıyla 20 adet porsiyonlayıp dondurucuya kaldırıyoruz."", ""Mayayı, şekeri, tuzu derin bir yoğurma kabına alıp ılık sütü ve sıvı yağı ekleyip biraz karıştırıp mayanın erimesini sağlayın."", ""Yumurta aklarını ekleyip biraz karıştırdıktan sonra tuzu ve kontrollü olarak unu eklemeye başlayın. Hamur ele yapışmayacak hale gelince un eklemeyi durdurun."", ""Hamuru güzelce toparlayıp üzerini temiz bir mutfak örtüsüyle kapatıp mayalanması için 45 dakika bekleyin."", ""Mayalanan hamuru 20 bezeye ayırıp her birinin ortasına donmuş çikolatalardan koyarak yuvarlak yapın."", ""Temiz gıdaya teması uygun bir iple yaptığınız yuvarlak hamurların etrafından çapraz bağlamalar yaparak ufak düğüm atın."", ""Fırın tepsisine aldığınız hamurlarınızın üzerine yumurta sarısı sürerek 15 dakika bekletip 180 derece önceden ısıtılmış fırına verin.""]"
bbe00141-f6c2-43d8-ad5b-eeac798a14ba,Domates Tartar,Turkey,"Taze domateslerin, ferahlatıcı salatalık ve keskin mor soğanla buluştuğu, lezzetli ve pratik bir başlangıç",Sebze Yemekleri,"[""2 adet domates"", ""1/4 adet mor soğan"", ""1/2 adet salatalık"", ""2 yemek kaşığı kapari"", ""1 tatlı kaşığı hardal"", ""2 tatlı kaşığı maydanoz""]","[""Domateslerin kabuklarını soyun, çekirdeklerini çıkartın ve ufak küpler halinde doğrayıp hafifçe tuzlayın. Bir süzgece alıp 10 dakika bekletin."", ""Soğan, salatalığın çekirdeksiz kısımları, fesleğen, maydanoz ve kaparileri de ayrı ayrı çok ufak küpler halinde doğrayın."", ""Bir kase içerisinde doğradığınız malzemeler, süzülmüş domatesler, hardal ve mayonezi nazikçe karıştırın."", ""Hazırladığınız tartarı bir çemberin içine hafifçe bastırıp tabağa alın, çemberi çıkartın. Ekşi mayalı ekmek, kavrulmuş susamlar ve zeytinyağı ile süsleyip servis edin.""]"
834abc59-1856-4262-9377-4a581e872332,Ev Yapımı Supangle,Turkey,Pratik ve lezzetli ev yapımı supangle tarifi ile misafirlerinize unutulmu bir tatlı sunun,Ye,"[""1 litre süt"", ""1 adet yumurta"", ""2 tepeleme yemek kaşığı un"", ""1 tepeleme yemek kaşığı mısır nişastası"", ""6 yemek kaşığı esmer şeker"", ""2 yemek kaşığı kakao"", ""80 gram bitter çikolata"", ""1 yemek kaşığı tereyağı"", ""1 çay bardağı soğuk su""]","[""Süt, şeker, un, nişasta, kakao ve yumurta bir tencereye alarak sürekli karıştırarak göz göz olana dek pişirin."", ""Piştikten sonra ocaktan alın içerisine tereyağ ve çikolata ekleyerek sıcağıyla erimesini sağlayın."", ""Üzerinin kabuk bağlamaması için mümkünse oda sıcaklığında soğuyana dek ara sıra karıştırın."", ""En son içerisine kıvamına göre azar azar buz gibi suyu ekleyin ve mikserle 5-6 dakika çırpın ve servis kaselerine alın."", ""Dibine kakaolu kek ekleyebilirsiniz nefis olur. Buzdolabında 4-5 saat dinlendirin üzerini dilediğiniz gibi süsleyerek servis edin.""]"
cdcf37c5-ceeb-49a9-b13f-d8611280463a,Pratik Tava Böreği,Turkey,"Yufka ve pratik malzemelerle hazırlanan, lezzetli ve hızlı bir tava böreği tarifi",Börek & Hamur İşi,"[""4 adet yufka"", ""1 çay bardağı zeytinyağı"", ""1 çay bardağı süt"", ""1 çay bardağı soda"", ""1 adet yumurta"", ""1 su bardağı lor peyniri"", ""1/2 su bardağı kaşar peyniri"", ""1 çay kaşığı tuz"", ""1 çay kaşığı pul biber""]","[""Küp küp doğranmış sucukları, rendelenmiş kaşar peyniri, lor peyniri, ince kıyılmış maydanozu ve pul biberi bir kasede karıştırarak böreğin iç harcını hazırlayalım."", ""Süt, yağ, soda ve yumurtayı başka bir kasede karıştıralım."", ""Derin ve geniş bir tavayı kısık ateşte yanan ocağa alalım. 1 adet yufkayı kenarları dışarıda kalacak şekilde tavaya yerleştirelim."", ""İkinci yufkayı parçalara ayırarak sütlü sodalı karışıma batıralım ve tavadaki yufkanın üstüne yerleştirelim."", ""Peynirli karışımdan üzerine bolca yayalım."", ""Üçüncü yufkayı da parçalara ayırarak sütlü karışıma batırıp, peynirlerin üstüne yerleştirelim."", ""Bir kat daha peynirli harç yayalım."", ""Son yufkayı da parçalara ayırarak sütlü karışıma batırıp, peynirli harcın üzerine yerleştirelim."", ""Tabandaki yufkanın tavanın dışında kalan kısımlarını böreğin üstüne kapatalım. Yapışması için sütlü harçtan en üste sürelim."", ""Tavanın kapağını kapatarak, kısık orta ateşte 15 dakika pişirelim. Sonra böreği ters çevirerek diğer yüzünü de 15 dakika pişirelim. Afiyet olsun.""]"
f4b5acde-207f-44b5-b26c-1abd81956b15,Limonlu Ev Yapımı Cheesecake,Turkey,"Taze limon aromasıyla harmanlanmış, pratik ve lezzetli ev yapımı cheesecake tarifi",Ana Yemek,"[""2 paket yulaflı bisküvi"", ""2 yemek kaşığı (tepeleme) tereyağı"", ""600 gram labne"", ""200 mililitrekrema"", ""1 su bardağı şeker"", ""2 adet yumurta"", ""1,5 yemek kaşığı (tepeleme) un"", ""1,5 yemek kaşığı (tepeleme) nişasta"", ""1 paket şekerli vanilin""]","[""Erittiğimiz tereyağı toz haline getirdiğimiz bisküvilerle tamamen yedirene kadar karıştırıyoruz, yağlı kağıt serdiğimiz kelepçeli kaba döküp bardak yardımıyla bastırıyoruz dolaba kaldırıyoruz."", ""Orta kısım için şeker ve labne peynirini iyice çırpıyoruz, krema nişasta, un ve vanilini ekleyip tamamen karışana kadar çırpmaya devam ediyoruz. En son yumurtaları tek tek ekleyip tamamen karışana kad"", ""Folyoyla alt tarafını tamamen sardığımız kelepçeli kaptaki bisküvilerin üzerine döküp kelepçeli kabı fırın tepsisine koyuyoruz. Tepsiye 2 su bardağı su koyup önceden ısıtılmış 150 derecede 1 saat pişi"", ""Sosu için bütün malzemeleri kaynatıp soğumaya bırakıyoruz. Cheesecake ve sos ılındıktan sonra sosu döküp dolapta 1 gün dinlenmeye bırakıyoruz.(3-4 saat de olabilir) Ertesi gün süsleyip servis yapıyor""]"
6b34b7b3-00db-4bfd-b11c-0fd4a378a52e,Karamelize Soğan Çorbası,Turkey,"Yavaşça karamelize edilmiş soğanların zengin tadıyla hazırlanan, sıcacık ve lezzetli bir çorba",Çorba,"[""2 adet orta boy soğan"", ""3-4 yemek kaşığı sıvı yağ"", ""1 yemek kaşığı tereyağı"", ""4 yemek kaşığı un"", ""1 çay kaşığı tuz"", ""7 su bardağı su"", ""1/2 su bardağı süt""]","[""İnce uzun doğradığınız soğanları karamelize olana kadar sıvı yağda kavurun. Soğanlar karamelize olunca tereyağını ekleyin. Tereyağı da eriyince unu ekleyip hafif kokusu çıkana kadar kavurun."", ""Suyu ekleyip çırpıcı ile hızlıca karıştırın. Tuzu ve karabiberi ekleyip ara ara karıştırarak kaynamaya bırakın."", ""Kaynayınca içerisine sütü ekleyip 10 dakika kadar kaynatın. Sonrasında ocaktan alın ve sıcak servis edin, afiyet olsun.""]"
8f39abc9-24b5-4945-8ac9-f494d72295f2,Kayısı Kompostosu,Turkey,"Yaz aylarının ferhatlatıcı serinliği, bu kolay ve lezzetli kayısı kompostosu ile sofranızda",Ana Yemek,"[""1 litre su"", ""2 adet karanfil (arzuya göre)"", ""1 adet çubuk tarçın"", ""1,5 su bardağı şeker"", ""1 tatlı kaşığı limon suyu""]","[""Kayısıları sıcak suda yıkayıp küp küp doğruyoruz. Doğradığımız kayısıyı önceden kaynattığımız sıcak suyun içine koyuyoruz ve ocağa alıyoruz."", ""Sonrasında şekeri, tarçını, zencefili ilave ediyoruz ve kaynamaya bırakıyoruz."", ""Ardından ocaktan alıyoruz. İçerisindeki baharatları çıkararak soğuk şekilde servis ediyoruz. Afiyetler olsun!""]"
cce3b04a-afb0-4b1b-ab39-d719b484f1f1,Havuçlu Kıyır Poğaça,Turkey,"Havuçlu kıyır poğaça, çay saatlerinin vazgeçilmez lezzetlerinden biri",Börek & Hamur İşi,"[""100 gram tereyağı"", ""1/2 su bardağı sıvı yağ"", ""3 yemek kaşığı yoğurt"", ""1 çay bardağı süt"", ""2 adet yumurta (birinin sarısı üzerine sürülecek)"", ""1 yemek kaşığı sirke"", ""1 tatlı kaşığı tuz"", ""1 tatlı kaşığı şeker"", ""1 adet kabartma tozu"", ""5,5-6 su bardağı un"", ""3 adet havuç""]","[""Un hariç bütün malzemeleri bir araya getirin ve güzelce karıştırın."", ""Homojen olan karışımın üzerine azar azar unu ekleyin ve güzelce yoğurun."", ""Hamurunuzun üzerine, rendelenmiş havuçları ve dereotunu ekleyerek tekrar yoğurun."", ""Bu aşamada tekrar un ilavesine ihtiyacınız olacak, kıvamına göre un ekleyin."", ""Havurdan ceviz büyüklüğünde parçalar koparıp, elinizle bastırın."", ""Arzu ederseniz içine peynir koyabilirsiniz."", ""Kenarlarından üst üste getirin ve bastırın."", ""Üzerine yumurta sarısı sürün ve çatalla uzun çizikler atın."", ""180 dereceye ayarlı önceden ısıtılmış, fansız fırında poğaçalar kabarana kadar pişirin. Afiyet olsun!""]"
a6d53a75-8773-48db-887e-40db40047010,Pratik Peynirli Poğaça,Turkey,"Lezzetli pratik poğaçalar, çay saatleriniz için harika bir seçenek",Börek & Hamur İşi,"[""1 su bardağı sıvı yağ"", ""1 su bardağı su"", ""1 su bardağı süt"", ""1 adet maya"", ""2 çay kaşığı tuz"", ""1 adet yumurta akı"", ""6-7 su bardağı un (aldığı kadar)"", ""1 adet yumurta sarısı""]","[""Hamur malzemelerimizin hepsini karıştırıyoruz. (sıvı yağ, süt, şeker, su, maya, tuz, şeker, yumurta beyazı)"", ""Daha sonra üzerine un eklemeye başlıyoruz. (yaklaşık 6-7 su bardağı) Ele yapışmayan kıvama gelinceye kadar un eklemeye devam ediyoruz."", ""Hamurumuzu tamamen yoğurduktan sonra 1 saat kadar üzerine bez serip, dinlendiriyoruz."", ""Mayalanan hamurumuzu mandalina büyüklüğü kadar yuvarlayıp içine peynir ekleyip, tepsimize diziyoruz."", ""Yuvarlak haline getirdiğimiz hamurlamızın üzerilerine bıçak yardımıyla bir düz bir yan şeklinde çizikler atıyoruz."", ""Üzerine yumurta sarısı sürüp çörek otu serpiyoruz."", ""180 derecede üzeri kızarana kadar pişiriyoruz ardından sıcaklığı 100 dereceye düşürüp, 10 dakika kadar daha pişiriyoruz. Afiyet olsun.""]"
fb48a8e0-7aae-463e-8ee3-15e51012d481,Fırında Kıymalı Kabak,Turkey,"Fırında yumuşayarak lezzetlenen kabaklar, zengin kıymalı harç ile buluşuyor",Et Yemekleri,"[""2 adet büyük boy (etli kabak)"", ""2 yemek kaşığı zeytinyağı"", ""1 adet orta boy kuru soğan"", ""250 gram orta yağlı kıyma"", ""1 adet büyük boy domates"", ""1 tatlı kaşığı biber salçası"", ""1/2 tatlı kaşığı nane"", ""1 çay kaşığı tuz"", ""1/2 çay kaşığı karabiber""]","[""Bol suda yıkadığınız kabakları, sap ve uç kısımlarını kestikten sonra alacalı şekilde soyun."", ""Keskin bir bıçak yardımıyla ortadan ikiye kestiğiniz kabakların iç kısımlarını bir kaşık yardımıyla boşaltın. Bu esnada taban kısımlarını zedelememeye ve delmemeye dikkat edin."", ""Kabakları, sıcak su dolu bir tencerede yaklaşık 5 dakika kadar haşlayın. Sonrasında bir kevgir yardımıyla suyunu süzdürüp, orta kısımları yukarıda kalacak şekilde yağladığınız fırın tepsisine alın."", ""Kıymalı iç harcı hazırlamak için; kuru soğanı küçük parçalar halinde yemeklik doğrayın. Sarımsağı ince ince kesin."", ""Kabuğunu soyduğunuz domatesi küp şeklinde doğrayın. Dereotunu incecik kıyın."", ""Zeytinyağını bir tavada kızdırın. Yemeklik doğradığınız soğan ve sarımsakları hafif bir renk alana kadar kavurun."", ""Lezzet vermesi adına tercih edebileceğiniz orta yağlı kıymayı tavaya alın. Kavrulmakta olan soğanlarla birlikte renk alıp, suyunu çekene kadar pişirin."", ""Aralarda karıştırıp pişirme işlemine devam ederek sırasıyla; doğranmış domates, biber salçası, nane, tuz ve karabiberi ekleyin."", ""Ocaktan aldığınız kıymalı iç harca ince ince kıydığınız dereotunu katıp, karıştırın. Haşladığınız kabakların orta kısımlarını kıymalı harç ile doldurun."", ""Üzerini süslemek için; domatesi yarım ay şeklinde dilimleyin. Kaşar dilimlerini ortadan ikiye kestikten sonra domateslerle birlikte kabakların üzerine yerleştirin. Fırın tepsisine sıcak suyu ekleyin."", ""Karnıyarık şeklini alan kabakları, önceden ısıtılmış 180 derece fırında 20 dakika kadar pişirdikten sonra sıcak olarak servis edin. Sevdiklerinizle paylaşın.""]"
213f7913-12d7-4cbb-baf2-575e9be9bc71,Patlıcan Musakka,Turkey,"Zeytinyağlı patlıcanların, bol kıymalı ve soslu harç ile buluştuğu, fırında pişen geleneksel ve lezzetli bir Türk yemeği",Sebze Yemekleri,"[""2 yemek kaşığı sıvı yağ"", ""1 adet orta boy kuru soğan"", ""3 adet orta boy çarliston biber"", ""4 adet orta boy patlıcan"", ""300 gram az yağlı kıyma"", ""1 yemek kaşığı domates salçası"", ""1 çay kaşığı tuz"", ""1 çay kaşığı karabiber"", ""1 çay kaşığı kimyon"", ""2 adet domates"", ""1 su bardağı su""]","[""Patlıcan musakka için ilk olarak, patlıcanların uç kısımlarını kesip, kabuklarını alacalı bir şekilde soyun. Halka halka kestiğiniz patlıcanları, acısının çıkması için bol tuzlu suda bekletin."", ""Bir tavada sıvı yağı kızdırın ve yemeklik doğradığınız soğanları ekleyip pembeleşinceye kadar kavurun. Ardından, üzerine biberi ilave edin ve kavurmaya devam edin."", ""Hazırlanan soğan ve biber karışımına kıymayı, salçayı, tuzu, karabiberi ve kimyonu ekleyip, nefis bir kıymalı harç elde edene kadar pişirmeye devam edin."", ""Küp doğradığınız domatesleri de bu karışıma ekleyip pişirmeye bırakın. Domateslerin tamamen pişmesiyle birlikte ocaktan alın."", ""Patlıcanları kızartmak için geniş tabanlı bir tavada ayçiçek yağını kızdırın. Tuzlu suda beklettiğiniz patlıcanların acısını çıkardıktan sonra, salata kurutucusu veya kağıt havlu yardımıyla iyice kuru"", ""Altın rengini alan patlıcanları kızgın yağdan çıkarın ve ayrı bir tencereye dizin."", ""Üzerine hazırladığınız nefis kıymalı harcı ekleyin."", ""Son olarak, 1 su bardağı su ilave edin ve 15 dakika boyunca pişirmeye bırakın. Bu süreç, malzemelerin birbirine geçmesini sağlayarak musakkanın lezzetini zirveye taşıyacaktır."", ""Patlıcan musakka hazır. Hazırladığınız patlıcan musakkayı sıcak olarak servis edin. Afiyet olsun.""]"
6252fc69-7f0f-4efc-a8c1-e03621471463,Bol Meyveli Hoşaf,Turkey,"Taze meyvelerin ve tarçının harmanlandığı, ferahlatıcı bir hoşaf lezzeti",Ana Yemek,"[""1 adet çubuk tarçın"", ""Etimek Tatlısı Tarifi"", ""Damla Çikolatalı Kurabiye"", ""Tatlı Tarifleri Spoonful Mozaik Pasta Çikolatalı Sufle İrmik Helvası Fırın Sütlaç Profiterol Revani Magnolia"", ""Kahvaltılık Tarifler Pancake Krep Pişi Kuymak Kaygana Kahvaltılık Sos Menemen Muhlama Yumurtalı Ekmek Omlet"", ""Omlet""]","[""Suyu tencereye alıp kaynadıktan sonra bütün malzemeleri tencereye ekleyip 10- 15 dakika yumuşayıp, şişine kadar kısık ateşte kaynatın."", ""Kaynadıktan sonra, ocaktan alıp oda sıcaklığına gelinceye kadar bekletin."", ""Buzdolabında soğutup servis edebilirsiniz. Afiyet olsun.""]"
c5fb50d8-9641-45fa-91cf-c4fe4eb32a6e,Meyveli Semizotu Salatası,Turkey,"Taze çilekler ve semizotu ile hazırlanan ferahlatıcı, nar ekşisi ve susamla zenginleştirilmiş hafif bir salata",Salata,"[""10 adet çilek"", ""1 tatlı kaşığı susam"", ""1 yemek kaşığı nar ekşisi"", ""1 adet limon""]","[""Semiz otlarının yaprak kısımlarını ayıklayın ve güzelce yıkayın. Çilekler saplarından ayırın, yıkayın ve dört parçaya ayırın."", ""Yarım avuç çiğ fındığı hafif dövün. 1 dilim beyaz peynir küçük küpler halinde doğrayın Tüm malzemeler sunum kasesine alın."", ""Sosu için 1 küçük limon suyu, 1 yemek kaşığı nar ekşisi hafif tuz ve zeytinyağı karıştırıp üzerinde gezdirin."", ""Son olarak susamlarla tarife renk verip servis edebilirsiniz.""]"
33458da1-e662-4d5a-ac67-e49b01ccbaea,Saray Sarması,Turkey,"Saray Sarması, yumuşacık ve lezzetli iç harcıyla misafirlerinizi büyüleyecek unutulmaz bir tatlıdır",Ana Yemek,"[""1 litre süt"", ""1 su bardağı toz şeker"", ""3 yemek kaşığı un"", ""2 yemek kaşığı nişasta"", ""3 yemek kaşığı kakao"", ""1 paket vanilya"", ""1 yemek kaşığı tereyağı""]","[""Şeker, nişasta, un, kakaoyu bir tencerede karıştıralım. Sütümüzü ekleyip iyice karıştıralım."", ""Ocağa alıp göz göz olana kadar pişirelim. Ocaktan alıp vanilya ve tereyağını ekleyip karıştıralım."", ""Büsküvimizi robottan geçirip tepsimize yayalım ve üzerine bastıralım."", ""Sıcak muhallebimizi üzerine dökelim ve 30 dakika soğumaya bırakalım."", ""Krem şantimizi çırpıp üzerine sürelim ve 15 dakika dolapta soğutalım."", ""Bir spatula yardımıyla yuvarlak şekilde saralım."", ""Üzerine Hindistan cevizi döküp servis edelim. Afiyet olsun.""]"
221d2b7f-d46b-4e4c-9a5a-8620674b9e81,Tel Şehriyeli Çıtır Patates,Turkey,"Haşlanmış patateslerin tel şehriye ile buluştuğu, dışı çıtır içi yumuşak lezzetli bir tarif",Ana Yemek,"[""1 su bardağı tel şehriye"", ""4 adet patates (haşlanmış)"", ""1 adet yumurta (beyazı ve sarısı ayrı kullanılacak)"", ""2 yemek kaşığı galeta unu"", ""2 çay kaşığı tuz"", ""1 çay kaşığı karabiber"", ""80 gram kaşar peyniri (küp doğranmış)""]","[""Haşlanmış patatesleri bir kaba alın ve güzelce ezin."", ""Yumurta sarısı, tuz, karabiber ve galeta unu ekleyip karıştırın."", ""Püreden ceviz büyüklüğünde parçalar koparın ve ortasına kaşar peyniri ekleyip yuvarlayın."", ""Patates toplarını önce yumurta beyazına sonra tel şehriyeye bulayın."", ""Kızgın yağda altın sarısı olana kadar kızartın ve sıcak olarak servis edin. Afiyet olsun!""]"
df3166bc-eb1e-4c07-8c4e-03a46b15f5bd,Nişastalı Kurabiye,Turkey,"Hafif ve kıtırlı nişastalı kurabiye, çay saatlerinin vazgeçilmezi",Tatlı,"[""150 gram tereyağı (oda sıcaklığında)"", ""250 gram toz şeker"", ""2 adet yumurta"", ""150 gram un"", ""150 gram nişasta (mısır veya buğday nişastası)"", ""1 paket vanilya"", ""1 paket kabartma tozu"", ""2 yemek kaşığı zeytinyağı"", ""70 gram toz fındık"", ""70 gram damla çikolata""]","[""Oda sıcaklığında beklettiğiniz tereyağı, toz şeker ve yumurtaları bir kapta mikserle çırpın."", ""Un, nişasta, vanilya ve kabartma tozunu eleyerek bu karışıma ekleyin. Malzemeler karışana kadar mikserle çırpın."", ""Mutfak robotunda toz şeklinde çekilmiş fındık, zeytinyağı ve damla çikolatayı ekleyip, yoğurun. Yumuşak bir hamur elde edeceksiniz. En az 30 dakika buzdolabında dinlendirin."", ""Hamurdan ceviz büyüklüğünde parçalar koparıp, elinizde yuvarlayın. Hamur toplarını yağlı kağıt serilmiş fırın tepsisine aralıklarla dizin."", ""Önceden ısıtılmış 170 derece fırında, üzerleri pembeleşene kadar, yaklaşık 15 dakika pişirin."", ""Fırından çıkan nişastalı kurabiyeleri, oda ısısında ılık hale gelene kadar beklettikten sonra sevdiklerinizle paylaşın.""]"
50297ca2-e3e2-4754-8df7-613a8cc1238d,Şeftalili Yaz Keki,Turkey,"Yaz aylarının taze şeftalileriyle hazırlanan, hafif ve lezzetli bir kek tarifi",Tatlı,"[""3 adet yumurta"", ""1,5 su bardağı şeker"", ""3 su bardağı un"", ""1 paket kabartma tozu"", ""1 paket vanilin"", ""1 çay kaşığı tarçın"", ""5 adet şeftali ya da nektarin"", ""1/2 su bardağı sıvı yağ"", ""1 su bardağı süt""]","[""Yumurta ve şekeri mikserle yoğunlaşıncaya ve kabarıncaya kadar çırpın."", ""Unu geniş bir kaba eleyin, üzerine kabartma tozu, tarçın ve vanilini eleyin."", ""Yumurta ve şekerli karışıma 2-3 kere de karıştırarak yedirin."", ""Kalan sıvı malzeleri ekleyin. Homojen bir karışım olana kadar çırpmaya devam edin."", ""20 cm'lik kek kalıbını yağlayıp, unlayın. Hamuru kek kalıbına dökün ve bir kaç kez dibini tezgaha vurarak içindeki kabarcıkları patlatın."", ""Şeftalileri iyice temizleyin, kurulayıp yarım daire şeklinde dilimler çıkarın."", ""Hamurun üzerine gelişi güzel çıkardığınız dilimleri yerleştirerek hamurun içerisine hafifçe gömülmesi için bastırın."", ""Önceden ısıtılmış 175 derecelik fırında 35 dakika pişirin. İşte bu kadar, afiyet olsun!""]"
c6ce5f5f-4f39-4439-bf3e-b2ee3ee0ad7a,Tahin Pekmezli Krep,Turkey,"Tahin ve pekmezin muhteşem uyumuyla hazırlanan, besleyici ve lezzetli kahvaltılık krep",Ana Yemek,"[""2 adet yumurta"", ""1/2 su bardağı süt"", ""7 yemek kaşığı tam buğday unu"", ""1 tatlı kaşığı tahin"", ""2 tatlı kaşığı pekmez"", ""1 tatlı kaşığı eritilmiş tereyağı""]","[""Yumurta ve süt iyice çırpılır."", ""Elenen un harç çırpılmaya devam ederken eklenir."", ""Harç pürüzsüz kıvama gelince tahin, pekmez ve tereyağı eklenip tekrardan karıştırılır."", ""Harç önceden ısıtılan tavaya çok kalın olmayacak şekilde dökülür."", ""Her iki tarafı kızarıncaya kadar pişirilir."", ""Dilediğiniz mevsim meyveleri, kuru yemiş, çikolatalı fındık kreması ile süslenir. Afiyet olsun.""]"
eb6250b6-ebaf-41eb-9ab2-f697e3b1194b,Yunan Usulü Kabak Kızartması,Turkey,"Dışarı çıtır içi yumuşak Yunan usulü kabak kızartması, maden sodası sayesinde hafif ve lezzetli bir atıştırmalık",Sebze Yemekleri,"[""2 adet kabak"", ""1 çay bardağı un"", ""1 şişe maden sodası (200 ml)"", ""1 çay kaşığı tuz""]","[""Kabakları yıkayın ve güzelce kurulayın. Soyacak yardımıyla uzun şeritler halinde kesin."", ""Kabak dilimlerini bir tabağa alın üzerine tuz serpin ve fazla suyunu çekmesi için ara katlarına havlu peçete koyun. Bu şekilde 10 dakika bekletin."", ""Derin bir kaseye sosu için maden sodası, un ve tuzu ekleyin, karıştırın."", ""Kabak dilimlerini önce hazırladığınız sosa batırın. Her tarafı güzelce sosa bulanmış olsun."", ""Ardından kızgın yağda kabakları arkalı önlü olarak kızartın."", ""Kızaran kabakları bir servis tabağına alın. Süzme yoğurt ve baharatlar ile sos hazırlayıp üzerini kuru nane ile süsleyebilirsiniz. Afiyet olsun.""]"
f28834a4-5688-458c-babe-8094ada9cf7b,Kozalak Kurabiye,Turkey,"Kakaolu kek ve krema ile hazırlanan, çikolata kaplı lezzetli kozalak şeklindeki kurabiye tarifi",Tatlı,"[""2 adet kakaolu kek (baton)"", ""1 paket krema (200 ml)"", ""80 gram çikolata"", ""1 paket yaprak buğday gevreği"", ""1/2 su bardağı ince öğütülmüş fındık"", ""2 yemek kaşığı pudra şekeri""]","[""Bir kaba keki iyice toz gibi olana kadar ufalıyoruz."", ""İçerisine fındığı ve pudra şekerini ekliyoruz."", ""Küçük bir tencereye aldığımız kremayı ocağın küçük kısmına alıyoruz ve ısıtıyoruz. 2-3 dakika yeterli olacaktır."", ""Isıttığımız kremaya çikolatayı da ekleyip eritiyoruz."", ""Ufaladığımız keke erittiğimiz çikolatayı ekliyoruz ve yoğuruyoruz."", ""Ceviz büyüklüğünde parçalar alıp elimizde yuvarlayıp şekil veriyoruz."", ""Sonra gevreğe sıra sıra kozalak görünümü vererek keke hafifçe bastırıyoruz. Afiyet olsun.""]"
e398716e-f485-4bb3-8e5c-8a3c722943c9,İskender,Turkey,Dilimlenmiş etin üzerine özel sos ve yoğurtla servis edilen lezzetli İskender kebabı,Ana Yemek,"[""500 gram antrikot"", ""1 su bardağı süt"", ""1 çay kaşığı bal (opsiyonel)"", ""1 adet soğan"", ""1 tatlı kaşığı toz kırmızı biber"", ""2 yemek kaşığı zeytinyağı"", ""1 silme tatlı kaşığı kekik"", ""1 çay kaşığı karabiber"", ""1 çay kaşığı tuz""]","[""İskender için et ve soğan hariç bütün malzemeleri bir araya getirin ve güzelce karıştırın."", ""Karışıma eti ve halka halka doğranmış soğanları ekleyin. Üzerini streçleyin ve buzdolabında sosu içine çekmesi için en az altı saat mümkünse bir gün bekletin."", ""Dinlenmiş soslu etin içinden etleri ayırın. Streç filmin üzerine etlerinizi dizin."", ""Sıkı sıkı sararak salam şeklini verin. Dondurucu da en az 1 gece bekletin."", ""Buzluktan çıkarın. Daha çözülmeden keskin bir bıçakla ince ince kesin."", ""Tereyağını tavaya alıp eritin ve etleri üzerine ilave edin. Suyunu salıp çekene kadar pişirin."", ""Sosu için; bir sos tavasının içine tereyağı ilave edin. Salçayı ve toz biberi güzelce kavurun, 1 su bardağı kaynamış su ilave edin. Tuzunu ve karabiberini ilave ederek bir taşım kaynatın."", ""Pidelerinizi küp küp doğrayın. Üzerine sostan gezdirerek pidelerin ısınmasını ve yumuşamasını sağlayın. Pidenin üzerine et ve üstüne tekrar bu sefer daha az miktarda olacak şekilde sos gezdirin. Arzu""]"
9c8abe28-73e5-42fc-ba9a-bff5be2eb213,Börülce Tarator,Turkey,Fermente börülcelerin zeytinyağı ve limonla harmanlandığı ferahlatıcı ve besleyici bir meze,Ana Yemek,"[""500 gram taze börülce"", ""1 adet limon suyu"", ""5 yemek kaşığı zeytinyağı"", ""2 çay kaşığı tuz""]","[""Börülce tarator için börülceyi ayıklayıp küçük parçalara bölüyoruz. Biraz su ile yumuşayana kadar haşlıyoruz."", ""İlk sıcaklığı gidince, biraz suyuyla bir kaseye alıyoruz. Ezilmiş sarımsağı, limon suyunu, zeytinyağını ve tuzu ekleyip çırpıyoruz."", ""Buzdolabında 3-4 saat dinlendiriyoruz. Deneyenlere afiyet olsun.""]"
879d11ab-6953-4cd7-8c27-8c274f380a9f,Yoğurtlu Patates Yemeği,Turkey,"Lezzetli ve doyurucu yoğurtlu patates yemeği, tavuk budu ile zenginleştirilmiş harika bir ana yemek",Ye,"[""500 gram patates"", ""2 adet tavuk budu"", ""500 gram süzme yoğurt"", ""1 su bardağı haşlanmış nohut"", ""1 adet yumurta (Yoğurdu bağlamak için)"", ""1 yemek kaşığı un (Yoğurdu bağlamak için)""]","[""Önce tavuklar yıkanıp haşlanmaya bırakılır."", ""Patatesler soyulup küp küp doğranır. Tavuklar haşlandıktan sonra tavuklar içinden alınıp tavuk suyunda patatesler çok dağılmayacak şekilde pişirilir."", ""Daha sonra tavuklar temizlenir, nohutla birlikte patateslerin içine atılır. Bu arada ocağınız çok kısık ateşte olsun."", ""Yoğurt, yumurta, un ayrı bir pişirme kabında iyice karıştırılıp ocağa alınıp kesilmemesi için kaynayana kadar karıştırılır."", ""Yoğurtlu karışıma bir kepçe kadar tavuk suyundan alınıp karıştırılır ki yemekle birleştiğinde kesilmesin."", ""En son aşamada yemeğe yoğurdu bağladıktan sonra, tuz karabiber eklenir. Suyu az gelirse göz kararı sıcak su ekleyip bir-iki dakika ocakta tutup indirilir.(Çorba kadar sulu bir yemek olmamalı)"", ""Üzerine yağla birlikte haspir (safran) kızdırılıp dökülür. Afiyet olsun.""]"
a43462e9-c5ef-4173-8e17-ef2f8e1f80de,Cevizli Tarçınlı Rulo Kurabiye,Turkey,"Ceviz ve tarçının harika uyumuyla hazırlanan, çay saatlerinin vazgeçilmezi olan rulo kurabiye tarifi",Ye,"[""125 gram tereyağı"", ""1/2 çay bardağı süt"", ""1 paket kabartma tozu"", ""1 paket vanilya"", ""3 yemek kaşığı pudra şekeri"", ""2 su bardağı un (kontrollü ekleyin, gerekirse artırın)""]","[""İlk olarak tereyağını biraz un ile kırıntı kıvamına getirin. Toz şeker, kabartma tozu ve vanilyayı ekleyin."", ""Daha sonra sütü ilave edip yoğurmaya başlayın. Kulak memesi kıvamında bir hamur elde edinceye kadar un ilave ederek yoğurun."", ""İçi için tüm malzemeleri karıştırın. Elde ettiğiniz hamuru iki eşit parçaya ayırın ve bir parçayı rulo haline getirip uzatın."", ""Avuç içiyle hamuru bastırarak enine genişletin. Cevizli ve tarçınlı iç malzemeyi uzunlamasına hamurun ortasına koyun."", ""Daha sonra hamurun eninden tutup iç malzeme ortada kalacak şekilde kapatın ve baklava şeklinde keserek tepsiye aktarın. Diğer parçaya da aynı işlemi uygulayın."", ""Önceden ısıtılmış 180 derece fırın ayarında kurabiyelerin altı kızarıp üstü hafif pembeleşinceye kadar pişirin."", ""Fırından çıkardığınız kurabiyeleri soğumaya bırakın. Üzerlerine pudra şekeri serperek servis edebilirsiniz. Afiyet olsun.""]"
a0a40fd2-a055-48a4-80fa-c00471cb8f12,Yağlı Biber Turşusu,Turkey,"Lezzetli ve pratik yağlı biber turşusu tarifi ile sofralarınıza ferahlık katın. Kolay hazırlanan bu turşu, tüm kış ailenize eşlik edecek",Ye,"[""1 kilogram yeşil biber"", ""3 adet domates"", ""1,5 yemek kaşığı kaya tuzu"", ""1/2 su bardağı zeytinyağı"", ""1/2 su bardağı üzüm sirkesi"", ""1 su bardağı su""]","[""Su, zeytinyağı sirke ve tuzu uygun bir tencereye ekleyin ve kaynatın."", ""Kaynayan sosa ikiye böldüğünüz biberleri ekleyip rengi sararana kadar kavurun."", ""Kavrulan biberlere sarımsakları ve kabuğu soyulup küp küp doğranmış domatesleri ekleyip 3 dakika kavurun."", ""Sıcak sıcak kavanozlara doldurun. Kapağı 2 geri 1 ileri yaparak kavanozu vakumlayın mutlaka yeni kapak kullanın."", ""Havlunun üstüne ters çevirip 1 gece bu şekilde bekletin. Afiyet olsun.""]"
3d6058c3-3e94-4a58-9ac2-d9d182e78e90,Yeşil Makarna,Turkey,Taze yeşil sebzelerle hazırlanan lezzetli ve besleyici yeşil makarna,Ye,"[""1/2 paket spagetti"", ""1 bardak bezelye"", ""5-6 adet kuşkonmaz"", ""5-6 adet brokoli (çiçek)"", ""100 ml krema"", ""1 yemek kaşığı parmesan"", ""1 çay kaşığı tuz""]","[""Ayıkladığınız bezelyeleri tencereye koyun ve içine su ekleyip haşlamaya başlayın."", ""Brokolilerinizi küçük parçalara bölüp yıkayın."", ""Kuşkonmazlarınızın sap kısımlarını traşlayın ve yıkayın."", ""Bezelyeler yumuşamaya yakın tencerenin içine brokolileri atın."", ""Kaynayan suya makarnalarınızı ekleyin."", ""Bezelye ve brokoli haşlanmadan 2-3 dakika önce kuşkonmazları içine atın.Ardından kuşkonmaz ve bezelyeleri buzlu suya atıp ardından bir tabağa alın. Kuşkonmazın saplarını doğrayın."", ""Tavanın altını açın . İçine tereyağ ekleyip rendelediğiniz sarımsakları koyun. Ardından bezelye kuşkonmaz ve brokolileri ekleyin 2,3 dakika soteleyin. Tuzunu karabiberini ekleyin."", ""Son olarak kremayı ekleyip karıştırıken süzdüğünüz makarnanızı karışıma ekleyip 1-2 dakika daha ocakta bekletin. Bu sırada kıyılmış fesleğenleri ekleyin."", ""Servis tabağınıza aldığınız makarnanızın üstüne parmesan peyniri rendesi ekleyip servis edin.""]"
2dcf1303-4a71-47a1-91ab-2b09517489de,Soğan Çorbası,Turkey,Kremamsı lezzeti ve sıcaklığıyla kış günlerinin en sevilen çorbalarından biri,Ye,"[""4 adet orta boy orta boy kuru soğan"", ""1 silme tatlı kaşığı zeytinyağı"", ""1 tatlı kaşığı domates salçası"", ""1 tatlı kaşığı biber salçası"", ""1 çay kaşığı (silme) karabiber"", ""1 çay kaşığı (silme) kimyon"", ""1 çay kaşığı (silme) pul biber""]","[""1 kase taneli sumağı oda sıcaklığındaki suya koyup bekletiniz."", ""Soğanları küp küp doğrayınız."", ""Doğradığınız soğanları ve zeytinyağını tencereye koyunuz. Kısık ateşte bir miktar kavurunuz."", ""Soğanlar pembeleştikten sonra domates salçası ve biber salçasını ekleyip kısık ateşe kavurunuz."", ""Suyun içerisinde beklettiğiniz taneli sumağın suyunu süzgeçten geçirerek elde ettiğiniz suyu tencereye ekleyiniz. Çorbanın koyuluğuna göre su miktarını artırabilirsiniz."", ""Kaynadıktan sonra baharatlarını ekleyiniz ve orta ateşte 15-20 dakika pişmeye bırakınız.""]"
0f9ac074-baf1-479b-9066-613ba0db55d7,Cevizli Beyaz Peynirli Ezme,Turkey,"Cevizli Beyaz Peynirli Ezme, beyaz peynirin tuzlu lezzeti ile cevizin crunch dokusunu birleştiren pratik ve lezzetli bir meze",Ye,"[""250 gram Sütaş Beyaz Peynir"", ""2 tatlı kaşığı Sütaş Tereyağı (oda sıcaklığında)"", ""3 yemek kaşığı ceviz içi"", ""1 çay kaşığı kekik"", ""2 tatlı kaşığı domates salçası""]","[""Tüm malzemeleri mutfak robotuna koyup ezme halini alana kadar çalıştırın."", ""Ekmek dilimleri üzerinde zeytin ve ceviz ile servis edebilirsiniz.""]"
dda28809-364a-429c-8784-02ca80e81a87,Pratik Peynirli Börek,Turkey,Pratik ve lezzetli peynirli börek tarifi. Az malzemeyle hızlıca hazırlanabilir,Ye,"[""2 adet yufka"", ""1 su bardağı su"", ""1/2 çay bardağı sıvı yağ"", ""1 yemek kaşığı tereyağı""]","[""Sosu için bir kasede su ve sıvı yağını karıştırın."", ""Yufkaları 4 eşit parçaya bölün. Tavayı tereyağı ile yağlayın."", ""Kestiğimiz yufkalardan ilkini serip sarkacak şekilde koyun."", ""Sostan kasık yardımıyla dökün. 3 yufka parçasını da bu şekilde yapıp peyniri koyun."", ""Diğer kalan yufkaları da sererek bir sos bir yufka seklinde yapın. Kısa sarkan yufkayı da içe doğru düzleyerek koyun ve kalan sosu dökün."", ""Güzelce arkalı önlü orta ateşte kızartın. Afiyet olsun.""]"
8f62bb07-42d3-4966-8b58-6c6379d35efa,Bal Kabaklı Muhallebi,Turkey,Bal kabağının doğal tatlılığıyla buluşan hafif ve kremsi muhallebi tarifi,Ye,"[""400 gram bal kabağı"", ""1 çay bardağı toz şeker"", ""1 çay bardağı su""]","[""Bal kabaklı muhallebi için kabağı küçük küçük doğrayarak şeker ve su ile tamamen yumuşayana kadar pişirelim."", ""Blenderdan geçirerek püre haline getirelim."", ""Muhallebi için tüm malzemeleri karıştırarak pişirin. Kaynayan muhallebiyi cuplara pay edin."", ""Soğuduktan sonra üstüne kabağı paylaştırın. Dolapta biraz dinlendikten sonra servis edebilirsiniz. Bal kabaklı muhallebi hazır. Afiyet olsun.""]"
d4a81773-42aa-4e85-9bc6-b46f518b3e53,Kremalı Mantarlı Makarna,Turkey,"Kremalı ve lezzetli mantarlı makarna, pratik ve doyurucu bir akşam yemeği seçeneği",Ye,"[""1/2 paket kalem makarna"", ""100 gram dilediğiniz mantar (yemeklik doğranmış)"", ""1/2 paket sıvı krema"", ""2 yemek kaşığı sıvı yağ"", ""1 çay kaşığı tuz"", ""1/2 çay kaşığı karabiber""]","[""Makarnaları dilediğiniz seviyede haşlayın. Ardından süzün."", ""Bir tencereye önce yağı, ardından mantarları ilave edin. Güzelce kavurun."", ""Üzerine kremayı ilave edin. Karıştırın."", ""Makarnaları ilave edin ve karıştırın. Tuzu ve karabiberi de ekleyin.""]"
72ad213d-7516-4e5e-b6e2-cca1d52f1842,Yoğurt Tatlısı,Turkey,"Nefis yoğurt tatlısı, irmik ve yoğurtun mükemmel uyumuyla hazırlanan ferahlatıcı bir lezzet",Tatlı,"[""3 adet yumurta"", ""1 su bardağı irmik"", ""1/2 su bardağı şeker"", ""1 su bardağı yoğurt"", ""1 paket vanilya"", ""1 paket kabartma tozu"", ""2 su bardağı un""]","[""Öncelikle şerbeti hazırlayalım . Suyu şekeri tenceremize alalım kaynamaya bırakalım 8 dakika kaynadıktan sonra limonu koyalım ve 3 dakika daha kaynadıktan sonra ılınmaya bırakalım."", ""Keki için yumurtayla şekeri iyice çırpalım ardından sırayla yoğurdu ekleyip çırpalım sonra irmiği çırpalım ve unu kontrollü ekleyerek kabartma tozu vanilyayı ekleyerek iyice çırpalım."", ""Orta boy Borcama dökelim ve 170 derecede pişirelim."", ""Fırından aldığımız kekin ılınmasını bekleyelim ılınan keke kürdan yada şiş yardımıyla delikler açalım ve ılık şerbetle buluşturalım. Soğuduktan sonra dilimleye biliriz. Afiyet olsun.""]"
f7a4d994-51d4-4c17-9a08-d0d698c85886,Çilekli Galetta,Turkey,"Taze çileklerle hazırlanan, lezzetli ve pratik galetta tarifi",Et Yemekleri,"[""1 adet yumurta"", ""1 yemek kaşığı bal"", ""1/2 su bardağı yulaf unu"", ""1 su bardağı buğday unu"", ""3 yemek kaşığı tereyağı (ya da zeytinyağı)""]","[""İç harcı için tüm malzemeler rondodan geçilerek ele yapışmayan bir hamur elde edilir ve 30 dakika buzdolabında bekletilir."", ""iç harç buzdolabında beklerken çilekler yuvarlak şekilde kesilir ve balla karıştırılır."", ""Hamurumuzu buzdolabından çıkarıp yağlı kağıtla yardımıyla şekil veriyoruz."", ""Üzerine çileklerin suyunu süzüp ekliyoruz kenarlarını kapatıyoruz."", ""Kenarlarına çilekten süzdüğümüz suyu sürüp fırına veriyoruz."", ""Önceden ısıtılmış 180 derece fırında 20-30 dakika pişiriyoruz. Afiyet, bal, şeker olsun.""]"
ca47042c-2aa0-4eac-9e64-e9cbe662d79d,Fırında Tavuk Kızartması,Turkey,"Fırında tavuk kızartması, yoğurt ve baharatlarla marine edilmiş tavuk parçalarının mısır unuyla çıtırlaştırılarak fırında pişirilmesiyle hazırlanan lezzetli bir yemektir",Tavuk Yemekleri,"[""4 yemek kaşığı yoğurt"", ""2 yemek kaşığı (silme) mısır unu"", ""2 tatlı kaşığı toz kırmızı biber"", ""1 tatlı kaşığı tuz"", ""1 çay kaşığı karabiber"", ""1/3 çay bardağı sıvı yağ (veya zeytinyağı)"", ""500 gram tavuk (tercihen kanat ve bacak)""]","[""Geniş bir kase içerisine yoğurt, mısır unu, toz kırmızı biber, ince ince doğramış sarımsak, tuz, karabiberi ekleyin ve karıştırın."", ""Tavukları da kasenin içine yerleştirin. Ardından yağını da ekleyip güzelce karıştırın."", ""Üzerini örterek buzdolabında en az 30 dakika, tercihen 1-2 saat kadar marine edin."", ""Buzdolabından çıkardıktan sonra üzerinde fazla sosları alarak tavuk parçalarını yağlı kağıt serdiğiniz fırın tepsisine aralıklı olarak yerleştirin. 200 derece fırında alt üst ayarını açarak, üst fırın"", ""Tavuklar iyice kızarıp çıtır çıtır olunca fırından alın, sıcak servis edin.Afiyetler olsun!""]"
1dc124e4-4a4a-48ed-8326-91e841a03bc1,Naneli Yoğurt Çorbası,Turkey,Fermente yoğurdun tazeliği ile nanelin serinletici aromasını birleştiren doyurucu bir çorba,Çorba,"[""1/2 su bardağı haşlanmış buğday"", ""1/2 su bardağı haşlanmış nohut"", ""4 yemek kaşığı süzme yoğurt"", ""1 çay kaşığı tuz"", ""1 tatlı kaşığı kuru nane"", ""2-3 su bardağı içme suyu""]","[""Naneli yoğurt çorbası için bir gece önceden ısladığımız buğdayları düdüklü tencerede 15 dakika kadar haşlıyoruz. Karıştırma kabına alıyoruz."", ""Haşladığımız nohutları da ekliyoruz."", ""Yoğurdunu ve tuzunu ekliyoruz."", ""Suyunu ve buzunu ekleyip karıştırıyoruz."", ""Çorbaya kuru naneyi de ekleyerek servis ediyoruz. Afiyet olsun...""]"
d33bbcab-e08f-42ff-8b0d-dc1299574ee7,Sarımsaklı Domates Sos,Turkey,"Lezzetli ve doğal sarımsaklı domates sosu, kışa hazırlık için ideal",Sebze Yemekleri,"[""5 kilogram domates"", ""2 yemek kaşığı tuz (azaltıp arttırılabilir)"", ""1,5 çay bardağı zeytinyağı"", ""5 yemek kaşığı sirke""]","[""Domatesleri güzelce yıkayın. Ardından yıkadığınız domatesleri rendeleyin veya rondodan geçirin."", ""Rendelemiş domatesleri genişte bir tencerenin içerisine aktarın. Tuzunu ilave edin. Orta ateşte pişirmeye başlayın."", ""Ara ara karıştırarak kıvamının hafif yoğunlaşmasını sağlayın."", ""Ayrı bir tavanın içerisine zeytinyağını ve rendelenmiş sarımsakları alın. Sarımsakları çok hafif soteleyin."", ""Zeytinyağında sotelenen sarımsakları ocakta kaynamakta olan sosunuzun içerisine aktarıp güzelce karıştırın. Birkaç taşım da bu şekilde kaynatın."", ""Ardından sirkesini de ilave edin. Güzelce karıştırıp birkaç dakika kaynattıktan sonra ocaktan alın."", ""Sosunuz henüz sıcakken önceden sterilize edilmiş kavanozlara sosu pay edin. Kapaklarını sıkıca kapatın. Kavanozlarınızı ters çevirip 2-3 saat bu şekilde dinlendirin. Ardından güneşi doğrudan almayan,"", ""Soslarınızı dilediğiniz zaman çıkarıp yemeklerinizde kullanabilir, kahvaltılarınızda sos niyetine ekmeklerinizin üzerine sürerek tüketebilirsiniz. Şimdiden ellerinize sağlık!""]"
ccd8b5aa-1b72-488d-b612-cfcfe76be5ae,Kedidilli Tiramisu,Turkey,"Kedidilli Tiramisu, basit malzemelerle hazırlanan nefis bir tatlıdır",Ana Yemek,"[""5 yemek kaşığı un"", ""3 yemek kaşığı şeker"", ""1 adet yumurta"", ""3 su bardağı süt"", ""300 gram labne""]","[""Un, şeker, yumurta ve sütü tencereye koyup hepsini karıştırın."", ""Bir çimdik tuzu da ekleyip tencereyi ocağa koyun, hızlıca karıştırarak orta ateşte pişirin."", ""Kaynamaya ve katılaşmaya başlayınca ocağı kısıp kontrollü olarak bir iki dakika daha pişirin."", ""Ocaktan aldıktan sonra eğer topaklanma varsa veya kıvamı pürüzlüyse mikser ile çırpın, bu işlem aynı zamanda kremanın hızlıca soğumasına yardımcı olur."", ""Krema soğuyunca labneyi ekleyip tekrar çırpın."", ""Borcama kedidili bisküvileri dizip kahveyle ıslatın, hepsinin tam olarak ıslanması ve yumuşaması gerekiyor, bekledikçe kahveyi çekeceği için bisküvileri bolca ıslatabilirsiniz."", ""İlk kat için ıslanan bisküvilerin üzerine kremayı dökün ve ikinci kat bisküvileri de dizerek ıslatma işlemini tekrarlayın."", ""İkinci katın da üzerini kremayla kaplayınca borcamın üstünü streçle sarıp buzdolabına koyun."", ""Buzdolabında en az 2-3 saat dinlendirin. Servis ederken üzerine kakao ekleyin.""]"
a074228c-8b87-4198-8189-972616e4fe82,Soğan Piyazı,Turkey,"Sumaklı soğan piyazı, ferahlatıcı lezzetiyle mezelerin vazgeçilmezi. Kolay hazırlanan bu tarif, sofranıza taze bir dokunuş katıyor",Ana Yemek,"[""1 adet büyük boy soğan"", ""1 tatlı kaşığı sumak"", ""1 çay kaşığı tuz"", ""3 yemek kaşığı limon suyu (isteğe bağlı)""]","[""Soğanı piyazlık doğrayın. Bir kaba alın."", ""Üzerine sumak ve tuzu ekleyip parmak uçlarınızla ovuşturun. Soğan halkalarına ayrılıp havalandırılarak sumakla özdeşleşecektir."", ""İnce kıyılmış maydanozu ve dilersiniz bir miktar limon suyunu da ekleyin ve karıştırın."", ""Soğan piyazı tarifiniz hazır. Afiyet olsun.""]"
f4647691-d6af-41ba-b222-eb7471959cf8,Çilekli Alman Pastası,Turkey,"Taze çileklerin ferahlatıcı lezzetiyle hazırlanan, hafif ve nefis bir Alman pastası",Tatlı,"[""2 adet yumurta"", ""1,5 çay bardağı şeker"", ""1 çay bardağı süt"", ""3 çay bardağı un"", ""1 çay bardağı sıvı yağ"", ""1 paket kabartma tozu"", ""1 paket vanilin""]","[""2 adet yumurta ile 1,5 çay bardağı şekeri beyazlaşana kadar çırpın. Daha sonra kalan malzemeleri ekleyerek kekin hamurunu oluşturun. Hamuru yağlamış olduğunuz tepsiye dökün."", ""Ben 30 cm çapında kelepçeli kalıp kullandım. Keki 170 derecede önceden ısıtılmış fırında, üzeri pembeleşinceye kadar pişirin. Üstü kızaran kek piştikten sonra, fırından çıkararak soğumaya bırakın."", ""Sıvı krema ve vanilya hariç tüm krema malzemelerini bir tencereye alın, koyulaşana kadar sürekli karıştırarak pişirin. Altını kapatınca vanilyayı ekleyin. Kremanın ilk sıcağı geçince sıvı kremayı ekle"", ""Kekinizi ortadan ikiye bölün ve arasına tüm kremayı yayarak dilimlediğiniz çilekleri ilave edin. Diğer parçayı da üstüne kapatın. Pudra şekeri serpip servis edebilirsiniz. Afiyet olsun.""]"
56a6ae17-0984-4112-8538-59f31ebd9d45,Çilekli Semizotu Salatası,Turkey,"Taze semizotu ve tatlı çileklerin harmanlandığı, cevizlerle zenginleştirilmiş ferahlatıcı bir yaz salatası",Salata,"[""250 gram semizotu"", ""8-10 adet çilek"", ""1/2 su bardağı ceviz içi (iri parça lanmış)"", ""1/2 su bardağı kabak çekirdeği içi (çiğ)""]","[""Küçük bir kavanoza sos malzemelerini alıp iyice çalkalayarak karıştıralım."", ""Semizotunu yıkayıp kurutalım."", ""Salata kasesine semizotunu alalım ve kavanozdaki sosu üzerine döküp karıştıralım."", ""Salatanın üzerine yıkanmış çileği bıçakla ikiye keserek yerleştirelim."", ""Elimizle peyniri üzerine ufalayalım. Cevizleri ve kabak çekirdeğini de ekleyip en son nar ekşisi gezdirip servis edelim.""]"
c79b6dda-5f0d-42b0-b171-e3649c5fa089,Havuç Salatası,Turkey,"Lezzetli ve ferahlatıcı havuç salatası, yoğurtlu sosuyla tam bir yaz klasiği",Salata,"[""2 adet büyük boy havuç (rendelenmiş)"", ""3 yemek kaşığı süzme yoğurt"", ""3 yemek kaşığı yoğurt (sulu bir kıvamda)"", ""2 yemek kaşığı zeytinyağı"", ""1 çay kaşığı tuz""]","[""Havucu rendeleyerek bir taya alın ve 2 dakika çok hafif yumuşayana kadar kavurun."", ""Bir kasenin içerisine tuz, süzme yoğurt, yoğurt ve zeytinyağını alın. İsteğe bağlı rendelenmiş sarımsak da ilave edebilirsiniz. Güzelce karıştırın."", ""Hafif sotelenmiş ve ılımış havuçlarınızı da yoğurdun üzerine alıp güzelce karıştırın."", ""Servis tabağına alın. Üzerine hafif zeytinyağı gezdirerek servis edin. Afiyetler olsun!""]"
b89e9452-b05b-468c-a687-b01b37296dcf,Ev Yapımı Çikolata,Turkey,Lezzetli ev yapımı çikolata tarifi ile damaklarda tat bırakacak özel bir lezzet hazırlayın,Tatlı,"[""100 gram sütlü çikolata (Bitter veya beyaz çikolata da kullanabilirsiniz)"", ""Etimek Tatlısı Tarifi"", ""Damla Çikolatalı Kurabiye"", ""Tatlı Tarifleri Spoonful Mozaik Pasta Çikolatalı Sufle İrmik Helvası Fırın Sütlaç Profiterol Revani Magnolia"", ""Kahvaltılık Tarifler Pancake Krep Pişi Kuymak Kaygana Kahvaltılık Sos Menemen Muhlama Yumurtalı Ekmek Omlet"", ""Omlet""]","[""Çikolatalarımızı cam kaseye koyup benmari usulü eritelim. (Ben çaydanlığın üzerine koyup o şekilde eritiyorum, dilerseniz mikrodalga fırında veya ketıl üzerine koyarak da eritebilirsiniz)"", ""Silikon kalıbımızı bir kere su ile yıkayıp erittiğimiz çikolatamızı eşit bir şekilde koyalım. (Ben kalpli kalıbımı kullandım)"", ""Dondurucuda 30 dakika bekletip kalıptan çıkarabilirsiniz. Silikon olduğu için kolaylıkla hemen çıkacaktır."", ""Havalar sıcak olduğu için biraz çabuk eriyebilir o yüzden tüketeceğiniz kadar çıkarın tavsiyem olsun."", ""Dilerseniz fazla yapıp buzdolabında muhafaza edebilir kahve sunumlarında kullanabilirsiniz."", ""Deneyeceklere afiyet olsun.""]"
963c47bc-613b-4836-8149-6012795aa916,Yalancı Baklava,Turkey,Şerbeti ile nefis olan pratik ve lezzetli bir tatlı tarifi,Tatlı,"[""4 su bardağı şeker"", ""4 su bardağı su"", ""3 damlalimon suyu""]","[""Su ve şekeri bir tencereye alın ve karıştırın. Limon suyunu da ekleyin. Kaynattıktan sonra soğuması için kenara alın."", ""Derin bir kaseye sütü ilave edin. Üzerine yumurtayı ekleyin."", ""Üzerine sıvı yağı ve sirkeyi ekleyin."", ""Unu, kabartma tozu ve nişastayı eleyerek ekleyin."", ""Güzelce yoğurduktan sonra cevizleri de ilave edin."", ""Cevizler her yere eşit dağılacak şekilde karıştırın."", ""Bir fırın tepsisine hamuru ilave edin ve bıçak ile dilediğiniz şekilde kesin."", ""180 dereceye ayarlı fansız fırında, orta rafta 45 dakika kadar altın sarısı olana kadar pişirin."", ""Soğuk şerbeti, fırından çıkan tatlı ile buluşturun ve 3-4 saat kadar dinlendirin."", ""Tabağa alın ve süsleyerek servis edin. Afiyet olsun!""]"
2f00f1ba-e6b4-4747-aff6-b4876701792a,Kadayıf Böreği,Turkey,"Tel kadayıfın lezzetli ve pratik bir yorumu olan Kadayıf Böreği, çay saatlerinin vazgeçilmez tatlarından biridir",Tatlı,"[""500 gram tel kadayıf"", ""2,5 su bardağı süt"", ""1 çay bardağı sıvı yağ"", ""1/2 çay bardağı tereyağı (eritilmiş)"", ""1 çay kaşığı tuz"", ""250 gram dil peyniri"", ""100 gram beyaz peynir""]","[""Geniş bir tepsi ya da kaseye kadayıfları aktarın. Kadayıfların üstlerine gelecek şekilde süt, sıvı yağ, tereyağı ve tuzu koyup tüm sıvıyı kadayıflar emene kadar harmanlayın."", ""Kadayıfların yarısını hafifçe yağlanmış,yapışmaz ya da altına yağlı kağıt serilmiş tepsiye alıp kenarları yüksek kalacak şekilde avucunuzla bastırın. Kadayıfların üstüne dil peyniri ve beyaz peyniri e"", ""Tüm tepsinin üstü dümdüz olana kadar kadayıfı bastırın. Bu aşamadan sonra dilerseniz böreği buzdolabında bir gece bekletebilirsiniz."", ""Önceden ısıtılmış 180 derecelik fanlı fırında böreğin üstü ve kenarları tamamen kızarana kadar yaklaşık 30-35 dakika pişirin."", ""Fırından çıkan böreği 5 dakika dinlendirin ve dilimleyip sıcak olarak servis edin. Afiyet olsun.""]"
d604442d-c27d-4121-8da1-373003fd42be,Çikolata Parçacıklı Muzlu Kek,Turkey,"Muzun doğal tatlılığı ve çikolatanın vazgeçilmez lezzetiyle birleşen bu kek, çay saatlerinin vazgeçilmezi olacak",Tatlı,"[""2 adet orta boy yumurta"", ""2 adet orta boy muz"", ""1 su bardağı (bir parmak eksik) toz şeker"", ""2 su bardağı un"", ""1/2 su bardağı tereyağı"", ""1 paket kabartma tozu"", ""1 çay kaşığı tarçın"", ""1/2 su bardağı parça çikolata""]","[""Muzları iyice ezip tarçınla karıştırıyoruz önce. Bu bir kenarda beklesin."", ""Tereyağı ile şekeri krema kıvamına gelene kadar iyice çırpıyoruz."", ""Yumurtaları teker teker ekleyerek çırpıyoruz."", ""Ezdiğimiz muzları bu noktada karışıma ekliyoruz."", ""İçine elekten geçirerek un ve kabartma tozunu ekleyip baton kek kalıbına döküyoruz."", ""Önceden ısıtılmış fırında, kürdan testi yaparak pişiriyoruz. Afiyet olsun.""]"
95de0c93-5324-49fd-99e1-745c8cb06157,Sırniki,Turkey,"Rus mutfağından gelen, lor peynirinden yapılan hafif ve lezzetli kahvaltılık pankekler",Ana Yemek,"[""1 adet yumurta"", ""6 yemek kaşığı tuzsuz lor peyniri"", ""2 yemek kaşığı toz şeker"", ""1 paket vanilin"", ""1 çay kaşığı kabartma tozu"", ""1 su bardağı un""]","[""Bir kabın içerisine lor peynirini alın. Mikser, çatal ya da ezici aparat yardımıyla birkaç dakika güzelce ezin."", ""Ardından yumurta, toz şeker, kabartma tozu ve vanilini ilave ederek güzelce ezin ve karıştırın."", ""Bu karışımın içerisine unun 3/4'ünü ilave edin. Güzelce karıştırın."", ""Geriye kalan unu yayvan bir kabın içerisine aktarın. Hazırladığınız yumuşak hamurdan kaşık ya da dondurma kaşığı yardımıyla minik parçalar koparın."", ""Yayvan kabın içerisine aktarın ve elinizle una bulayarak yuvarlak bir şekil verin. Bu işlemi tüm hamur bitene kadar uygulayın."", ""Tavanın içerisine sıvı yağı aktarın ve orta ateşte kızdırmaya başlayın."", ""Hafif kızdığında hazırladığınız minik hamurları tavaya aktarın ve şekillerini düzgün tutmaya özen göstererek, yanların da pişmesine dikkat ederek, arkalı önlü bir biçimde kızarana kadar pişirin."", ""Pişirdikten sonra birkaç dakika dinlendirin ve servis edin.""]"
eded2729-da9e-40f9-a4a6-64468706f9c6,Tavada Pırasa,Turkey,"Lezzetli ve sağlıklı bir pırasa yemeği, tavada hızlıca hazırlanabilir",Ana Yemek,"[""1/2 kilogram pırasa"", ""2 adet havuç"", ""2 adet yumurta"", ""2 yemek kaşığı mısır unu"", ""1 çay kaşığı karabiber"", ""1 tatlı kaşığı tuz"", ""2 yemek kaşığı sıvı yağ"", ""1 tatlı kaşığı tereyağı""]","[""Pırasayı yapraklarından temizleyip ince ince doğrayalım. Bol suda güzelce yıkayıp suyunu süzdürelim."", ""26 cm tavaya 2 yemek kaşığı yağ dökerek kavuralım. Üzerine rendelenmiş havuç ilave ederek kavurmaya devam edelim."", ""Ayrı bir kapta 2 yumurtayı çırpalım."", ""Üzerine 2 yemek kaşığı mısır unu, karabiber, peynir ilave edelim."", ""Kavrulmuş havuçlu pırasa ile harmanlayarak güzelce karıştıralım."", ""Yanmaz yapışmaz 26 cm çapında tavayı kızdırarak hafif yağlayalım."", ""Üzerine hazırladığımız pırasalı harcı dökelim ve alt üst yaparak her iki tarafı kızartalım. Deneyen herkese şimdiden afiyet olsun.""]"
79a4c5fd-6eb3-45e9-8f4a-bb444c53da41,Yağ Çekmeyen Mayasız Pişi,Turkey,"Yağ çekmeyen pratik pişi tarifi, mayasız hazırlanır ve çıtır olur",Ana Yemek,"[""1 adet yumurta"", ""1 çay bardağı su"", ""3 yemek kaşığı yoğurt"", ""2 yemek kaşığı zeytinyağı (ya da sıvı yağ)"", ""1 paket kabartma tozu"", ""1 yemek kaşığı üzüm sirkesi"", ""1 tatlı kaşığı tuz"", ""3,5 su bardağı un (aldığı kadar)""]","[""Yoğurma kabına un ve kabartma tozu hariç bütün malzemeleri ekleyelim."", ""Üzerine kabartma tozu ve azar azar un ilave ederek ele yapışmayan bir hamur elde edelim."", ""Pürüzsüz bir kıvam alana kadar iyice yoğurun."", ""Hafif unlu merdane yardımıyla hamuru açın."", ""Çok ince olmamasına dikkat edin. Cam bir bardak yardımıyla yuvarlaklar halinde kesin."", ""Hamur çok hızlı bir şekilde pişiyor. Bu yüzden hepsine şekil verin ondan sonra pişirelim."", ""Kızgın yağda alt üst ederek kızartın. Afiyet olsun.""]"
30a62d03-655e-479f-ba5b-4d8e65790bab,Pekmezli Un Helvası,Turkey,"Geleneksel lezzet Pekmezli Un Helvası, tatlı ve doyurucu atıştırmalık",Tatlı,"[""2,5 su bardağı su"", ""1/2 su bardağı pekmez"", ""1 çay bardağı toz şeker"", ""2 su bardağı (bir parmak eksik) un"", ""125 gram tereyağı"", ""1/2 çay bardağı sıvı yağ""]","[""İlk olarak şerbetimizi hazırlıyoruz. Su, pekmez ve toz şekeri karıştırıyoruz. Şeker eriyince bir kenara koyup bekletiyoruz."", ""Ocağa geniş bir tava veya tencere alıyoruz. İçine tereyağını koyup eritiyoruz."", ""Sonra sıvı yağ ekleyip unumuzu koyuyoruz. Unumuzu orta ateşte güzelce kavuruyoruz."", ""Yaklaşık bu işlem 10 dakika sürebilir. Unumuzun rengi dönecek ve kokusu çıkacaktır."", ""Hazırlamış olduğumuz pekmez karışımlı şerbeti, unumuzun üzerine dikkatlice yavaş yavaş yedirerek dökelim ve bu esnada karıştırmaya devam edelim. Şerbeti güzelce yedirelim."", ""Şerbeti güzelce çektikten sonra ocağın altını kapatalım ve 5 dakika dinlenmeye bırakalım. Helvamız dinlensin."", ""Dinlenen helvamızı kaşık yardımı ile servis tabağına alalım. Afiyet olsun.""]"
908bbc76-c301-4318-a748-be77d51bfe8d,Çikolata Dolgulu Pancake,Turkey,"Lezzetli çikolata dolgulu pankekler, kahvaltıların ve tatlı krizlerinin vazgeçilmezi",Tatlı,"[""2 adet yumurta"", ""2 yemek kaşığı toz şeker"", ""3 yemek kaşığı sıvı yağ"", ""1,5 su bardağı un"", ""1 su bardağı süt"", ""1 paket vanilya"", ""1/2 paket kabartma tozu""]","[""Düz bir tepsi ya da tabağa yağlı kağıt serin. Çikolatadan bir dolu tatlı kaşığı alın ve yaplı kağıt üzerinde daire şekli verin."", ""Çikolataları dondurucuya kaldırın. Yaklaşık yarım saat bekleyin. Çikolatanın tamamen donup kağıttan kolayca çıkmadı gerekir."", ""Pancake hamuru için yumurta ve şekeri çırpın."", ""Daha sonra süt, un, kabartma tozu ve vanilyayı da eleyerek ilave edin ve pürüzsüz bir kıvam alıncaya kadar çırpın."", ""Yapışmaz bir tavaya pancake hamurundan 1 yemek kaşığı dökün. Çikolatayı da hamurun üzerine yerleştirin."", ""Son olarak çikolatarın üzerini kapatacak kadar hamur alarak pancakeklerin üzerine dökün. Bir yüzü tamamen pişince öteki tarafını bir spatula yardımıyla pişirin."", ""Tüm pancakeleri bu şekilde pişirdikten sonra servis edin. Afiyetler olsun!""]"
bb3230ed-6fc9-4cac-b713-52f19ed539cc,Limon Dolgulu Cupcake,Turkey,"Taze limon dolgulu, hafif ve ferahlatan cupcaketarifi. Kefir ile nemli bir dokuya sahip bu tatlı, hem göze hem de damaklara hitap ediyor",Ana Yemek,"[""170 gram toz şeker (1 su bardağı)"", ""3 adet orta boy yumurta"", ""100 ml kefir"", ""50 ml ayçiçek yağı"", ""2 yemek kaşığı limon suyu"", ""1 yemek kaşığı haşhaş"", ""220 gram un (2 su bardağı)"", ""1 paket vanilya"", ""1 paket kabartma tozu"", ""1/2 çay kaşığı tuz""]","[""Yumurtalar ve toz şekeri yumurtaların rengi açılana kadar çırpın. Kefir, yağ, limon suyu, mavi haşhaş ve vanilyayı ekleyip karıştırın."", ""Un, kabartma tozu ve tuzu eleyerek ekleyin, karıştırın. Kek karışımını cupcake kalıplarının 3/4 ü dolacak şekilde paylaştırın."", ""Önceden alt-üst kademede 180 derecede ısıtılan fırında 10-15 dakika pişirin. Pişirme süresi fırına göre değişebilir. Keklere batırılan kürdan temiz çıkarsa pişmiş demektir. Afiyet olsun!""]"
8fcfbcb7-6ec9-4ec3-9b6a-bbdee775ce3a,Leziz Alaçatı Muhallebisi,Turkey,"Alaçatı'nın meşhur muhallebisi, tereyağının zengin lezzetiyle buluşan unutulmaz bir tat",Tatlı,"[""1 litre süt"", ""12 yemek kaşığı tereyağı"", ""1 su bardağı un"", ""9 silme yemek kaşığı toz şeker"", ""1 paket vanilin"", ""7 parça damla sakızı""]","[""Tereyağını tencerede eritin. Unu ekleyip, birkaç dakika kavurun."", ""Ancak un, yapıştığı yerden çok ayrılmamaya başladığında işlem tamamdır."", ""Sonra çırpma teli ile karıştırarak soğuk sütü ekleyin. Sütten sonra da şekeri ilave edin."", ""Kaynadıktan sonra vanilin ve damla sakızını koyun ve 2 dakika daha karıştırın."", ""Ocaktan alıp 10-15 dk mikserle çırpın. Mutlaka çırpılması gerek yoksa kıvam tutmaz. Afiyet olsun.""]"
f6785afe-c6c3-42bf-9115-1f910a784dad,Kakaolu Brownie Kurabiye,Turkey,"Çikolata severlerin vazgeçilmezi, dışı çıtır içi yumuşak kakaolu brownie kurabiye",Tatlı,"[""125 gram oda sıcaklığında tereyağı"", ""1 çay bardağı sıvı yağ"", ""1 adet yumurta"", ""1 çay bardağı pudra şekeri"", ""3 yemek kaşığı kakao"", ""1 paket vanilya"", ""1 paket kabartma tozu"", ""3 su bardağı un (un miktarı farklılık gösterebilir, kıvama göre arttırıp azaltabilirsiniz)""]","[""İlk olarak şerbet için süt ve şekeri kaynatıp,soğuması için bir kenara alalım."", ""Kurabiye hamuru için tüm malzemeler yoğurma kabına alıp, ölçülü bir şekilde un ilavesi ile yoğuralım."", ""Kıvam alan hamuru streç film ile sarıp 10-15 dakika buzdolabında dinlendirelim."", ""Daha sonra kurabiye hamurundan ceviz büyüklüğünde parçalar alıp elimizde yuvarlayalım ve hafifçe bastıralım."", ""Yağlı kağıt serilmiş tepsiye şekil verdiğimiz kurabiyeleri dizelim."", ""Önceden ısıtılmış 170 derece fırında alt-üst ayarda 25 dakika kontrollü olarak pişirelim. Afiyet olsun.""]"
7a259acc-98f9-47bc-b67b-bc8fa3185f3f,Bol Proteinli Ton Balıklı Salata,Turkey,"Yüksek proteinli ve besleyici ton balıklı salata, avokado ve çilek ile zenginleştirilmiş eşsiz lezzet",Salata,"[""1 adet yumurta"", ""1 adet avokado"", ""5-6 adet çilek"", ""1,5 paket ton balığı"", ""1 tatlı kaşığı çörek otu"", ""3 yemek kaşığı zeytinyağı"", ""1 çay kaşığı tuz"", ""1/2 adet limon""]","[""Yumurtayı bir minik cezve ya da tencerenin içerisine koyun. Üzerine su ilave ederek kaynamaya bırakın."", ""O sırada avokadonun kabuğunu dikkatli bir şekilde soyup dilimleyin."", ""Çileklerin saplarını çıkarıp dilimleyin. Temizlenmiş ıspanakları da iri iri doğrayın."", ""Bir kaseye ıspanakları koyun. Üzerine limon, zeytinyağı ve tuzu ilave edip karıştırın."", ""Yumurtayı haşladıktan sonra kabuklarını soyup ortadan ikiye bölün. Ardından tüm malzemeleri ayrı ayrı kaseye aktarıp üzerlerine biraz zeytinyağı ve çörek otu gezdirin."", ""Salatanız hazır! Afiyetler olsun!""]"
8c7dd9d8-9633-4bcb-bcdd-b6284c78df77,Çilek Soslu Pasta,Turkey,"Lezzetli çilek soslu pasta, sağlıklı malzemelerle hazırlanan hafif ve tatlı bir tatlı seçeneği",Tatlı,"[""2 adet yumurta"", ""3 yemek kaşığı hurma (alternatifi 2 büyük olgun muz)"", ""1 su bardağı ılık süt (süt ürünleri tüketmeyen su kullanabilir)"", ""1 çay bardağı zeytinyağı"", ""2-3 su bardağı yulaf unu (alternatifi tam buğday unu, glutensiz un)"", ""1,5 paket kabartma tozu"", ""1/2 çay kaşığı toz zencefil"", ""1/2 çay kaşığı tarçın""]","[""Yumurta ve hurma dolgusu köpürene kadar çırpalım."", ""Zeytinyağı ve sütü ilave edip, 1-2 dakika daha çırpmaya devam edelim."", ""Un, kabartma tozu, zencefil, tarçın ekleyelim. Spatula ile dışarıda içeriğe doğru homojen olarak karıştıralım."", ""Küçük borcam kalıbına yağlı kağıt serelim. Kek harcımızı kalıba dökelim. 175 derecede kontrollü pişirelim. (fırına göre değişkenlik gösterir yaklaşık 30-35 dakika yeterli oluyor.)"", ""Çilek sosu için: çileği püre haline getirelim.Geniş cezvede çilekleri nişasta ile 2-3 dakika pişirelim."", ""Ocağın altını kapatıp, balı ilave edip karıştıralım. Kek dinlenince sosumuzu üzerine dökelim."", ""Ben biraz daha çilek ekleyip üzerini süsledim. Afiyet olsun.""]"
67ece4ae-a8c9-4afe-9227-72f894881958,Lohusa Şekerli Paşa Lokumu,Turkey,"Geleneksel lezzet Lohusa Şekerli Paşa Lokumu, özel günlerin vazgeçilmez tatlısı. Kremsi dokusu ve şerbetli tadıyla damaklarda unutulmaz bir lezzet bırakır",Tatlı,"[""4,5 su bardağı süt"", ""1 su bardağı şeker"", ""1 su bardağı un"", ""1 paket beyaz çikolata"", ""2 yemek kaşığı tereyağı"", ""1 paket vanilya"", ""2 su bardağı su"", ""2 yemek kaşığı nişasta"", ""150 gram Hindistan cevizi"", ""5-6 adet karanfil"", ""1 adet çubuk tarçın""]","[""Tereyağını bir tencereye alıp eritin."", ""Rengindeki dönüşümü ve kokusunu gözlemleyerek unu ekleyip, kokusu çıkana kadar kontrollü olarak kavurun."", ""Sütü ekleyip topaklanmaması için unu çırparak açtırın."", ""Süt ısınmaya başlayınca şekerini, çikolatasını ve vanilyayı ekleyin. Pürüzsüz olana kadar karıştırarak kıvamını bağlayın."", ""İlk sıcaklığı geçen sütlü malzemenizi tabanına bolca Hindistan cevizi serpili borcama, her tarafına eşit gezdirerek dökün."", ""Bir spatula yardımı ile üzerini düzleştirip, soğumak üzere önce kenara daha sonra bir parça buzdolabında beklemeye alın."", ""Bu arada lohusa şekerini 2 bardak soğuk su içerisinde bir süre çözdürün."", ""Çözülmeye, rengini suya vermeye başlayan lohusa, karanfilleri ve tarçın çubuğunu ekleyin. Kontrollü ateşte ocağa alarak bir taşım kaynatın."", ""Nişastayı bir parça suda açtırın. Tarçın çubuğunu ve karanfilleri lohusa şerbetinden çıkartıp, nişastayı ekleyin. Sürekli çırparak jöle kıvamına getirin."", ""Dolaptan paşa lokumunuzun sütlü dolgusunu çıkartıp, ilk sıcaklığı geçen lohusa şekeriyle hazırladığınız dolguyu her tarafına gelecek şekilde yaydırın."", ""Yeniden buzdolabına koyup soğumaya ve tüm katmanların kesilebilir sıkılığa erişmesi için bir kaç saat dinlenmeye alın."", ""Soğuyan lohusa şekerli paşa lokumunuzu borcamınızın enlemesine bölümü boyunca iki parmak kalınlığında şeritler halinde bıçakla kesin."", ""Her şeridi alt ucundan dikkatlice kaldırarak çok gevşek olmayacak şekilde rulo sarın. Servise alın. Afiyet olsun.""]"
47f9272e-9a83-4515-ad93-b07338a5884c,Ev Yapımı Pul Biber,Turkey,Lezzetli ve aromatik ev yapımı pul biber tarifi ile sofranıza özgün tat katın,Sebze Yemekleri,"[""4 kilogram kırmızı kiraz biberi"", ""3 yemek kaşığı zeytinyağı"", ""1 tatlı kaşığı tuz""]","[""Yıkayıp güneşte kuruttuğunuz biberleri saplarından ayırın."", ""İyice kuruduğundan emin olduktan sonra blendera koyun."", ""Üzerine zeytinyağı ve tuzu ilave edin. 3 dakika kadar blenderdan geçirin."", ""İstediğiniz kıvama gelince 1 gün boyunca güneşte tekrar bekletin. Geniş bir kaba doldurup güneşte her tarafı eşit bir şekilde kuruması için ara sıra karıştırmalısınız."", ""Hazır olunca kavanozlara doldurabilirsiniz. Afiyet olsun!""]"
56a8acf8-7832-4b86-818f-524d71eb19f4,Bebe Bisküvisi,Turkey,Ev yapımı sağlıklı bebek bisküvisi tarifi. Kolayca hazırlanabilen besleyici atıştırmalık,Ana Yemek,"[""1 çay bardağı buğday unu"", ""1 çay bardağı pirinç unu"", ""1 çay bardağı yulaf ezmesi (robottan geçirip un yaptım)"", ""4 yemek kaşığı tuzsuz tereyağı"", ""3 yemek kaşığı yoğurt"", ""1 yemek kaşığı dut pekmezi""]","[""Tüm malzemeleri karıştırıp yoğuruyoruz."", ""Yuvarlak bezelere ayırıyoruz 7 parça olarak."", ""Ayırdığımız bezeleri uzun ip gibi uzatıyoruz parmak kalınlığında. 3 parmak kalınlığında keserek çatalla şekil veriyoruz."", ""Yağlı borcama diztikten sonra 180 derecelik fırında pişirin. Afiyet olsun.""]"
ffbe10d3-88ee-47ee-93ed-56ba9c7d8766,Tavuklu Molehiya,Turkey,"Geleneksel bir Kıbrıs yemeği olan tavuklu molehiya, molehiya yapraklarının eşsiz lezzetiyle hazırlanan doyurucu bir çorbadır",Tavuk Yemekleri,"[""150 gram molehiya yaprağı"", ""4 adet domates"", ""1 adet soğan"", ""1 yemek kaşığı biber salçası"", ""1 adet bulyon"", ""3 adet limon suyu"", ""1 yemek kaşığı zeytinyağı"", ""1 çay kaşığı baharat karışımı""]","[""Molehiya yapraklarını bir gece önceden ılık suda ıslı şekilde bekletin.."", ""Sudan aldığınız molehiyaları süzgeçte süzün. Sümüksü bir yapısı olduğu için molehiyayı süzdükten sonra yıkayıp suyunu elinizle sıkın."", ""Bu işlemi 4-5 kez tekrarlayın. Sümüksü kıvamının azaldığını farketmiş olacaksanız. Tüm malzemeleri doğrayın."", ""Tavaya yağı ekledikten sonra soğan ve sarımsağı da ilave edip kavurun. Ben biraz sıvı yağ biraz zeytinyağ ekledim."", ""Soğanın rengi döndükten sonra tavuklara çizik atıp tencereye ekleyin."", ""Tavukların rengi dönüp kızarmaya başladığında salçayı ekleyip tavukları kızartmaya devam edin."", ""Doğradınız domatesleri ekleyin."", ""Tavuk bulyon ve isteğinize göre baharatlarınızı da ekledikten sonra molehiyayı ilave edin."", ""Son olarak üzerini geçecek kadar su ekledikten sonra kısık ateşte 1 saat pişmeye bırakın. Pişmesine 10 dakika kala sıktığınız limonun suyunu üzerine gezdirin. Afiyet olsun.""]"
4d796301-7316-47e0-ba65-b16eb762bfca,Tahinli Yulaflı Toplar,Turkey,"Sağlıklı ve lezzetli atıştırmalık olan tahinli yulaflı toplar, sadece üç malzemeyle hazırlanabilir tatlı bir seçenektir",Ana Yemek,"[""1 çay bardağı yulaf unu (yulaf ezmesini rondodan geçirebilirsiniz)"", ""3 yemek kaşığı tahin"", ""1 yemek kaşığı kakao"", ""2 yemek kaşığı bal""]","[""Yulaf ezmesini rondodan geçiriyoruz. Yulaf unu, tahin, kakao ve balı karıştırıp yoğuruyoruz."", ""Şekil veriyoruz ve Hindistan cevizine buluyoruz."", ""Dilerseniz fındık, ceviz ile kaplayabilirsiniz. Buzdolabında dinlendirdikten sonra servis edebilirsiniz. Afiyet olsun.""]"
e5356e7a-04c7-463c-9e4d-b6161096150d,Hindistan Cevizli Fırında Sütlaç,Turkey,Fırında pişirilen hindistan cevizi ile zenginleştirilmiş geleneksel Türk tatlısı,Tatlı,"[""1 litre manda sütü"", ""40 gram pirinç"", ""40 gram nişasta"", ""200 gram şeker"", ""50 gram tereyağı""]","[""1 avuç Hindistan cevizi boneye konulur. Süt, Hindistan cevizi ve 25 gram tereyağı bir tencereye alınır ve kaynatılır."", ""Pirince üzerini bir parmak geçecek şekilde su eklenir ve kalan 25 gram tereyağı konulur, haşlanmaya başlanır."", ""Nişasta süt yardımıyla yoğun kıvamlı olacak şekilde açılır. Kaynayan sütten Hindistan cevizi kesesi alınır, şeker ve haşlanmış süzülmüş pirinçler eklenir. Son olarak bağlamak için yoğun kıvamda açılmı"", ""Bağlama işlemi gerçekleştikten sonra ocaktan alınır, kaselere aktarılır. Kaselere konulan sütlaçlar bir tepsiye dizilir, tepsinin içine buz küpleri konulur."", ""Fırınlama işlemi fırının ısısına göre 5 ya da 10 dakika sürebilir iyi takip gerektirir. Üzerinin kızarması yeterli olacaktır."", ""Fırından çıktıktan sonra soğutulur ve servis edilir. Afiyet olsun.""]"
c979e0e3-7a1d-46b5-aab3-34fab3979072,Körili Kremalı Tavuk Menü,Turkey,"Zengin baharatlarla harmanlanmış körili kremalı tavuk, damakları şenlendiren lezzetli bir ana yemek",Tavuk Yemekleri,"[""4 adet tavuk göğsü"", ""2 yemek kaşığı zeytinyağı"", ""1 çay kaşığı tuz"", ""1 çay kaşığı karabiber"", ""1 çay kaşığı kekik"", ""1 çay kaşığı toz kırmızı biber"", ""1 çay kaşığı köri"", ""1/2 paket krema (100 ml)""]","[""Tavuk marinesi için köri ve krema hariç bütün malzemeleri bir araya getirin, harmanlayın."", ""Tavuklar marine olurken makarna suyunu koyun, kaynamaya bırakın."", ""Kaynayınca içine zerdeçalı ilave edin ve makarnayı ekleyin."", ""Sevdiğiniz kıvama göre pişirdikten sonra süzgeçle süzün, krema ve baharatı ilave ederek demlenmeye bırakın."", ""Tavuk için; tavayı iyice ısıtın ve tavukları ekleyin."", ""Pişen tavukların üzerine köriyi ilave edin."", ""Ardından kremayı ekleyin. Zevkinize göre dilediğiniz miktarlarda baharatları ilave ettikten sonra 2-3 dakika daha pişirin."", ""Servis tabağınıza tavuk, makarna ve salatayı ekleyin. Sıcakken tüketin. Afiyet olsun!""]"
92b9ece5-0665-4074-a9df-8a19e6cb0041,Özbek Pilavı,Turkey,"Geleneksel Özbek usulü pilav, et ve sebzelerle zenginleştirilmiş özel bir lezzet",Ye,"[""400 gram kuşbaşı et"", ""2 su bardağı basmati pirinç"", ""1 adet büyük boy havuç"", ""1 adet büyük boy soğan"", ""1 tatlı kaşığı karabiber"", ""1 tatlı kaşığı kimyon"", ""1 çay kaşığı tuz"", ""3-3,5 su bardağı kaynar su""]","[""Etleri düdüklüye alıp yumuşacık olacak şekilde pişirelim."", ""Bu sırada ayrı yerde soğanı jülyen doğrayıp tencereye alıp yağda kavuralım. Rengi dönen soğanlara kibrit çöpü şeklinde doğradığımız havucu da ekleyelim. Kavrulan soğan ve havuca eti ve pirinci ekleyip"", ""Sonra baharatları ekleyip suyunu dökelim. Pirince göre su oranı değişebilir. Ortasına bir baş sarımsak yetiştirip kapağı kapatıp altını kısalım."", ""Suyunu çeken pilavı 15 dakika dinlendirelim. Et olduğu için mutlaka sıcak tüketelim. Dilerseniz maydanoz, kuş üzümü, fıstık veya bademle süsleyip servis edebilirsiniz.""]"
a8403ad8-a3de-4a79-80f7-d7d919b91953,Çoban Salatası,Turkey,Taze sebzelerle hazırlanan ferahlatıcı ve lezzetli geleneksel Türk salatası,Ye,"[""4 adet orta boy domates"", ""3 adet orta boy yeşil biber"", ""2 adet orta boy salatalık"", ""1 adet büyük boy kuru soğan"", ""5 yemek kaşığı zeytinyağı"", ""4 yemek kaşığı taze sıkılmış limon suyu"", ""1/2 çay kaşığı tuz""]","[""Çoban salatayı hazırlamak için; kabuklarını soyup sap kısımlarını aldığınız sulu ve orta boy domatesleri ince ince doğrayın."", ""Kabuğunu soyduğunuz salatalıkları domateslerle uyumlu olacak şekilde kesin."", ""Ortadan ikiye kestiğiniz ve çekirdeklerini çıkardığınız yeşil biberleri yarım ay şeklinde kesin."", ""Kuru soğanı küçük parçalar halinde ya da arzuya göre ince piyazlık doğrayın."", ""Maydanozu incecik kıyın."", ""Tüm malzemeyi salata kabında karıştırın. Salatanın sosu için; zeytinyağı, taze sıkılmış limon suyu ve tuzu küçük bir kapta karıştırdıktan sonra salatanın üzerine gezdirin."", ""Sosuyla harmanladığınız salatayı, sulanmaması için bekletmeden servis edin. Her türlü ana yemek yanında sevdiklerinizle paylaşın.""]"
80e97100-7df6-48b3-89cd-87935f723516,Bulgurlu Pirpirim,Turkey,"Bulgurlu Pirpirim, taze sebzelerle bulgurun buluştuğu lezzetli ve besleyici bir Türk mutfağı klassiğidir",Ye,"[""1 adet havuç"", ""1/2 adet limon"", ""1 adet soğan"", ""1 çay bardağı pilavlık bulgur"", ""1/2 çay bardağı zeytinyağı"", ""1 çay kaşığı tuz"", ""1 tatlı kaşığı domates salçası""]","[""Semizotlarını güzelce yıkayın. Kök kısımlarını kesin. Semizotlarını saplarıyla beraber iri bir şekilde doğrayın."", ""Soğanları ince ince doğrayın. Havuçları da uzun ve ince bir şekilde doğrayın."", ""Bir tencerenin içersine zeytinyağını ve soğanı aktarın. Kavurmaya başladıktan birkaç dakika sonra havuçları ilave edin."", ""Onlarda hafif sotelenince bulgur ve salçayı ekleyin. 5 dakika daha bu şekilde kavurduktan sonra doğranmış semizotunu, yarım limonun suyunu ve tuzu ilave edip güzelce karıştırın. 1 su bardağı kadar su"", ""Tencerenin kapağını kapatarak pişmeye bırakın. Bulgurlar iyice şişip semizotları da pişince ocaktan alıp servis edin. Afiyetler olsun.""]"
e0e10bcd-30ef-429b-abde-7bf4b6a1518f,Çikolatalı Tarçınlı Kurabiye,Turkey,"Çikolata ve tarçının mükemmel uyumuyla hazırlanan, ağızda dağılan lezzetli kurabiyeler",Ye,"[""150 gram tereyağı veya margarin"", ""2 adet yumurta sarısı"", ""1 çay bardağı pudra şekeri"", ""1 yemek kaşığı su"", ""1 çay kaşığı tarçın"", ""1 çay bardağı damla çikolata"", ""1 su bardağı ceviz"", ""1/2 paket vanilya"", ""1/2 paket kabartma tozu"", ""2-3 su bardağı un (aldığı kadar)""]","[""Oda sıcaklığında 150 gram margarin derin bir kabın içerisine alınır."", ""2 yumurta sarısı eklenir ve homajen bir kıvam alıncaya kadar karıştırılır. Pudra şekeri, su eklenip karıştırılır."", ""Ardından tarçın, ceviz, kabartma tozu, vanilya ve un eklenerek karıştırılır. (Unu birden boca etmeyin.) Son olarak damla çikolatayı ilave edin."", ""Yaptığınız hamuru bir streç film veya yağlı kağıt içerisine koyup rulo şeklinde sarınız. İstediğiniz incelikte, kalınlıkta yapabilirsiniz."", ""Rulo şeklinde sardığınız hamuru 1 saat buzlukta bekletin. Eğer o gün yapmayacaksanız buzlukta muhafaza edebilirsiniz."", ""Buzluktan çıkardığınız hamuru 2-3 cm aralıklarla eşit bir şekilde kesiniz."", ""Tepsiye aldığınız hamurları önceden ısıtılmış 180 derece fırına yerleştirip üzerileri hafif pembeleşinceye kadar pişiriniz."", ""20-25 dakika yeterlidir. Fakat fırından fırına da değişiklik gösterebilir. Afiyet olsun.""]"
323d5774-b78a-4204-b9a6-d8ef49980ff6,Milföylü Tavuk Baget,Turkey,"Milföy hamurunun içinde pişirilen lezzetli tavuk bagetler, çıtır dokusuyla damakları şenlendiriyor",Ye,"[""1 kilogram tavuk baget"", ""4 adet milföy hamuru"", ""1 çay kaşığı tuz"", ""1 çay kaşığı karabiber"", ""1 çay kaşığı kırmızı toz biber""]","[""Tavuk bagetleri yıkayıp tencereye alın, üzerlerini geçecek kadar su ekleyip haşlamaya bırakın."", ""Baharatları bir kasede karıştırın, haşlanan tavukların üzerine serpin. Milföy hamurlarını bir parmak kalınlığında uzunlamasına kesin ve baharata bulanmış tavuk bagetleri milföy şeritleriyle sarın."", ""Hamurların üzerine yumurta sarısı sürün, susam ve çörek otu serpin. Bagetlerin ucunu alüminyum folyo ile sarın ve yağlı kağıt serdiğiniz fırın tepsisine dizin."", ""Tepsiyi, alt-üst fanlı ayarda 160 derecede ısıttığım fırının orta bölümüne yerleştirin, üzerleri kızarana kadar pişirin.""]"
d531bfe5-d688-4ac1-ac74-ece6fd7dd1ca,Havuçlu Muhallebi,Turkey,"Taze havuçların tatlılığını kremsi muhallebiyle birleştiren, hem sağlıklı hem de lezzetli bir tatlı",Ye,"[""2 adet havuç"", ""5 yemek kaşığı şeker"", ""1 yemek kaşığı tereyağı"", ""2 yemek kaşığı tarçın"", ""1 çay kaşığı toz karanfil"", ""1 su bardağı ceviz içi (ince çekilmiş)""]","[""Bir sos tavasına rendelenmiş havuç, ceviz ve toz şekeri ilave ederek havuçlar pişene kadar karıştırıyoruz."", ""Havuçlar piştikten sonra tereyağı, tarçın ve karanfili de ilave ederek tekrar karıştırıp soğumaya bırakıyoruz."", ""Muhallebi için süt, toz şeker, un ve nişastayı karıştırdıktan sonra orta ateşe verip pişene dek karıştırıyoruz."", ""Muhallebinin soğuması için 10 dakika bekledikten sonra kaymağını alıp krema ilave ederek yeniden karıştırıyoruz."", ""Yuvarlak cam bir kaba hazırladığımız havuç karışımını yerleştirip üzerine muhallebiyi döküyoruz."", ""Ortalama 3 saat buzdolabında beklettikten sonra servis edebilirsiniz. Afiyet olsun.""]"
9852f244-551e-48a8-a05d-339b130263ad,Şekersiz Fıstık Ezmesi,Turkey,Sağlıklı ve doğal şekersiz fıstık ezmesi hazırlamanın en kolay yolu. Ev yapımı lezzet ile kahvaltılarınıza farklı bir tat katın,Ye,"[""2 su bardağı yer fıstığı"", ""Etimek Tatlısı Tarifi"", ""Damla Çikolatalı Kurabiye"", ""Tatlı Tarifleri Spoonful Mozaik Pasta Çikolatalı Sufle İrmik Helvası Fırın Sütlaç Profiterol Revani Magnolia"", ""Kahvaltılık Tarifler Pancake Krep Pişi Kuymak Kaygana Kahvaltılık Sos Menemen Muhlama Yumurtalı Ekmek Omlet"", ""Omlet""]","[""Fıstıkları orta ateşte karıştırarak yaklaşık 5 6 dakika kavurun."", ""Bez yardımıyla ve elinizle kabuklarından ayırın."", ""Robota alıp yaklaşık 5-6 dakika krema kıvamı alana kadar çekin. Afiyet olsun.""]"
c5447b97-dc5f-47c2-9e88-7f165fd5e033,Baharatlı Mercimek Çorbası,Turkey,"Lezzetli ve doyurucu baharatlı mercimek çorbası, soğuk günlerin vazgeçilmezi",Çorba,"[""1 yemek kaşığı tereyağı"", ""1 yemek kaşığı zeytinyağı"", ""1 su bardağı kırmızı mercimek"", ""2 yemek kaşığı bulgur"", ""1 çay kaşığı kırmızı toz biber"", ""1 çay kaşığı pul biber"", ""1 çay kaşığı kimyon"", ""1 çay kaşığı karabiber"", ""1 yemek kaşığı domates salçası"", ""1 adet soğan"", ""1 adet havuç"", ""1 adet kırmızı biber""]","[""Yağları tencereye koyup üzerine baharatları ekleyip kavuruyoruz."", ""Sonra salçayı da ekleyip biraz daha kavuruyoruz."", ""Havuç, soğan ve biberi doğrayıp tencereye ekleyip onları da 5 dakika kadar kavuruyoruz."", ""Sonra mercimek ile bulguru, ezilmiş sarımsağı ve tuz ekleyip üzerine suyunu koyuyoruz."", ""Kaynayıp tüm malzemeler yumuşadığında altını kapatıp blender ile pürüzsüz hale hale getiriyoruz.""]"
aa90af57-e7a1-4c8f-b9ce-f9be02c20c45,Mayasız Poğaça,Turkey,Pratik ve hızlı mayasız poğaça tarifi ile lezzetli atıştırmalıklar hazırlayın,Börek & Hamur İşi,"[""1 adet yumurta"", ""1 su bardağı süt"", ""50 gram tereyağı veya margarin"", ""3 yemek kaşığı sıvı yağ"", ""1 çay kaşığı tuz"", ""1 tatlı kaşığı toz şeker"", ""3 su bardağı un"", ""2 paket kabartma tozu"", ""1 bardak kaşar peyniri""]","[""Yumurta beyazı ile sarısını ayırın."", ""Yumurta beyazına süt, eritilmiş tereyağı, ve sıvı yağı ekleyin ve çırpın."", ""Tuz, şeker ve kabartma tozunu ekleyin karıştırın ve ardından unu azar azar ekleyerek yoğurmaya başlayın."", ""Hamur ele yapışmayan hafif sert ama yumuşak bir hamur olacak."", ""Küçük mandalina büyüklüğünde bezeler yapın, hafif bezeleri açın."", ""Ortasına kaşar peyniri koyun ve bezeleri köşelerden kapatıp yuvarlayın."", ""Fırın tepsisine dizin ve 180 derecede pişirin."", ""Poğaçaların üstü kızarana kadar pişirin. İçi pişmez ise biraz daha pişirebilirsiniz. Afiyet olsun.""]"
8160a825-5aa2-485d-8987-105ef8a854ec,Pizza Tadında Mayasız Pişi,Turkey,Pizza lezzetini mayasız pişi ile birleştiren pratik ve lezzetli bir tarif,Ana Yemek,"[""1 adet yumurta"", ""1 yemek kaşığı yoğurt"", ""1 çay bardağı süt"", ""50 gram sucuk"", ""1/2 tatlı kaşığı kekik"", ""1 çay kaşığı tuz"", ""1 paket kabartma tozu"", ""2,5 su bardağı un (310-320 g)"", ""1 çay bardağı ayçiçek yağı (kızartmak için)""]","[""Yumurta, süt ve yoğurdu bir kabın içerisine alıp çırpın."", ""Rendelenmiş kaşar peyniri, keki ve tuzu ekleyin. Sucuğu olabildiğince küçük küpler halinde kesip onu da ekleyin ve güzelde karıştırın."", ""Ardından azar azar unu ilave edip yoğurmaya başlayın, kabartma tozunu da ilave edin."", ""Ele yapışmayan tok bir hamur elde edin."", ""Hamuru yağlı kağıdın üzerine alıp hafifçe bastırın."", ""Üzerine bir kat daha yağlı kağıt serin ve merdaneyle üzerinden bastırarak hamuru açın."", ""Hamurdan bardak veya kurabiye kalıplarınızı kullanarak parçalar elde edin. Bu hamurdan 6-7 cm çapında 18 adet parça elde edebilirsiniz. Tüm hamur bitene dek parçaları kesin ve ardından üzerlerinden ha"", ""Ayçiçek yağını iyice kızdırın. Kızgın yağ içerisine pişilerden atın."", ""Bir yüzeyi iyice kızarınca ters çevirip diğer yüzünü pişirin. Toplamda 3-4 dakika içinde iki yüzü de pişmiş olacaktır."", ""Tavadan aldıktan sonra yağını süzdürüp servis edin. Afiyet olsun!""]"
ad934f17-edc5-490c-b775-fe8a9a8831e9,Orman Meyveli Tart,Turkey,"Taze orman meyveleriyle hazırlanan, çıtır hamurlu ve lezzetli bir tatlı",Ana Yemek,"[""2 adet yumurta sarısı"", ""150 gram soğuk tereyağı"", ""1/2 su bardağı pudra şekeri"", ""1/4 çay kaşığı tuz"", ""2 yemek kaşığı soğuk su"", ""2 su bardağı un""]","[""Orman meyveli tartın hamurunu hazırlamak için; elenmiş un, pudra şekeri ve tuzu mutfak robotu ya da miksere alıp hamur yoğurma aparatıyla karıştırın."", ""Küçük parçalar halinde kestiğiniz soğuk tereyağını azar azar katıp karıştırma işlemini sürdürün."", ""Son olarak yumurta sarıları ve soğuk suyu katıp bir parça daha karıştırmaya devam edin."", ""Tahta bir kaşıkla toparladığınız tart hamurunu, yatay şekilde streç filmle sardıktan sonra buzdolabında 30 dakika kadar dinlendirin."", ""Tartın kremasını hazırlamak için; derin bir kaba aldığınız yumurta sarılarını toz şeker ve mısır nişastası ilavesiyle çırpın. Toz şeker taneleri erimiş ve karışımın rengi beyaza dönük olmalı."", ""Ortadan ikiye kestiğiniz vanilya çubuğunun iç kısmında kalan çekirdekli kısmını sivri bir bıçağın ucu ile kazıyın. Soğuk sütü küçük bir tencereye aktarın. Elde ettiğiniz vanilya özü ile kısık ateşte k"", ""Çırpılmış yumurta sarılarını, kaynamakta olan süt ile azar azar karıştırıp ılıştırdıktan sonra süt tenceresine aktarın. Kısık ateşte koyu bir krema kıvamını alana kadar pişirin."", ""Ocaktan aldığınız krema karışımına azar azar tereyağı katıp, kıvam alması ve renginin berrak olması için bir çırpıcı yardımıyla karıştırın."", ""Soğuması için ayrı bir kaba aldığınız kremanın üzerini ılındıktan sonra streç filmle kapatın. Buzdolabında bekletin."", ""Dinlenen hamuru, tereyağıyla yağladığınız maksimum 27 cm.'lik bir tart kalıbına elinizle bastırarak yayın."", ""Hamurun eşit oranda pişmesi ve kabarması için tart kalıbı büyüklüğünde bir yağlı kağıt kesin ve hamurun üzerine açın. Orta kısmını ağırlık yapması ve hamura düz şeklini vermesi için nohut, kuru fasuly"", ""Önceden ısıtılmış 180 derece fırında, yaklaşık 25 dakika hafif bir renk alana kadar tart hamurunu pişirin."", ""Fırından çıktıktan sonra üzerindeki yağlı kağıt ve kuru bakliyatları alın. Aynı ısıda 5 dakika daha fırınladığınız tart tabanını fırından çıkartın, oda ısısında dinlendirin."", ""Buzdolabında soğuyan kremayı tartın orta kısmına yayın, arzuya göre krema sıkma poşeti kullanın."", ""Tartın üzerini orman meyveleriyle kaplayın. Pudra şekeri eledikten sonra dilimleyerek sevdiklerinizle paylaşın.""]"
f1d3e618-bc8b-4b9b-a86a-7e0fc714a0e9,Çilekli Semizotu Salatası,Turkey,"Taze çileklerin ve semizotunun ferahlatıcı lezzetiyle cevizin çıtırlığı birleşen bu salata, yaz aylarının vazgeçilmezi",Salata,"[""250 gram çilek"", ""1 su bardağı ceviz içi"", ""3 yemek kaşığı zeytinyağı"", ""1 tatlı kaşığı tuz"", ""1 adet limon suyu""]","[""Önce çilekleri halka halka doğrayıp, isteğe göre sunum kasemizin tabanına dizelim."", ""Ardından sosu için küçük bir kasede zeytinyağı limon tuz ve 1 su bardağı cevizin yarısını ekleyelim karıştıralım."", ""Ayrı bir kapta ayıklayıp yıkadığımız semizotunun üzerine cevizli sosu ekleyip karıştıralım."", ""En son geriye kalan çilekleri ekleyip karıştıralım ve sunum kasemize ekleyelim."", ""Üzerine kalan cevizi ekleyip dilediğiniz gibi süsleyerek servis edebilirsiniz. Afiyet olsun.""]"
ee860ad9-224a-4972-95f0-8bf550fbc8b6,Bal Kabaklı Kadayıf,Turkey,"Bal kabağının tatlılığı ile kadayıfın çıtırlığının buluştuğu, geleneksel lezzet",Tatlı,"[""1 su bardağı sıvı yağ"", ""250 gram kadayıf"", ""500 gram bal kabağı"", ""300 gram toz şeker"", ""200 mililitresüt kreması"", ""1 su bardağı ceviz içi (Arzuya göre Antep fıstığı da kullanabilirsiniz).""]","[""Kabağı iri küpler halinde doğrayın, üzerine toz şeker serpip 2-3 saat suyunu bırakınycaya kadar bekletin. Süre sonunda ocağa alın orta ateşte iyice yumuşayıncaya kadar pişirin. Suyunu süzün, blender'd"", ""Kadayıftan bir tutam alıp kahve fincanı tabağına alarak elinizle tabağın şekline göre eşit şekilde yayın, elinizle hafifçe bastırın."", ""Sığ bir tavaya sıvı yağı alın ve aşırı olmamak üzere kızdırın. Şekil verdiğiniz kadayıfı bozmadan tavaya alın ve her iki tarafı aynı şekilde altın sarısı olana kadar kızartın. Yağını iyice süzdürüp ta"", ""Derin bir kapta kremayı yoğunlaşana kadar mikserle çırpın, püre haline gelen kabağı ve kremayı yıldız uç takılmış sıkma torbasına doldurun. 1 kat kadayıf üzerine kabak püresi, krema ve ceviz olacak şe""]"
56ef972f-ad44-4c2f-99b4-fa27377925d5,Etli Krep,Turkey,"Lezzetli etli krepler, hem doyurucu hem de pratik bir öğün seçeneği sunar",Et Yemekleri,"[""1 su bardağı süt"", ""1 su bardağı su"", ""2 adet yumurta"", ""2 su bardağı un"", ""1 çay kaşığı tuz""]","[""Düdüklü tencereyi ocağa alın ve altını açın, tencere ısındıktan sonra içine etleri atın. Normal bir kapakla kapatın ve etler suyunu salıp tekrar çekene dek bu şekilde ara ara kavurun."", ""Mantarları doğrayın ve suyunu çekmiş olan etlere ilave edin. Biraz kavurduktan sonra ince ince doğradığınız kuru soğanı ve biberleri de ekleyin,yağını da ilave edin ve biberler yumuşayana dek kavurun."", ""Domateslerin kabuklarını soyun ve küp küp doğrayın. Biberler iyice yumuşayınca domatesleri ilave edin. baharatlarını da ekleyin. 1 su bardağı kaynar suyu da ekleyin, karıştırın ve düdüklü tencereyi ka"", ""Düdük öttükten sonra altını kısın ve bu şekilde yaklaşık 20 dakika kısık ateşte pişmeye bırakın."", ""Etler pişerken krebi hazırlayın. Krep için gerekli olan tüm malzemeleri bir kapta güzelce çırpın. Boza kıvamında bir karışım elde edeceksiniz"", ""Bir tavaya her seferinde 1 tatlı kaşığı kadar sıvı yağ alın ve hazırladığınız krep karışımından bir kepçe dökün. Alt- üst çevirerek her iki tarafını da güzelce pişirin."", ""Bu şekilde tüm krep hamurunu bitirin. 8 adet krep elde edeceksiniz."", ""Kreplerden birisini servis tabağına alın. Tam ortasına pişmiş olan etli harçtan yaklaşık 2 yemek kaşığı kadar koyun ve krebinizi bohça şeklinde kapatıp tersini çevirin."", ""Üstüne dilerseniz hazırladığınız sostan gezdirin, maydanozla süsleyin ve sıcak sıcak servis edin.""]"
4d618b81-1b8d-4a50-b5e8-0dee83a4782c,Renkli Patates Salatası,Turkey,Renkli tatlı patateslerin lezzetli ve göz alıcı sunumuyla hazırlanan eşsiz bir salata tarifi,Salata,"[""1 kilogram tatlı patates (renkli)"", ""Etimek Tatlısı Tarifi"", ""Damla Çikolatalı Kurabiye"", ""Tatlı Tarifleri Spoonful Mozaik Pasta Çikolatalı Sufle İrmik Helvası Fırın Sütlaç Profiterol Revani Magnolia"", ""Kahvaltılık Tarifler Pancake Krep Pişi Kuymak Kaygana Kahvaltılık Sos Menemen Muhlama Yumurtalı Ekmek Omlet"", ""Omlet""]","[""Patatesleri hepsi aynı boyutta olacak şekilde doğrayıp tencereye alın. Üzerini geçecek kadar su ekleyip kapağını kapatarak 15 dakika haşlayın."", ""Kabuklarını soyarak renklerine göre ayırın. Ezici yardımıyla ezin."", ""Streç film ile kapladığınız silikon kalıba renklerine ve istediğiniz sıraya göre aktarıp kaşık ile bastırın."", ""Dikkatli bir şekilde ters çevirin. Streç filmi çıkarın ve dilimleyin."", ""Nar taneleri serperek servis edin.""]"
9c91c39d-9997-4ee8-8c6c-bce644eb4a7c,Etli Kaşarlı Pide,Turkey,"Lezzetli etli kaşarlı pide, evde kolayca hazırlayabileceğiniz harika bir lezzet",Börek & Hamur İşi,"[""3 su bardağı ılık süt"", ""1 çay bardağı sıvı yağ"", ""1 paket yaş maya"", ""1 yemek kaşığı tuz"", ""2,5 su bardağı un (Alabildiği Kadar)""]","[""Öncelikle eti haşlayıp bir kaba alalım. Domatesi, biberi, soğanı, sarımsağı ufak ufak doğrayalım."", ""Haşlanmış ete ilave edelim sonra yağ, salça ve baharatı ekleyip karıştıralım. Kenara alalım."", ""Sütü ılıtıp malzemeleri koyalım, yumuşak bir hamur yoğurup, mayalanması için bekletelim. Mayalandıktan sonra pide sekli verip yumurta sarısı sürelim."", ""Pişmeye yakın rendelenmiş kaşar peyniri serpip, biraz daha pişirelim. Fırından aldıktan sonra kenarlarına tereyağı sürerek servis edebilirsiniz. Afiyet olsun.""]"
5fa8ee15-949b-44d0-8898-62e1726bc6aa,Çörçil,Turkey,"Serinletici ve ferahlatan bir içecek olan Çörçil, limon suyu ve tuzun mükemmel uyumuyla hazırlanır",Ana Yemek,"[""1/2 adet limon suyu"", ""1/2 çay kaşığı tuz"", ""3-4 adet buz""]","[""Çörçil için bardağa limon suyunu ve tuzu ekleyip kaşıkla karıştırıyoruz."", ""Buz tanelerini ekliyoruz."", ""En son maden suyunu ekliyoruz."", ""Çörçil hazır. Afiyet olsun.""]"
dfaedd1a-cc8d-47a6-b3c0-f07a8546dba9,Tavada Panda Kek,Turkey,Sevimli panda şeklinde hazırlanan lezzetli tavada kek tarifi,Tatlı,"[""1 adet yumurta"", ""3/4 çay bardağı şeker"", ""1/2 çay bardağı süt"", ""1/4 çay bardağı sıvı yağ"", ""3/4 su bardağı un"", ""1/2 paket kabartma tozu"", ""1/2 paket vanilya""]","[""İlk olarak her kekte olduğu gibi yumurta ve şeker çırpılır."", ""Süt ve sıvı yağ da eklendikten sonra çırpılmaya devam edilir.."", ""En son olarak un, kabartma tozu ve vanilya da eklenerek karıştırılır."", ""Bütün malzemeler tereyağı ile yağlanmış ve unlanmış 15-17 çaplarında tavaya dökülür."", ""Tava ile ocak arasına 4 kat olacak şekilde alüminyum folyo konulur. (Kekin ani yanmasını önlemek için.)"", ""Piştikten sonra panda şeklinde süslenerek servis edebilirsiniz. Afiyet olsun.""]"
7faf61fe-6d9c-47c6-8052-0002c730cf5f,Mandalinalı Bamya,Turkey,"Mandalina suyunun ferahlığıyla harmanlanmış, lezzetli ve pratik bir bamya yemeği",Ana Yemek,"[""1/2 kilogram bamya (ayıklanmış)"", ""1 adet soğan (küp doğranmış)"", ""3 adet mandalina suyu"", ""1 adet limon suyu"", ""2 çay kaşığı tuz"", ""1 adet küp şeker"", ""5-6 yemek kaşığı zeytinyağı""]","[""Zeytinyağını tavaya döküp soğanları kavuruyoruz."", ""Ayıkladığınız bamyaları ekliyoruz."", ""Mandalina suyunu, limon suyunu, tuzunu ve şekeri ekleyip bamyalar yumuşayana kadar kısık ateşte pişiriyoruz."", ""Sıcak ya da soğuk olarak servis yapabilirsiniz. Afiyet olsun.""]"
b4c394e3-8520-49be-9870-3b290fba7293,Kremalı Limonlu Kek,Turkey,"Taze limonun ferahlatıcı aromasıyla bezeli, yumuşacık dokulu kremalı kek. Misafirlerinizi büyüleyecek pratik bir tatlı",Tatlı,"[""3 adet yumurta"", ""1 su bardağı toz şeker"", ""2 su bardağı un"", ""1 büyük çay bardağı sıvı yağ"", ""1 büyük çay bardağı süt"", ""1 paket kabartma tozu"", ""1 paket vanilya"", ""2 adet limon kabuğu rendesi"", ""200 mililitrekrema"", ""2 yemek kaşığı pudra şekeri""]","[""Yumurta ve toz şeker iyice çırpılır."", ""Limon kabuğu rendelenir. Yumurta ve şeker karışımının üzerine süt, sıvı yağ, limon kabuğu rendesi ve vanilya eklenerek 1 dakika çırpılır."", ""Un, kabartma tozu elenerek karışıma eklenir. Spatula yardımıyla karıştırarak karışıma yedirilir."", ""Yağlı kağıt serili baton kek kalıbına karışım dökülür. 180 derecede pişirilir."", ""Üzeri için 200 gram krema ve 2 yemek kaşığı pudra şekerini, birlikte kıvam alana kadar çırpıp buzdolabına kaldırın. Soğuyan keki dilimledikten sonra kremayı dilimin üzerine dökün. Afiyet olsun.""]"
bde9f646-93d1-4569-a783-d6945bdceafb,Zeytinyağlı Barbunya,Turkey,"Zeytinyağlı barbunya, Türk mutfağının en sevilen ve lezzetli zeytinyağlı yemeklerinden biridir. Taze barbunyaların zeytinyağı, soğan ve patatesle birlikte pişirilmesiyle hazırlanan bu yemek, hem doyurucu hem de sağlıklı bir seçenektir",Meze,"[""1 kilogram barbunya"", ""2 adet orta boy soğan"", ""1 adet patates"", ""1 adet havuç"", ""1 tatlı kaşığı toz şeker"", ""1 tatlı kaşığı tuz"", ""1 yemek kaşığı biber salçası"", ""1 yemek kaşığı domates salçası"", ""1 çay bardağı zeytinyağı""]","[""Barbunyalar akşamdan suya ıslanır. (taze barbunyalar ayıklanıp direkt uygulanır)"", ""Ertesi gün kaynar suda bir taşım kaynatılıp suyu süzülür."", ""Bir tencerede minik minik doğranan soğan, sarımsak zeytinyağının yarısı ile kavrulur."", ""Salçalar da eklenip biraz kavrulduktan sonra içine havuç, patates ve barbunyalar da eklenip biraz daha kavrulur."", ""Sonra üzerine çıkacak kadar su,tuz ve toz şeker de katılıp pişmeye bırakılır."", ""Pişince üzerine kalan zeytinyağı gezdirilip ocaktan alınır. Afiyet olsun.""]"
8a9f91d3-2b7d-41f9-829c-f7fdaef5e1ae,Çikolatalı Rulo,Turkey,"Lezzetli çikolatalı rulo keki, çay saatlerinin vazgeçilmezi olacak",Tatlı,"[""3 su bardağı un"", ""1 paket instant maya"", ""1/3 çay kaşığı tuz"", ""2 silme yemek kaşığı toz şeker"", ""100 gram margarin"", ""1 çay bardağı ılık süt"", ""1 adet yumurta akı"", ""1 adet yumurt sarısı"", ""2-3 yemek kaşığı kakaolu fındık kreması (arzuya göre artırılabilir)""]","[""Unu eleyip maya ile karıştırın."", ""Tuz, toz şeker, margarin, ılık süt ve yumurta akını ekleyip iyice yoğurun."", ""Hamuru merdane ile 2-3 mm kalınlığında, yuvarlak olarak açın."", ""Üçgen olarak kestiğiniz hamurların içine kakaolu fındık kreması sürün ve geniş kenarından başlayarak rulo şeklinde sarın."", ""Üzerlerine yumurta sarısı sürün ve önceden ısıtılmış 180 derece fırında yaklaşık 15-20 dakika pişirin. Afiyet olsun.""]"
1e893081-2b20-464f-a867-3bd78f901f67,Ev Yapımı Çıtır Simit,Turkey,"Evde kolayca yapabileceğiniz, dışı çıtır içi yumuşak lezzetli simit tarifi",Börek & Hamur İşi,"[""5 su bardağı un"", ""1/2 su bardağı zeytinyağı"", ""2 yemek kaşığı esmer şeker"", ""1 çay kaşığı tuz"", ""1 yemek kaşığı kuru maya"", ""2,5 su bardağı su""]","[""Unu yoğurma kabına aldım ortasını havuz gibi açtım ve su, tuz, şeker, maya ve yağı ekledim."", ""Ele yapışmayacak bir kıvam alana kadar yoğurdum."", ""Yarım saat kadar mayalanmasını bekledim."", ""Daha sonra ceviz büyüklüğünde bezeler alarak her bir bezeyi elimle ince uzun şeritler haline getirdim."", ""Her bir simit için 2 adet şeriti yan yana koyup uçlarından kıvırdım."", ""Daha sonra önce tahin, şu ve pekmez karışımına ardından susama batırdım."", ""Fırın tepsisine koyun ve fırında pişirin. Afiyet olsun.""]"
e913aa48-67d7-47fd-af44-9dbd7f42c285,Tam Buğdaylı Hamburger Ekmeği,Turkey,Evde kolayca hazırlayabileceğiniz sağlıklı ve lezzetli tam buğdaylı hamburger ekmeği tarifimiz,Ana Yemek,"[""2,5 su bardağı tam buğday unu"", ""1/2 paket kuru maya"", ""1/2 çay bardağı ılık süt"", ""1/2 çay bardağı ılık su"", ""1/2 tatlı kaşığı şeker"", ""1/2 tatlı kaşığı tuz"", ""1 tatlı kaşığı bal""]","[""Bir kasede ılık su, ılık süt, şeker ve mayayı iyice karıştırın, sıvı karışımınız hazır."", ""Maya çözünürken geniş bir kaba tam buğday ununu alın, sıvı karışıma balı da ekleyip karıştırın ve tam buğday ununun üzerine ekleyin."", ""Önce spatula ile karıştırın, kıvam aldığında tuzu da ekleyip yoğurmaya başlayabilirsiniz. Ele yapışmayacak bir halde olması için un yetersiz gelirse az az ekleyebilirsiniz."", ""İyice yoğurduğunuz hamurun üzerini streç filmle kapatıp fırında, ya da üzerini bezle örterek dışarıda yaklaşık 1 saat mayalanmaya bırakın."", ""1 saat sonunda kontrol edin, eğer yeterince mayalanmış ve kabarmış görünmüyorsa yarım saat daha bekleyebilirsiniz."", ""Hazır olan hamuru 6 eşit parçaya bölün, her bir parçayı tezgahta elinizle açıp tekrar yuvarlayarak birleştirin ve avucunuzun içinde yuvarlak şekil verip pişirme tepsisine alın. Tepside üzerini temiz b"", ""Ekmeklerin üzerine yoğurt sürüp susam, çörekotu ve keten tohumunu serptikten sonra 180 dereceye ayarladığınız fırına koyun ve yaklaşık 25 dakika kontrol ederek pişirin."", ""Üzeri hafif kızardığında ekmekleriniz pişmiştir."", ""Çıkarttığınızda daha yumuşak olması için tepsinin üzerini nemli bir bezle örtüp 15 dakika soğumasını bekletebilirsiniz. Afiyet olsun.""]"
86c6664f-42d0-44f2-a10a-c0421086a445,Lavaş Pizza,Turkey,"Pratik ve lezzetli lavaş pizza, çeçil peyniri ve yoğurt ile hazırlanan hızlı bir atıştırmalık",Ana Yemek,"[""2 adet tortilla (lavaş)"", ""1 yemek kaşığı yoğurt"", ""200 gram çeçil peyniri"", ""50 gram tulum peyniri (dilediğiniz kadar)"", ""2 adet biber"", ""1 adet soğan"", ""2 adet domates""]","[""Öncelikle biberlerimizi, soğanlarımızı ve sucuklarımızı kestikten sonra yağsız bir tavada öldürelim (tavaya biraz su koyarsanız yapışmaz)."", ""Sonrasında birinci lavaşı alalım üzerine yoğurdu sürüp tepsi tabanına gelecek şekilde ters çevirelim (tabandaki lavaşın kurumasını engeller ve gerçek pizza hamuru tadı verir) ve ters çevirdikten sonra"", ""İkinci lavaşımızla üzerini kapatalım. İkinci lavaşımızın üzerine salçayı serelim."", ""Malzemelerimizden ilk önce tulum peynirini, sonrasında öldürdüğümüz biber, karamelize ettiğimiz soğan ve sucukları dilediğimiz gibi dizelim."", ""Malzemelerin üzerini çeçil peyniriyle tekrar kapattıktan sonra son olarak domateslerimizi dizip yağlı kağıt serdiğimiz fırın tepsimizi önceden 170 derece de fansız ayarda ısıttığımız fırında 23-30 dak""]"
1e798d27-6fb3-4e49-989b-5fe9addbf9e6,Mantarlı Et Sote,Turkey,Lezzetli mantar ve etin harmanlandığı pratik ve doyurucu bir sote tarifi,Et Yemekleri,"[""4 yemek kaşığı zeytinyağı"", ""1 yemek kaşığı tereyağı"", ""1 adet soğan (yemeklik doğranmış)"", ""2 adet yeşil biber (yemeklik doğranmış)"", ""2 adet kapya biber (yemeklik doğranmış)"", ""400 gram dana eti (kuşbaşı doğranmış)"", ""300 gram mantar (ince kesilmiş)"", ""1 tatlı kaşığı domates salçası"", ""1 adet domates (küp doğranmış)"", ""4 yemek kaşığı zeytinyağı"", ""3 çay kaşığı tuz"", ""1 çay kaşığı karabiber"", ""1 çay kaşığı kimyon"", ""1 adet pul biber""]","[""Yağları tavaya alın. Soğanları ekleyin ve kavurmaya başlayın. Biberleri de ekleyin."", ""Biberler biraz piştikten sonra mantarları ekleyin."", ""Etler renk alana kadar sebzelerle birlikte kavurun."", ""Domates salçasını ve salçayı ekleyin. Baharatları da ekleyin. Bir süre daha, sebzeler ve etler yumuşayana kadar pişirin."", ""Sebze ve etler piştikten sonra ocaktan alabilirsiniz. Mantarlı et sote hazır. Afiyet olsun!""]"
ace08a42-81e7-4fee-8790-f91c8c4ca75f,Fıstıklı Çatlak Kurabiye,Turkey,"Fıstıklı çatlak kurabiye, dışı çıtır içi yumuşak dokusuyla damaklarda unutulmaz bir tat bırakır",Tatlı,"[""3/4 su bardağı toz fıstık"", ""3/4 su bardağı pudra şekeri"", ""1 çay bardağı Hindistan cevizi"", ""1 silme yemek kaşığı un"", ""1 adet yumurta beyazı""]","[""Üzerine kullanacağımız pudra şekeri hariç malzemeleri bir kaba alıp yoğuruyoruz. (Ele yapışan bir kıvamı oluyor.)Dolaba koyup yarım saat bekletiyoruz."", ""Ceviz büyüklüğünde parçalar koparıp yuvarlayarak pudra şekerine buluyoruz. Önceden ısıtılmış 160 derece fırında yaklaşık 12-13 dakika pişiriyoruz."", ""Çatlayınca altını kontrol edin hafif kızarınca kapatın pişmesini bu şekilde anlayabilirsiniz. Afiyet olsun.""]"
c88aeff5-5adf-46a4-ae6e-049440d3cf2a,Kremalı Misket Köfte,Turkey,"Kremalı mantar sosu içinde sunulan, lezzetli ve doyurucu misket köfteler",Et Yemekleri,"[""400 gram kıyma"", ""2 adet orta boy soğan"", ""250 gram sarıkız mantarı (taze)"", ""1 adet yeşil köy biberi"", ""200 ml krema"", ""1/2 su bardağı beyaz şarap (ya da su)"", ""1 çay kaşığı muskat cevizi rendesi"", ""1 tatlı kaşığı kişniş"", ""1 çay kaşığı tuz"", ""1 çay kaşığı karabiber"", ""1 yemek kaşığı zeytinyağı"", ""1 yemek kaşığı tereyağı""]","[""Mantarları yıkamadan bir fırça yardımıyla temizleyin."", ""Kıymaya tuz, karabiber, kişniş, kıyılmış maydanoz ve 1 kaşık kıyılmış taze kekik ekleyip yoğurun."", ""Ufak toplar haline getirip 1 kaşık zeytinyağı eklediğiniz demir döküm tavada kızartın. Pişen köfteleri kenara ayırın."", ""Aynı tavada ince dilimlediğiniz soğanları soteleyin. İnce dilimlediğiniz yeşil ve kırmızı biberleri ekleyin ve karıştırın."", ""Büyüklüklerine göre ikiye ve dörde böldüğünüz sarıkız mantarlarını ekleyip bir iki dakika soteleyin."", ""Tuz, karabiber, muskat cevizi rendesi ve köfteleri ekleyin. Beyaz şarabı ilave ettikten sonra düşük ısıda yemeği 10-15 dakika pişirin."", ""En son kremayı ekleyip karıştırın. 1-2 dakika sonunda tencerenin altını kapatın. İnce kıyılmış maydanozu ekleyin ve taze kekik yaprakları ile süsleyip sıcak sıcak servis edin.""]"
4888109e-f8ec-4cd1-8b62-c40efa05d962,Hünkar Beğendi,Turkey,"Osmanlı saray mutfağından kalma, lezzetli dana kuşbaşı ve patates püresi ile sunulan klasik bir Türk yemeği",Ana Yemek,"[""500 gram kuşbaşı dana eti"", ""1 adet soğan"", ""1 su bardağı rendelenmiş domates"", ""1 tatlı kaşığı domates salçası"", ""2 yemek kaşığı zeytinyağı"", ""1 tatlı kaşığı tuz""]","[""Yemeklik doğradığımız soğanları tencereye zeytinyağı ile birlikte alalım. Soğanlar pembeleşince üzerine domates sos ve salçayı ekleyelim."", ""Üzerine düdüklü tencerede 20 dakika pişirdiğimiz kuşbaşı etleri ekleyelim. 2 su bardağı sıcak suyu da ekledikten sonra etleri kısık ateşte pişmeye bırakalım."", ""Beğendisi için patlıcanları ocakta ya da fırında közleyelim. Közlenen patlıcanları soğuduktan sonra uzunlamasına ikiye bölelim ve bir kaşık yardımıyla içini alalım. Küp küp doğrayalım."", ""Bir tencerede un ve tereyağını kavuralım, sütü de kontrollü olarak ilave edelim. Pürüzsüz bir karışım elde edene kadar karıştıralım ve patlıcanları ilave edelim."", ""Üzerine muskatı da rendeledikten sonra 2 dakika daha pişirelim. Karışımın kıvamını süt ilave ederek istediğiniz gibi ayarlayabilirsiniz."", ""Beğendiyi bir servis tabağına alalım, üzerine etleri yerleştirelim. Dilerseniz üzerine ince kıyılmış maydanoz da serpiştirebilirsiniz""]"
d48253bb-74b8-4c21-8479-6d06aed0a592,Fit Biscotti,Turkey,"Sağlıklı ve lezzetli fit biscotti tarifi, kahvenin yanına mükemmel eşlikçi",Ana Yemek,"[""200 gram yulaf unu (dilediğiniz başka unlardan da olur)"", ""3 yemek kaşığı zeytinyağı (Hindistan cevizi yağı da olur)"", ""1/2 çay kaşığı karbonat"", ""1 adet elma"", ""15 gram kuru üzüm"", ""3 adet günkurusu kayısı"", ""3 adet hurma"", ""1 çay kaşığı tarçın"", ""1 yemek kaşığı tahin""]","[""Öncelikle elma yıkanır ve rendelenir."", ""Üzerine zeytinyağı ve su eklenir."", ""Daha sonra kuru yemişler ve kuru meyveler iri kıyım kesilir ve kaba eklenir."", ""Un yavaş yavaş eklenir ve ele yapışmayan güzel bir hamur elde edilir."", ""Hazır olan hamur yağlı kağıt serili fırın tepsinine alınır ve iki parmak kalınlığında uzun dikdörtgen şekli verilir ve 180 derece de 10 dakika ön pişirme yapılır."", ""Ön pişirme yaptıktan sonra fırından çıkartılır ve biraz ılınıp kesilecek kıvama geldikten sonra dilimlenir ve tekrardan 180 derecelik fırında 10-12 adakika daha pişirilir."", ""Pişen biscottileri fırından alıp benmari usulü erittiğimiz çikolataya batırarak üzerine Antep fıstığı,fındık parçacıklar, Hindistan cevizi vs ne şekilde isterseniz süsleyebilirsiniz. Afiyet olsun!""]"
f8d78bcd-a9f1-4e05-8b53-62a471ea305e,Cevizli Banana Bread,Turkey,"Muzun tatlılığını cevizin çıtırlığıyla birleştiren bu pratik tarif, çay saatlerinin vazgeçilmezi olacak",Ana Yemek,"[""4 adet olgun muz"", ""2 adet yumurta"", ""3 yemek kaşığı tereyağı"", ""3/4 su bardağı şeker"", ""2 su bardağı un"", ""1 paket kabartma tozu"", ""1 çay kaşığı tarçın""]","[""Yumurta ve şekeri mikserle uzun süre krema kıvamına gelene kadar çırpın. Tereyağını eriterek ilave edin. 3 adet muzu da ezerek karışıma ilave edin."", ""Ayrı bir kapta un, kabartma tozu ve tarçını karıştırıp bir tutam da tuz ekleyin. İki karışımı yavaş yavaş birbirine ekleyip karıştırın ve cevizleri ekleyin ."", ""Baton kek kalıbını yağlayın. Kalan muzu ikiye bölerek tabana yerleştirin. Harcı kalıba dökün ve yayın. 180 derece fansız fırında güzelce kabarıp kızarana kadar pişirin. Çikolata kreması ve süt ile afi""]"
f5b1bed6-a466-4dd7-8d4b-36919cae8737,Gingerbread,Turkey,"Zencefilli kurabiye, baharatlı aroması ve yumuşak dokusuyla klasik bir tatlıdır",Ye,"[""3 su bardağı un"", ""1/2 tatlı kaşığı tuz"", ""1 yemek kaşığı toz zencefil"", ""2 tatlı kaşığı toz tarçın"", ""6 yemek kaşığı tereyağı"", ""3/4 su bardağı toz şeker"", ""1 adet yumurta"", ""1 paket vanilya"", ""1/2 su bardağı pekmez""]","[""Gingerbread kurabiye için yağ ve şekeri krema kıvamına gelene kadar çırpın."", ""Daha sonra içerisine yumurtayı ekleyerek çırpma işlemine devam edin."", ""Pekmezi ve en son kuru malzemeleri ekleyerek iyice yoğurup hamuru toparlayın."", ""Ardından hamurunuzu merdane yardımıyla açın. İnce açtığınız hamuru istediğiniz kalıplarla şekil vererek kesin."", ""Yağlı kağıt serili tepsiye dizdiğiniz hamurları 170 derecelik fırında 10 dakika pişirin. Çıkarıp oda sıcaklığında dinlendirdikten sonra servis edin. Afiyetler olsun!""]"
4a21fbf3-4f4f-4663-b6fe-3a789cc3fcea,Damla Sakızlı Muhallebi,Turkey,"Damla sakızının benzersiz aromasıyla zenginleştirilmiş, kremsi dokulu geleneksel bir tatlı. Bu muhallebi, damla sakızının ferahlatıcı lezzetiyle damaklarda unutulmaz bir tat bırakıyor",Ye,"[""2 yemek kaşığı tereyağı"", ""1 su bardağı un"", ""1 litre süt"", ""1,5 su bardağı toz şeker"", ""3-4 adet damla sakızı"", ""1 yemek kaşığı Antep fıstığı tozu (süslemek için)"", ""1 yemek kaşığı fındık kırığı (süslemek için)""]","[""Tereyağını eritip unu ekleyerek kavurunuz."", ""Sütü ekleyip kıvam alıp kaynanana kadar karıştırınız."", ""Ardından şeker ve dövülmüş damla sakızını ekleyip altını kısıp 2-3 dakika karıştırarak pişiriniz."", ""Altını kapatıp mikserle 2-3 dakika çırpınız."", ""Daha sonra kuplara pay edip dolapta dinlendiriniz, üzerini süsleyerek servis yapınız. Afiyet olsun.""]"
944a55f9-6b84-4ccd-9914-13d8ba1ac1b2,Çilekli Turta,Turkey,"Taze çileklerin ferahlatıcı lezzetiyle hazırlanan, çıtır hamurlu ve nefis çilekli turta tarifi",Ana Yemek,"[""200 gram tereyağı"", ""3/4 su bardağı toz şeker"", ""2 adet yumurta (L boy)"", ""1/2 paket kabartma tozu (tepeleme 1 çay kaşığı)"", ""1 paket vanilin"", ""3-3,5 su bardağı un""]","[""Hamur için ayrılan tüm malzemeler yoğrulup ele yapışmayan, yumuşak kıvamda bir hamur elde edin. İki eşit parçaya ayırıp hızlı soğuması için yassı form verin."", ""Buzdolabı poşetine koyup ağzını hava almayacak şekilde kapatın. Buzdolabında 20 dakika dinlendirin. Daha sonra hamurlardan birini alın ve kalıbınızın boyutuna göre açın. Ben 25 cmlik küçük borcam teps"", ""Kalıbınızın tabanını yağlayıp unladıktan sonra hamuru kalıba yerleştirin. (videoyu izlemenizi tavsiye ederim) Tabanına hamuru yerleştirdikten sonra bir çatal yardımıyla kabarmaması için üzerine delikl"", ""Şimdi iki aşamalı kör pişirme yapacağız. Önce hamurun üzerine pişirme kağıdı yerleştirip üzerine bakliyat dökün. Önceden ısıtılmış 175 derece fırında 10 dakika pişirin."", ""Daha sonra bakliyatları ve pişirme kağıdını kaldırıp 10 dakikada tabanını pişirin. Bu sayede taban hamuru hafiften pişip kabuk tutacak."", ""Kör pişirmeyi tamamladıktan sonra üst hamurunu da dolaptan çıkarıp diğer hamurdan daha ince olacak şekilde açın."", ""Ben hamura halka şekli verdikten sonra iç içe geçirip zincir şeklini verdim."", ""Üst hamurunu şekillendirdikten sonra turtaya kolay yerleştirebilmek için 5 dakika dolapta bekletin. O arada iç harcını hazırlayabilirsiniz."", ""İç harcı için, doğranmış çileklerin üzerine 3 yemek kaşığı pudra şekeri, 1 yemek kaşığı nişasta ekleyip karıştırın."", ""Alt tabanın üzerine iç harcını yerleştirin. Ardından üst hamurunu yerleştirip üzerine yumurta sarısı sürün. Önceden ısıtılmış 175 derece fırında üzeri kızarana kadar pişirin. Afiyet olsun.""]"
cf768d91-7405-4fab-94d5-d5adcadfad01,Dolma ve Sarma Tarifleri,Turkey,Lezzetli dolma ve sarma tarifleri için özel seçkiler,Ana Yemek,"[""Etimek Tatlısı Tarifi"", ""Damla Çikolatalı Kurabiye"", ""Tatlı Tarifleri Spoonful Mozaik Pasta Çikolatalı Sufle İrmik Helvası Fırın Sütlaç Profiterol Revani Magnolia"", ""Kahvaltılık Tarifler Pancake Krep Pişi Kuymak Kaygana Kahvaltılık Sos Menemen Muhlama Yumurtalı Ekmek Omlet"", ""Omlet""]","[""İncecik kabak çiçekleri, iç harcı ile buluşup harika bir uyum yakalıyor. Bu tarifle kabak çiçeği dolmasının lezzeti sofranıza taşıyabilirsiniz. Tarifi için: Kabak Çiçeği Dolması"", ""Kıymalı biber dolması, Türk mutfağının en sevilen ve lezzetli geleneksel yemeklerinden biri. Kıymalı biber dolması tarifi arayışındaysanız, size tam ölçülü bir lezzet sunuyoruz. Hem pratik hem de doyu"", ""Kıyma, pirinç ve baharatlarla harmanlanır, ardından asma yapraklarına sarılır ve lezzetli bir sosla pişirilir. Etin doyuruculuğu ile yaprak sarmaların hafifliği mükemmel bir denge oluşturur. En iyisi""]"
a363335f-c411-4ea8-971d-450e4aee449c,Puf Poğaça,Turkey,Hafif ve lezzetli puf poğaça tarifi ile misafirlerinize unutulmaz bir ikram sunun,Börek & Hamur İşi,"[""1 su bardağı ılık su"", ""1 su bardağı ılık süt"", ""1 su bardağı sıvı yağ"", ""1 adet yumurta"", ""1 paket instant maya"", ""4 tatlı kaşığı toz şeker"", ""2 tatlı kaşığı tuz"", ""4 su bardağı un""]","[""Mayayı ve şekeri ılık suda eritelim. Ardından tüm sıvı malzemeleri (süt, yumurta, sıvı yağ) ekleyelim."", ""Toz şeker, tuz ve unu da ekleyerek iyice yoğuralım."", ""Oda sıcaklığında üstünü kapatarak en az 10 dakika ama mümkünse 30 dakika kadar bekletelim."", ""Şekil verip fırın tepsisine dizelim. 200 derecede ısıtılmış fırında 20 dakika kadar pişirelim. Afiyet olsun.""]"
343fa604-2512-45b1-ad36-33e9d5c68f11,Ev Yapımı Cocostar,Turkey,Sağlıklı ve lezzetli atıştırmalık Ev Yapımı Cocostar tarifimizle tanışın!,Ye,"[""3 yemek kaşığı yulaf"", ""50 gram Hindistan cevizi tozu"", ""1 yemek kaşığı bal"", ""80 gram bitter çikolata"", ""1 adet muz (Küçük boy)""]","[""Muzu, yulafı ve Hindistan cevizini blenderdan geçirip, benmari olarak erittiğimiz çikolataya bandırıyoruz."", ""Topları servis tabağına alıyoruz.Çikolatayı süzmek için topları çatalla alabilirsiniz."", ""Buzlukta bir saat bekletince, servise hazır hale geliyor.""]"
57173499-4a50-4e23-837d-8c2560554706,Karidesli Kabak Spagetti,Turkey,"Lezzetli ve sağlıklı bir alternatif olan karidesli kabak spagetti, pratik yapımıyla sofralarınızı şenlendirir",Ye,"[""250 gram karides"", ""1 adet büyük boy kapya biber"", ""1 adet sivri biber"", ""1 adet çarliston biber"", ""4 yemek kaşığı sıvı yağ"", ""1 adet orta boy soğan"", ""1,5 yemek kaşığı salça"", ""1/2 su bardağı su"", ""4 adet kabak""]","[""Öncelikle tavaya koyduğunuz sıvı yağa ince kıyım doğranmış soğanları ve sarımsağı koyarak kavurmaya başlayın."", ""Ardından yine ince kıyım doğranmış biberlerimizi ekleyerek kavurun. Soğan ve biberler ölene kadar kavurma işlemine devam edin."", ""Kavrulan biberlere karidesi ekleyip yaklaşık 10 dakika kadar daha soteleyin."", ""Sotelenen karidesinize baharatları ve salçayı ekleyerek karıştırın ardından yarım bardak suyu ekleyin. Birkaç dakika daha soteleyin."", ""Kabaklarınızı spagetti şeklinde doğrayın ( ince,uzun). Doğradığınız kabakları az sıvı yağ ile ayrı bir tencerede spagetti makarna gibi görünecek şekilde öldürün."", ""Yumuşayan kabaklara karides sotenizi ekleyip 1-2 dakika daha pişirin."", ""Karidesli kabak spagetti servise hazır. Afiyet olsun.""]"
a1c30cf4-b614-4375-92be-48b69d0b1d82,Pastane Tadında Ekler,Turkey,"Pastanelerdeki gibi lezzetli, yumuşacık ve pratik bir ekler tarifi",Tatlı,"[""2 su bardağı su"", ""2,5 su bardağı un"", ""100 gram tereyağı"", ""3 adet yumurta"", ""1 yemek kaşığı şeker""]","[""Tencereye suyu koyalım, içine tereyağını ve şekeri koyup erimesini bekleyelim."", ""Sonra unu döküp kavuralım ve bütün hale gelince ocaktan alıp soğumaya bırakalım."", ""Soğuyunca yumurtaları tek tek ekleyip çırpalım, hazırladığımız hamuru sıkma torbasına alıp fırın tepsisine ince uzun şekilde sıkalım."", ""180 derece fırında 30 dakika pişirelim."", ""Kremasını yaparken sütü ve şekerin yarısını kaynatalım. Diğer yandan yumurta ve şekerin yarısını ayrı bir kapta çırpalım."", ""Nişasta ,un,suyu yumurta karışımına ekleyip çırpalım. Kaynamakta olan sütü kepçe yardımıyla damla damla yumurta karışımına dökelim. Sonra karışımı süte yavaş yavaş dökerek ekleyelim."", ""Krema pıt pıt atana kadar karıştırarak pişirelim. Çikolata,vanilya, tereyağı ekleyip ocaktan alalım."", ""Kremamızı bir kaba alalım, üzerine streç film kapatım 1 gece dolapta bekletelim."", ""Pişen hamurları ortadan keselim, arasına kremayı sıkalım üstüne çikolatayı sürelim ve tatlımız hazır. Afiyet olsun.""]"
abfa203c-31dc-4b5a-8494-9f4972c4a1c8,Tavuklu Kabak Sarma,Turkey,"Lezzetli ve sağlıklı bir akşam yemeği seçeneği olan tavuklu kabak sarma, sebzelerin tazeliği ile tavuğun zengin lezzetini bir araya getirir",Tavuk Yemekleri,"[""2 adet kabak"", ""2-3 adet biber"", ""1 adet domates"", ""2 tatlı kaşığı domates salçası"", ""1 çay bardağı su"", ""1 su bardağı kaşar peyniri (rendelenmiş)""]","[""Kabakları ince ince dilimleyin, yağ sürün ve tuz serpip 200 derece fırında pişirin, kızartarak da yapabilirsiniz."", ""İç malzemesi için tavukları minik minik doğrayın ve tavaya alıp suyunu çekene kadar pişirin."", ""Tavuklar suyunu çekince biraz zeytinyağı ekleyip biberleri atın."", ""Biberler de kavrulunca domates, dereotu ve baharatları ekleyin 5 dakika sonra ocağı söndürün."", ""Tezgaha yağlı kağıt veya streç film serin, kabak dilimlerini dizin ve içine tavuk sotenizi yayın."", ""Kabaklarınızı streç film/yağlı kağıt yardımıyla sarın."", ""Dağılmaması için kürdan batırıp, kesin."", ""Yağlı kağıt serili fırın kabına alın. Üzerine 2 tatlı kaşığı salçayı sulandırın ve tuz ekleyip gezdirin."", ""Üzerlerine birer tutam kaşar peyniri koyun."", ""230 derece fırında kaşar peynirler kızarana kadar pişirin. Afiyet olsun.""]"
b897a574-d617-4b26-86a2-0505857bd49e,Sütlü Makarna,Turkey,"Pratik ve lezzetli sütlü makarna, hem çocukların hem de büyüklerin bayılacağı bir tarif",Pilav & Makarna,"[""1/2 paket boncuk makarna"", ""1 yemek kaşığı tereyağı"", ""1 yemek kaşığı zeytinyağı"", ""1 su bardağı süt"", ""1 yemek kaşığı krem peynir"", ""100 gram kaşar peyniri"", ""1 çay kaşığı tuz""]","[""Kaynamış suyun içine makarnaları ekleyip yumuşayana kadar haşlayın. Makarnayı suyundan süzün."", ""Tencereye tereyağını ve zeytinyağını ekleyin. Haşlanmış makarnayı ekleyip sütü tencereye dökün."", ""Tuzu, krem peyniri, rendelenmiş kaşar peyniri ekleyip karıştırın."", ""Sütlü makarna tarifiniz hazır. Afiyetler olsun!""]"
e3f7fd83-97fa-4011-9db9-7843c2105911,Mereng (Beze),Turkey,"Hafif ve lezzetli bir atıştırmalık olan mereng, birkaç malzemeyle kolayca hazırlanabilir",Ye,"[""2 adet yumurta beyazı (55-60 gram)"", ""1/4 çay kaşığı tuz"", ""1/2 su bardağı toz şeker (80 gram)"", ""1 tatlı kaşığı limon suyu (3 ml)"", ""1 çay kaşığı mısır nişastası (3 gram)"", ""1 paket vanilin (5 gram)""]","[""Öncelikle toz şekeri blender veya kahve öğütücüsü ile inceltin."", ""Yumurta aklarını temiz cam kaseye alın. Mikserin düşük ayarında biraz köpürtün. Tuz ekleyip çırpın."", ""Azar azar şeker serperek çırpmaya devam edin. Renginin parlaklaştığı ve ters çevirince akmadığı zaman; limon suyu, mısır nişastası (elenmiş) ve vanilin ekleyip çırpın."", ""Kolay çalışmak için; pişirme kağıdının kenarlarına biraz mereng sürüp fırın tepsisine yapıştırın. Sıkma torbasının uç kısmına yuvarlak duy takın ve gıda boyasını kürdanla çizgi şeklinde çekin. Merengi"", ""Önceden 110 dereceye alt üst ayarda ısıtılan fırında 55 dakika - 1 saat arası pişirin. (Fırına göre 5-10 dakika daha gerekebilir).(Pişerken fırın kapağı hiç açılmamalı)."", ""Sürenin sonunda fırını kapatın. Fırın içinde 2 saat kadar bırakın. Fırın kapağını aralayın ve merengi tamamen soğuyana kadar bırakın. Afiyet olsun.""]"
9538e86f-0605-4308-9de0-46adc17ee2b4,Fit Manolya Tatlısı,Turkey,"Sağlıklı ve lezzetli bir alternatif olan fit manolya tatlısı, yulaf unu ve süt ile hazırlanır",Ye,"[""6 yemek kaşığı yulaf unu"", ""500 mililitresüt"", ""1 paket vanilin"", ""1 paket diyet bisküvi"", ""2 yemek kaşığı bal"", ""10 adet çilek""]","[""Süt, yulaf unu ve vanilini puding kıvamında olana kadar kısık ateşte pişirin."", ""Biraz soğuduktan sonra bal ilavesi yapın."", ""Diyet bisküviyi rondoda çekin."", ""Çilekleri dilimleyin ve malzemeleri kuplarınıza sırasıyla dizin. Afiyet olsun.""]"
9a6ff0e8-9cdd-4dd8-be16-5d3e795ef765,Avokado Tost,Turkey,Kremamsı avokado ve yumurtayla hazırlanan lezzetli ve doyurucu bir kahvaltı seçeneği,Ana Yemek,"[""1 adet avokado"", ""2 adet yumurta"", ""1 tatlı kaşığı tuz-karabiber"", ""4 damlalimon suyu"", ""1 çay kaşığı kırmızı toz biber"", ""7 adet kiraz domates""]","[""Avokadoyu ikiye bölün ve çekirdeğini çıkarın. Avokadoyu limon suyu, tuz ve karabiberle karıştırın. İki dilim ekmeğe eşit bir şekilde yayın."", ""Bir tencerede suyu kaynatın. O sırada yumurtaları ayrı ayrı küçük kaselere kırın."", ""Su kaynadıktan sonra ocağın altını biraz kısın. Ve daha sonra kaynayan suya bir çatal yardımı ile girdap oluşturun. Yumurtayı yavaşça girdabın ortasına kaydırın ve 4 dakika pişirin."", ""Ardından ekmeğe önce avokado püresini, sonrasında poşe yumurtaları yerleştirin. Afiyet olsun.""]"
707b7702-c6da-41ae-a9fd-fe035911afe9,Yumurtasız Fırın Sütlaç,Turkey,Yumurtasız pratik fırın sütlaç tarifi ile lezzetli ve kolay bir tatlı deneyimi,Tatlı,"[""2 tepeleme yemek kaşığı nişasta"", ""1 litre süt"", ""1 su bardağı toz şeker"", ""3 yemek kaşığı pirinç"", ""2 su bardağı su"", ""1 çay kaşığı vanilya (isteğe bağlı)""]","[""Pirinçleri yıkayıp kısık ateşte 2 bardak suyla pişiriyoruz."", ""Sütün 1/2 bardağını nişastayı açmak için ayırıyoruz."", ""Kalan sütü pirinçlere ekliyoruz, kaynayınca şekeri ekliyoruz."", ""Ardından nişastayı sütle açıp yavaş yavaş sürekli karıştırarak ekliyoruz."", ""Vanilyayı da ekleyip altını kısıyoruz. Kıvamı biraz koyulaşınca kapatıyoruz (yaklaşık 10 dk sürdü, süte ve nişastaya bağlı süre değişebilir)."", ""Kaselere paylaştırıp kaseleri tepsiye diziyoruz. Tepsiye kenardan soğuk su döküyoruz."", ""Fırının üst rafında önceden ısıtılmış 250 derecede kızarana kadar pişiriyoruz. (Varsa sadece üst ısıtma ayarı daha iyi olur). Afiyet olsun.""]"
c8499a05-6fbe-4e7a-a3c7-d117f43ac322,Üzümlü Çikolatalı Kurabiye,Turkey,"Tereyağlı ve şerbetli hamurun içine katılan üzüm parçaları ve çikolata damlalarıyla hazırlanan, çay saatlerinin vazgeçilmezi lezzetli bir kurabiye",Tatlı,"[""120 gram tereyağı (8 yemek kaşığı)"", ""120 gram şeker (3/5 su bardağı)"", ""1 adet portakal kabuğu rendesi"", ""1 adet yumurta"", ""1 paket kabartma tozu"", ""280 gram un (2,5 su bardağı)"", ""1 su bardağı kuru üzüm"", ""1 paket sütlü çikolata"", ""1/2 su bardağı ceviz"", ""1/2 çay kaşığı tuz""]","[""Tereyağı, şeker, portakal kabuğu rendesini krema gibi olana kadar çırpıyoruz."", ""Kuru üzümleri kaynar suda 10 dakika bekletiyoruz."", ""Krema gibi olan karışıma 1 yumurta ekliyoruz."", ""Un, kabartma tozu, tuz ayrı bir yerde karıştırıp yumurtalı karışıma ekliyoruz, sadece toparlanana kadar yoğuruyoruz fazla yoğurmayın"", ""Son olarak üzümleri, küçük parçalanmış sütlü çikolatayı, cevizi ekliyoruz."", ""Küçük toplar şeklini verip tepsiye diziyoruz 180 derecede 12-13 dakika pişirmeniz yeterli."", ""Fırından çıktıktan sonra yumuşak olmaları sorun değil durdukça sertleşecektir ekstra pişirmeyin. Afiyet olsun.""]"
6aff64ec-6668-44d4-b561-ed904a9fbee3,Çikolata Parçalı Kurabiye,Turkey,"İçine erimiş çikolata parçacıkları serpiştirilmiş, çıtır kenarlı ve yumuşacık bir klasik kurabiye",Tatlı,"[""120 gram oda sıcaklığında tereyağı (8 yemek kaşığı)"", ""50 gram esmer şeker (1/4 su bardağı)"", ""60 gram toz şeker (1/3 su bardağı)"", ""1 tatlı kaşığı vanilya özü (veya 1 vanilin)"", ""1 adet yumurta"", ""230 gram un (1+2/3 su bardağı)"", ""1/2 tatlı kaşığı karbonat"", ""1/2 çay kaşığı tuz"", ""175 gram çikolata parça ları (1 su bardağı)""]","[""Fırınınızı fanlı ayarda, 180 derecede ısıtmaya başlayın. İki adet fırın tepsisine yağlı kağıt yerleştirin. Bir kapta un, karbonat ve tuzu harmanlayın."", ""Bir çırpma kabında tereyağ, esmer ve toz şekerleri kremsi bir kıvam alana kadar varsa makinanızın pedal aparatıyla yoksa normal çırpma teliyle çırpın. Vanilyayı ekleyip yine çırpın."", ""Yumurtayı ekleyin ve sadece karışana kadar çırpıp hemen kapatın. Unlu karışımı ekleyin, çırpın ve hamur haline gelir gelmez durdurun."", ""En son çikolata parçalarının bir kısmını ekleyin ve elinizle hamura karıştırın. Hamurdan 30 ar gram (1 yemek kaşığı) tartarak yuvarlayabilirsiniz."", ""Tepsilerinize aralarında çok az boşluk kalacak şekilde yuvarlakları dizin (kesinlikle hamurun tepesine elinizle bastırmayın) ve kalan çikolata parçacıklarından üzerilerine iliştirip fırında yaklaşık 1"", ""Kesinlikle pişmediğini zannederek daha fazla pişirmeyin, tepside soğurken sertleşecek. Fırından çıktıktan 15 dakika sonra bir bardak soğuk süt eşliğinde tadına varın. Afiyet olsun.""]"
0e35d418-f9c4-4feb-86ce-892060ea34cb,Limonlu Basit Kek,Turkey,Ferahlatıcı limon aromasıyla pratik ve lezzetli bir kek tarifi,Tatlı,"[""4 adet yumurta"", ""1 su bardağı şeker"", ""1 su bardağı sıvı yağ"", ""1 su bardağı süt"", ""2 su bardağı un"", ""1 adet vanilya"", ""1 adet kabartma tozu"", ""1 adet limon kabuğu rendesi"", ""1 çay bardağı limon suyu""]","[""Derin bir kapta yumurta ve şeker mikser ile köpük köpük olana kadar iyice çırpalım."", ""Süt ve sıvı yağ, limon suyu ekleyip çırpma ya devam edelim."", ""Un, kabartma tozu ve vanilya ve limon kabukları ekleyelim ve karıştıralım."", ""Kullanılacak kek kabı yağlandıktan sonra keki kaba dökelim. 170 derecede önceden ısıtılmış fırında 30-40 dakika pişirelim."", ""Kürdan yardımıyla pişip pişmediğini kontrol edelim. Pişince çıkarıp soğutalım. Ardından dilimleyerek servis edelim. Afiyetler olsun!""]"
f4613b90-4d81-48bd-be92-91a97f335b62,Ağzı Açık,Turkey,"Pratik ve lezzetli bir atıştırmalık olan Ağzı Açık, hem göze hem damağa hitap eder",Ana Yemek,"[""3 su bardağı Akalp Un"", ""2 yemek kaşığı yoğurt"", ""1 adet yumurta"", ""1 çay kaşığı tuz"", ""1/2 su bardağı su (oda sıcaklığında)""]","[""Ağzı açık hamuru için; unu, yumurtayı, ılık suyu, yoğurdu ve tuzu bir kaseye ekleyin."", ""Güzelce yoğurun ve 20 dakika dinlendirin."", ""Hafifçe unladığınız tezgahta, hamuru gözleme hamurundan biraz daha kalın olacak şekilde açın ve yuvarlak bir kaseyle şekiller çıkarın."", ""İç harcı için; soğanı, sarımsağı, kıymayı, unu, yumurtayı ve biber salçasını bir kasede karıştırın. Pul biber, tuz ve karabiberi de ekleyin. Üzerini kapatarak buzdolabında 10 dakika dinlendirin."", ""Çıkardığınız yuvarlak hamurların üzerine fırçayla çok az su sürün, birer tatlı kaşığı kıymalı harcı ekleyin ve ince bir katman olacak şekilde yayın. Kenarlarında hafif boşluk kalmalı. Su, kıymalı harc"", ""Kenarlarındaki hamurları parmak uçlarınızla kıymanın üzerine doğru kıvırın."", ""Sıvı yağını tencerede ısıtın ve hamurları, kıymalı tarafı alta gelecek şekilde yağın üzerine bırakın. Kıymalı tarafın altta olması hızlı pişip, hamurdan ayrılmamasını sağlar."", ""Çevirerek hamurların her tarafını altın sarısı olana dek kızartın. Yağdan aldığınız ağzı açıkları limon ve maydanozla servis edebilirsiniz. Afiyet olsun!""]"
d3267b3d-284d-4c90-94cb-b067772e328a,Pratik Muffin Börek,Turkey,Yufka ve sebzelerle hazırlanan pratik ve lezzetli muffin börek,Börek & Hamur İşi,"[""2 adet yufka"", ""1/2 paket mantar"", ""1 adet havuç"", ""1 adet soğan"", ""1 tatlı kaşığı tuz"", ""1 tatlı kaşığı karabiber"", ""1 tatlı kaşığı zerdeçal"", ""2 adet yumurta"", ""2 yemek kaşığı yoğurt"", ""3 yemek kaşığı zeytinyağı""]","[""Öncelikle böreğin iç harcıyla başlıyoruz."", ""Mantar, havuç ve soğanı küp küp doğruyoruz. 1-2 yemek kaşığı zeytinyağıyla kavuruyoruz."", ""Baharatları karabiber, zerdeçal, tatlı toz biberi ve tuzu ekleyelim."", ""İç harç piştikten sonra böreğin yumuşaklığını veren sosuna geçelim. Bir kaba yumurta, soda, yoğurt ve zeytinyağı ekleyip karıştıralım."", ""Yufkaları elimizle Ufak parçalara bölelim ve sosa batırıp muffin kalıbına yerleştirelim."", ""Alt taban için 3 parça aynı işlemi tekrarlayıp bir yemek kaşığı iç harcan'dan böreğe ekleyelim."", ""üzerine tekrar ufak parçalara böldüğümüz ve sosa batırdığımız yufkaları 3 kat olacak şekilde böreğin üzerini kapatalım."", ""2 yufka bitene kadar bu işlemi yapmaya devam edelim. Kalan sosu böreklerin üzerine pay edelim."", ""En son üzerilerine çörek otu veya susam ekleyelim. 180 derecede 30 dakika üzeri kızarana kadar pişirelim. Afiyet olsun.""]"
ef51dc4e-3737-40e9-952a-f47ccde4f726,Haşhaşlı Çörek,Turkey,"Mis gibi kokan, yumuşacık hamuruyla çay saatlerinin vazgeçilmezi lezzetli haşhaşlı çörek",Ana Yemek,"[""10 su bardağı un"", ""1 yemek kaşığı kuru maya"", ""1 tatlı kaşığı şeker"", ""2 tatlı kaşığı tuz"", ""1 su bardağı haşhaş"", ""1 su bardağı sıvı yağ"", ""4 su bardağı su""]","[""Maya, şeker ve 1 çay bardağı suyu karıştırıp 5-10 dakika mayanın aktifleşmesi için bekleyelim."", ""Üzerine unu eleyelim ve tuzu ilave edelim."", ""Azar azar su ilave edelim ve ele yapışan yumuşak kıvamlı bir hamur elde edelim. Üzerini streçle kaplayalım ve havlu örtelim. 1 saat mayalanmaya bırakalım."", ""Tezgaha biraz yağ dökelim ve elimizi yağlayalım. Hamuru yağlı tezgaha dökelim ve elimizle büyük bir dikdörtgen olacak şekilde açalım."", ""Üzerine, hazırladığımız haşhaşla sıvı yağ karışımını dökelim ve her yerine yayalım. Dörde bölelim ve parçaları üst üste koyalım."", ""Biraz daha elimizle genişleterek açalım ve her bir parçası, işaret ve başparmağımız arası uzunlukta olacak şekilde ortadan ikiye keselim."", ""Böldüğümüz bir parçanın kısa olan kenarını, şerit olacak şekilde uzun keselim."", ""İki tarafından ters yönde buralım ve tepsinin kısa kenarına yerleştirelim. Diğerleri için de aynı şekilde yapıp tüm tepsiyi dolduralım."", ""Üzerine yumurta sarısı sürelim ve ortadan ikiye keselim. 100 derecede ısıttığımız fırını kapatalım ve tepsiyi fırına yerleştirelim."", ""20 dakika mayalanması için bekleyelim. Ardından tepsiyi fırından çıkarıp fırını 180 dereceye ayarlayalım."", ""Isınmış olan fırına tepsimizi yerleştirelim ve yaklaşık 40 dakika, üzeri kızarana kadar pişirelim. Afiyet olsun.""]"
5651747c-f889-4782-a108-f0dd84580482,Kremalı Pırasa ve Patates Çorbası,Turkey,"Kremalı pırasa ve patates çorbası, lezzetli ve doyurucu bir başlangıç",Çorba,"[""3 yemek kaşığı Sütaş Tereyağı"", ""200 mililitre Sütaş Krema"", ""1 adet kuru soğan"", ""2 adet pırasa (beyaz kısımları)"", ""2 adet orta boy patates"", ""1 litre tavuk suyu (veya sebze suyu)"", ""1 tatlı kaşığı tuz""]","[""Derin bir tencereye Sütaş Tereyağı'nı alın. Ufak doğranmış soğan, pırasa ve sarımsağı, tuzu da ekleyerek yumuşayana kadar, renk aldırmadan kavurun."", ""Patatesleri ve tavuk suyunu ekleyin, orta ateşte patatesler yumuşayana kadar pişirin."", ""Çorbayı pürüzsüz hale gelene kadar blenderden geçirin."", ""Son olarak Sütaş Krema'yı ekleyip karıştırın ve bir taşım kaynatın."", ""Çorbayı sıcak ya da ılık olarak servis edebilirsiniz. Dilerseniz servis esnasında üzerini krema ve dereotuyla süsleyebilirsiniz. Afiyet olsun.""]"
9c54d61c-5b7b-4269-b72e-e947b262891e,2 Yumurtalı Sodalı Kek,Turkey,"Sodanın yumuşattığı, pratik ve lezzetli kek tarifi",Tatlı,"[""2 adet yumurta"", ""1 su bardağı toz şeker"", ""1/2 su bardağı sıvı yağ (ya da zeytinyağı)"", ""1/2 su bardağı süt"", ""1 çay bardağı soda"", ""1 paket kabartma tozu"", ""1 paket vanilin"", ""2,5 - 3 su bardağı un""]","[""Yumurtayı bir kabın içerisine kırın ve çırpın."", ""Üzerine toz şeker ilave ederek çırpmaya devam edin."", ""Süt, soda ve sıvı yağ ilave ederek çırpmaya devam edin."", ""Vanilyayı ve kabartma tozunu ilave edin. Unu da azar azar eleyerek harca ekleyin ve çırpın."", ""Harcınız ne çok akışkan ne de çok koyu olmalı. Orta koyulukta bir harç elde edin."", ""Ardından kek harcınızı yağlanmış kek kalıbına aktarın."", ""180 derecede önceden ısıtılmış fırında yaklaşık 30 dakika kadar pişirin. Soğuduktan sonra kek kalıbından çıkarın ve dilimleyerek servis edin. Afiyetler olsun!""]"
8525c46a-18af-4974-8d54-f74ca6a540c8,Kavurmalı Kaşarlı Pide,Turkey,"Fırında çıtır çıtır pişen, bol kaşarlı ve lezzetli kavurma ile hazırlanan harika bir pide tarifi",Börek & Hamur İşi,"[""1,5 su bardağı un"", ""2 çay kaşığı instant kuru maya"", ""1 tatlı kaşığı toz şeker"", ""3/4 su bardağı su""]","[""Hamur için un, maya ve şekeri stand mikserine koyun ve kanca ucunu takın."", ""Azar azar su ekleyip hamur oluşana kadar yoğurun, son olarak tuzunu ekleyin ve üzerini örtüp 30 dakika mayalandırın."", ""Mayalanan hamuru fırın tepsisinin çaprazı boyunda merdane ile açın."", ""Hamuru tepsiye yerleştirin ve hamurun ortasına kaşarın yarısını serin."", ""Üstüne küp doğranmış kavurmaları koyun ve son olarak yine rendelenmiş kaşar ekleyip pidenin kenarlarını ortaya doğru katlayıp uçlarını birleştirin."", ""Pideyi 220 derecelik, sıcak fanlı fırında her yeri kızarana kadar yaklaşık 15 dakika pişirin."", ""Fırından çıkan pidenin kenarlarına tereyağı sürüp sıcak olarak servis edin.""]"
dfbb3f3e-687b-428a-b669-1785e6e16827,Kakaolu Kek,Turkey,"Mis gibi kokan, yumuşacık dokusuyla herkesin favorisi olacak pratik kakaolu kek tarifi",Tatlı,"[""3 adet yumurta"", ""1 su bardağı toz şeker"", ""1 su bardağı sıvı yağ"", ""1 su bardağı süt"", ""1/2 çay bardağı maden suyu"", ""3 su bardağı un"", ""1/2 çay bardağı kakao"", ""1 paket kabartma tozu"", ""1 paket vanilya""]","[""Kakaolu kek yapımı için yumurtaları ve toz şekeri derin bir kapta, bir mikser yardımıyla şeker eriyene kadar çırpın."", ""Ardından sıvı yağ, süt ve sodayı da üzerine ekleyip çırpmaya devam edin."", ""Kek harcına unu ve kakaoyu azar azar ilave edin. Kabartma tozu ve vanilini de ekledikten sonra spatula yardımıyla, pürüzsüz bir harç elde edene kadar karıştırmaya devam edin."", ""Hazırladığınız kakaolu kek karışımını yağladığınız kek kalıbına dökün."", ""Önceden ısıtılmış 180 derece fırında 30-35 dakika kadar pişirin. İçini çekmesi için beklettiğiniz keki, ılınınca kalıbından çıkartın."", ""Üzerine pudra şekeri serperek servis edin. Kakaolu kek hazır. Afiyet olsun!""]"
fef62487-bb1e-4f24-8041-f8e791b5d086,Elmalı Fit Crumble,Turkey,"Elmalı Fit Crumble, sağlıklı malzemelerle hazırlanan hem lezzetli hem de hafif bir tatlı alternatifidir",Ana Yemek,"[""3 adet yumurta"", ""1 çay bardağı zeytinyağı"", ""1 çay bardağı süt"", ""1,5 su bardağı tam buğday unu (3-4 yemek kaşığı un)"", ""5 yemek kaşığı bal"", ""1 paket vanilin"", ""1 paket kabartma tozu"", ""1 adet yeşil elma""]","[""Önce yumurtayı çırpıyoruz. Ardından zeytinyağı, süt ve bal ekliyoruz."", ""Daha sonra un, kabartma tozu, vanilin de ekleyip çırptıktan sonra bu karışımdan 6 kaşık kenara ayırıyoruz."", ""Ayırdıktan sonra kalan keki borcama döküyoruz."", ""Borcama döktüğümuz kek harcının üstüne dilimlediğimiz elmaları koyuyoruz."", ""Ayırdığımız karışıma 3-4 yemek kaşığı un ekliyoruz. Biraz ele yapışan bir hamur oluyor."", ""Elimizle hamuru ufalıyoruz. Elmaların üstüne döküyoruz."", ""Önceden ısıtılmış fırında yaklaşık 30 dakika pişiriyoruz. Afiyet olsun.""]"
f902f3f1-64d0-4b7d-9b9a-833374b0dd0d,Mekik,Turkey,"Mekik, lezzetli ve pratik bir tatlı tarifi",Ana Yemek,"[""125 gram tereyağı (oda ısısında bekletilmiş)"", ""1 su bardağı pudra şekeri"", ""4 adet yumurta"", ""1 su bardağı un"", ""1/2 su bardağı toz badem"", ""1 paket vanilin""]","[""Mekik için geniş bir kasede pudra şekeri ile tereyağını alın ve çırpın."", ""Yumurtaları teker teker içerisine ilave edip harcınızın yumurtalarla iyice bütünleşmesini sağlayın."", ""Un, toz badem ve vanilini ekleyin, karıştırın."", ""Mekik kalıbına kaşık yardımıyla harçtan paylaştırın."", ""Üzerlerine birer tane vişne yerleştirin."", ""Önceden ısıttığınız 170 derece fırında kenarlardan ortaya doğru hafif altın rengini alana kadar, yaklaşık 25 dakika pişirin."", ""Pişen mekikleri oda sıcaklığında beklettikten sonra servis edebilirsiniz. Mekik hazır. Afiyet olsun!""]"
5deaeebd-ed77-43ab-a1e9-c5c8b2675d2e,Şeftalili Kek,Turkey,"Yumuşacık ve lezzetli şeftalili kek, çay saatlerinizin vazgeçilmezi olacak",Tatlı,"[""3 adet yumurta"", ""1 su bardağı sıvı yağ"", ""1 su bardağı toz şeker"", ""2 su bardağı süt"", ""1 paket vanilya"", ""1 paket kabartma tozu"", ""2,5 su bardağı un"", ""3 adet şeftali"", ""1 yemek kaşığı pudra şekeri (üzerine)""]","[""Şeftalili kek yapımı için derin bir kaba 3 adet yumurtayı kıralımç Üzerine 1 su bardağı toz şekeri ekleyelim."", ""Yumurta ve şekeri mikser ile köpürene kadar 3-4 dakika çırpalım."", ""Karışımın üzerine 2 su bardağı un, kabartma tozu ve vanilini ekleyip akışkan bir kıvam elde edene kadar çırpalım."", ""Kek hacını yağlanmış kek kalıbına dökelim, üzerine dilimlenmiş şeftaliyi ekleyelim."", ""180° ayarlanmış fırında üzeri kızarana kadar pişirelim, soğuduktan servis yapalım.""]"
aa76089a-42a3-482d-bf20-d306ec86990d,Elmalı Kurabiye,Turkey,"Tarçınlı elma parçacıklarıyla dolu, lezzetli ve pratik bir kurabiye tarifi",Tatlı,"[""3 adet orta boy elma"", ""1 küçük çay bardağı şeker"", ""1 tatlı kaşığı tarçın"", ""3 yemek kaşığı ceviz içi (iri çekilmiş)"", ""150 gram oda sıcaklığında margarin"", ""1 su bardağı (2 parmak eksik) pudra şekeri"", ""1 adet yumurta"", ""1 paket vanilya"", ""1 çay kaşığı (silme) kabartma tozu"", ""2.5 su bardağı un""]","[""Kurabiyenin iç harcı için elmaları soyup rendeleyelim."", ""Üzerine şeker ve tarçın ekleyip elmalar suyunu salıp çekene kadar pişirelim."", ""Suyunu çeken elmaların altını kapatıp ayrı bir kaba alıp, içine iri çekilmiş cevizi ekleyip karıştıralım."", ""Hamuru için uygun bir kabın içinde oda ısısındaki margarini, pudra şekerini, yumurtayı, vanilyayı, kabartma tozunu ve unu da yavaş yavaş ekleyerek ele yapışmayan yumuşak kıvamlı bir hamur yoğuralım."", ""Yoğurduğumuz hamuru 3 bezeye ayıralım."", ""Bezelerden birini merdane ile açmaya başlayalım. Açarken ara ara un serpelim."", ""Orta kalınlıkta açtığımız ( çok ince açmayın) hamuru su bardağının ağzıyla keselim."", ""Kestiğimiz hamurların ortasına hazırladığımız elma harcından bir tatlı kaşığı olacak şekilde koyalım ve iki kenar kısmını ortada birleştirelim."", ""Ben bu ölçülerle yaklaşık 30 adet kurabiye elde ettim."", ""Şekil verdiğimiz hamurları yağlı kağıt serdiğimiz fırın tepsimize yerleştirelim ve 175 derecede kurabiyelerin altı hafif kızarana kadar pişirelim.""]"
357417ae-b733-47bd-ab3d-fc9c588cf8d5,Kahve Ganajlı Muffin,Turkey,"Kahve ve bitter çikolatanın mükemmel uyumuyla hazırlanan, kremsi dokulu lezzetli muffinler",İçecek,"[""1/2 su bardağı krema"", ""1 tatlı kaşığı toz filtre kahve"", ""60 gram bitter çikolata""]","[""Ganaj için kremayı ısıtın, içine filtre kahveyi koyup karıştırın ve sıcakken çikolataların üzerine süzün. Çikolata eriyene kadar kahveli kremayla birlikte karıştırın. Karışımı sertleşene kadar yaklaşı"", ""Kek harcı için geniş bir kasede yumurta ve şekeri mikserle çırparak köpürtün. Sırasıyla karışıma sıvı yağı, tereyağı ve sütü de ekleyip çırpın."", ""Karışıma eleyerek un, kabartma tozu, vanilin ve tuzu ekleyin. Spatula ile karıştırdıktan sonra harcı buzdolabına kaldırın."", ""Üst katman için bir kasede un, toz şeker, kabartma tozu ve fındıkları karıştırın. Erimiş tereyağını da ekleyip çatalla harmanlayın. Karışım kırıntılı bir hal alınca sertleşmesi için buzdolabında yakla"", ""Muffinleri pişirmek için muffin tepsisi ya da kağıt kullanacaksanız öncesinde içlerini yağlayın."", ""Kalıpların yarısına gelecek kadar kek harcı koyun, ardından içine bir tatlı kaşığı kadar ganaj yerleştirin ve üzerini bir yemek kaşığı kadar daha kek harcı ile kapatın. Son olarak fındıklı karışımdan"", ""Muffinleri 180 derecelik sıcak, fanlı fırında yaklaşık 17-18 dakika pişirin. Çıkarmadan önce kürdanla içini kontrol edebilirsiniz."", ""Pişen muffinleri oda sıcaklığına gelene kadar dinlendirin, ardından servis edebilirsiniz. Afiyet olsun.""]"
b6298e08-d268-4d33-ad74-072255222c0f,Ispanaklı Vejetaryen Köfte,Turkey,"Sağlıklı ve lezzetli, ıspanaklı vejetaryen köfte ile hem doyurucu hem de besleyici bir sofra hazırlayın",Vegetarian,"[""1 su bardağı esmer bulgur"", ""2 adet yumurta"", ""2 yemek kaşığı zeytinyağı"", ""1 çay kaşığı karabiber"", ""1 çay kaşığı pul biber"", ""1 çay kaşığı kimyon"", ""1 çay kaşığı tuz""]","[""İlk önce esmer köftelik bulguru 1 çay bardağı sıcak su ile ıslatın ve 10 dakika dinlendirin."", ""Daha sonra derin bir kaba dinlendirdiğiniz bulguru, tavada sotelediğiniz yeşillikleri ilave edin."", ""Üzerine 2 yumurtayı kırın, tuz, pul biber, kimyon ve karabiberi ilave edin."", ""Ardından 2 yemek kaşığı zeytinyağını ekleyin ve karışımı iyice yoğurun."", ""Son olarak yoğurduğunuz karışımı küçük köfteler şeklinde yuvarlayın."", ""Ardından yağsız bir tavada ızgara şeklinde pişirin. Afiyet olsun.""]"
85e8760b-4894-48f1-8745-480db1494dc9,Erişteli Yeşil Mercimek Çorbası,Turkey,"Lezzetli ve doyurucu bir başlangıç olan erişteli yeşil mercimek çorbası, hem besleyici hem de pratik bir seçenektir",Çorba,"[""1 adet soğan"", ""1 adet yeşil biber"", ""1 adet kırmızı biber"", ""1 bardak erişte"", ""1 bardak yeşil mercimek"", ""100 gram kıyma"", ""1 çay kaşığı karabiber"", ""1 tatlı kaşığı pul biber"", ""1 tatlı kaşığı kuru nane"", ""1 adet limon suyu"", ""1 yemek kaşığı tuz""]","[""Öncelikle 1 su bardağı yeşil mercimeği güzelce yıkayıp 3 su bardağı su ile kaynamaya bırakın."", ""Bu arada çorbayı pişireceğiniz suyu kaynatmak için ateşe koyun."", ""Mercimek piştikten sonra süzüp bir kaba boşaltın."", ""Çorbayı pişirmeye uygun bir tencereye, yarım su bardağından bir parmak eksik sıvı yağ ekleyin."", ""Doğradığınız soğanları ekleyip pembeleşene kadar kavurun."", ""Önceden doğradığınız yeşil ve kırmızı biberlerinizi de ekleyip kavurun."", ""Üzerine 2 yemek kaşığı domates salçası, karabiber, pul biber ve naneyi ekleyip tekrar kavurun."", ""Kıymayı ekleyip sıcak suyu ilave edin. Su kaynadıktan sonra 1 su bardağı erişte ve önceden pişirmiş olduğunuz 1 su bardağı yeşil mercimeği ekleyip kaynamaya bırakın."", ""Pişen çorbaya 1 limonun suyunu ekleyip altını kapatın, servis edin. Afiyet olsun.""]"
b321f914-32fd-417e-b570-33680d2cb2cf,Kahvaltılık Sandviç,Turkey,Lezzetli ve pratik kahvaltılık sandviç ile güne harika bir başlangıç yapın,Kahvaltı,"[""2 adet yumurta"", ""Etimek Tatlısı Tarifi"", ""Damla Çikolatalı Kurabiye"", ""Tatlı Tarifleri Spoonful Mozaik Pasta Çikolatalı Sufle İrmik Helvası Fırın Sütlaç Profiterol Revani Magnolia"", ""Kahvaltılık Tarifler Pancake Krep Pişi Kuymak Kaygana Kahvaltılık Sos Menemen Muhlama Yumurtalı Ekmek Omlet"", ""Omlet""]","[""Yumurtaları birazcık süt ekleyip çırpıyoruz ve tereyağını erittiğimiz tavaya döküyoruz."", ""Yumurtayı çevirmeye yakın üstüne ekmekleri koyup çeviriyoruz."", ""Kaşar peyniri ve fümeyi de üstüne ekleyip ikiye katlıyoruz ve peynir eriyene kadar pişirmeye devam ediyoruz."", ""Peynir eriyince servis tabaklarına alıyoruz. Afiyet olsun.""]"
4b31672a-adf9-4e13-b89b-1f844e07df9d,Tencerede Sufle,Turkey,Tencerede pişen pratik ve lezzetli sufle tarifi,Ana Yemek,"[""2 adet yumurta"", ""1 çay bardağı şeker"", ""1 çay bardağı süt"", ""1 çay bardağı sıvı yağ"", ""1 su bardağı un"", ""2 yemek kaşığı kakao"", ""1 paket kabartma tozu"", ""6 adet parça çikolata""]","[""Yumurtayı ve şekeri köpürene kadar iyice çırpın. Kabartma tozu hariç tüm malzemeler harca ekleyip tekrar çırpalım."", ""En son kabartma tozunu ekleyip çok kısa çırptıktan sonra kaseler eşit bir şekilde dağıtalım."", ""Tencereye yerleştirin 5 dakika kapağı açık 5 dakika kapağı kapalı bir şekilde pişirin. Sıcakken servis edin. Afiyet olsun.""]"
c977a3da-506f-4e74-931a-2777e09231e2,Sosyete Simidi,Turkey,"Hafif ve çıtır bir lezzet olan sosyete simidi, çay saatlerinin vazgeçilmez tatlısıdır",Et Yemekleri,"[""1 su bardağı ılık süt"", ""1 su bardağı su"", ""1/2 su bardağı sıvı yağ"", ""1 tatlı kaşığı şeker"", ""1 tatlı kaşığı tuz"", ""1 paket instant maya"", ""3-4 su bardağı un (aldığı kadar)""]","[""Bütün malzemeleri yoğurun. Ele yapışmayan orta yumuşaklıkta bir kıvam olacak."", ""Yarım saat mayalandırın. Hava sıcak olduğunda daha kısa da sürebilir."", ""Sonrasında cevizden biraz daha büyük parçalar koparıp yuvarlayın. Parçaları uzatın."", ""İki parçayı birleştirip burgu yapın ve uçlarını bastırın."", ""Sonrasında pekmezli suya ardından da susama batırıp tepsiye alın."", ""Hepsine aynı işlemi yaptıktan sonra tepside mayalanmaya bırakın."", ""30-45 dakika sonra önceden ısıtılmış fırında alt üst ayarda 220 derecede 10-12 dakika pişirin."", ""Fırınınızın ayarına göre süreyi uzatıp kısaltabilirsiniz. Sıcak servis yapın. Afiyet olsun.""]"
1646caa2-bc03-4f87-84d0-1c14d7b4acfe,Potica,Turkey,"Potica, Sloven mutfağının geleneksel, ceviz içli ve tatlı mayalı hamur tatlısıdır",Ana Yemek,"[""4,5 su bardağı un (500 g)"", ""5 gram kuru maya (veya 10 g yaş maya)"", ""2 yemek kaşığı toz şeker"", ""1,5 su bardağı süt"", ""2 adet yumurta sarısı"", ""3 yemek kaşığı tereyağı (oda sıcaklığında)""]","[""Hamur için sütü ılıtın, içine şeker ve mayayı koyup eriyene kadar karıştırın. Yaş maya kullanıyorsanız on dakika kadar bekletin."", ""Unu derin bir kaba alın, ortasını açın, sütlü karışımı ve yumurta sarılılarını ekleyip yoğurmaya başlayın. Hamur toplanmaya başlayınca tuz ve yumuşak tereyağını ekleyip ele yapışmayan bir hal alana ka"", ""İç harcı için toz haline getirdiğiniz cevizlere tarçın, portakal kabuğu rendesi, limon kabuğu rendesi ve şekerden iki yemek kaşığı ayırıp ekleyin. Karışıma tereyağını ve sıcak sütü azar azar ekleyerek"", ""Mayalanan hamuru hafifçe unlanmış tezgah üzerinde merdane yardımıyla 2 milimetre kalınlığında dikdörtgen şeklinde açın. Harcı kolay sürülebilmesi için bir kaşık yardımı ile parça parça koyun. Hamurun"", ""Bir kek ya da fırın kabını hafifçe tereyağı ile yağlayın ve hamuru içine sararak yerleştirin. Hamurun açıkta kalan kısımlarını da kurumaması için yağlayıp üzerini örtün ve oda sıcaklığında iki katına"", ""Mayalanan hamura bir kürdan ve ya şiş yardımıyla içinin rahat pişebilmesi için delikler açın. 165 derecede ısıtılmış fırında 30 dakikanın ardından fırını 140 dereceye alın ve kızarana kadar bir 25-30"", ""Pişen poticayı 5 dakika dinlendirip kalıptan çıkarın ve pudra şekeri ile süsleyip sıcak, ılık ya da oda sıcaklığında servis edebilirsiniz. Afiyet olsun.""]"
8759f824-a115-4cdb-8c6e-28ed623528ba,Madeleines,Turkey,"Fransız usulü, kabarık ve vanilyalı kekler",Ana Yemek,"[""95 gram un"", ""90 gram şeker"", ""2 adet yumurta"", ""95 gram tereyağ"", ""1 çay kaşığı (silme) kabartma tozu"", ""1 çay kaşığı rendelenmiş portakal kabuğu""]","[""İlk önce elediğimiz unu, şekeri ve kabartma tozunu kaseye allıp kabaca karıştıralım. Sonra yumurtaları kırıp çırpalım."", ""Daha sonra rendelenmiş portakal kabuğunu koyup tekrar karıştıralım. En son eritilmiş tereyağını ekleyip yedirene kadar alttan yukarı doğru spatula ile karıştıralım."", ""Daha sonra hamuru bir sıkma torbasına alalım ve önceden yağladığımız unladığımız madeleines kalıplarına sıkalım. Önceden ısıtılmış 180 derecelik fırında kontrollü bir şekilde 12-15 dakika pişirelim. Ç""]"
49658ed2-5fea-4130-8938-c7498e03e45c,Dalyan Köfte,Turkey,"Dalyan Köfte, galeta unu ve rendelenmiş soğanla zenginleştirilmiş, lezzetli dana kıymadan yapılan geleneksel bir Türk mutfağı lezzetidir",Et Yemekleri,"[""1 kilogram dana kıyma"", ""2 adet soğan (rendelenmiş)"", ""1 su bardağı galeta unu"", ""2 adet yumurta"", ""1/2 su bardağı sıvı yağ"", ""2 çay kaşığı tuz"", ""1 çay kaşığı karabiber"", ""2 çay kaşığı pul biber"", ""1 adet havuç (haşlanmış)"", ""1 su bardağı bezelye (halanmış)"", ""5 adet yumurta (haşlanmış, köftenin içine dolgu için)"", ""1 yemek kaşığı domates salçası"", ""1/2 su bardağı su""]","[""Bir yoğurma kabına kıyma, soğan, yumurta, galeta unu, sıvı yağ, tuz, karabiber ve pul biberi ekleyip karıştırın."", ""İyice yoğurulan kıymayı pişirme kağıdının üzerine alın. Kıymayı rulo haline gelebilecek şekle getirin ve tam ortasına bir çukur açın."", ""Açtığınız çukurun içerisine önce bezelyelerin yarısını ve haşlanmış uzun şeritler halinde kesilmiş havuçları yerleştirin."", ""Haşlanmış, soğumuş yumurtaları da dik bir şekilde ortaya dizdikten sonra geri kalan bezelyeler ile boşlukları doldurun."", ""Kıymayı, harcı kapatacak şekilde dikkatlice rulo haline getirin ve pişirme kağıdını kapatarak yuvarlayın ve kenarlarından kapatın."", ""Üzerine bir kat daha pişirme kağıdı sardıktan sonra 200 derece fırında 45 dakika pişirin."", ""45 dakika sonunda köfteyi fırından çıkarın ve salçalı suyu köftenin üzerine, her yerine gelecek şekilde dökün ve yayın."", ""Soslanan köfteyi 15 dakika daha fırına verin."", ""Fırından çıktıktan sonra dilimleyerek servis edin.""]"
91883c96-e56f-4f43-b708-803b4a596fe9,Girit Mantısı,Turkey,"Hızlı ve pratik Girit mantarı, yufka ve lezzetli iç harcıyla sofralarınızın yıldızı olacak",Ye,"[""1/2 adet hazır yufka"", ""100 gram az yağlı kıyma"", ""1/2 adet havuç"", ""1/2 adet patates"", ""1/4 çay kaşığı tuz"", ""1/4 çay kaşığı karabiber""]","[""Mantının iç harcını hazırlamak için; havuç ve patatesi rendenin kalın kısmıyla rendeleyin. Az yağlı kıyma, tuz ve karabiber ilavesi ile harmanlayın."", ""Yarım yufkayı dört eşit, üçgen parçaya bölün. Hazırladığınız iç harcı, dört eşit parçaya ayırın."", ""Yufkaların geniş kısmına hazırladığınız iç harcı yerleştirin. Yufkanın kenar kısımlarını içe doğru katladıktan sonra sigara böreği sarar gibi sarın."", ""Zeytinyağını küçük bir tencerede kızdırın. Hazırladığınız mantıları, derin yağda renk alana kadar kızartın."", ""Kızaran mantıları bir kevgir yardımı ile kağıt havlu serili bir tabağa alın. Fazla yağını bırakmaları için 1- 2 dakika kadar bekletin."", ""Servisinde kullanmak üzere; sarımsağı rendeledikten sonra yoğurt ile karıştırın."", ""Mantıları servis tabağına yerleştirin. Üzerine sarımsaklı yoğurt gezdirin. Maydanoz yaprakları ve ince kıyılmış ince soğan ile süsledikten sonra servis edin. Sevdiklerinizle paylaşın.""]"
d3c922ee-a1d3-437d-9ab2-640ef1b803fc,El Açması Peynirli Börek,Turkey,"El açması tekniğiyle hazırlanan, lezzetli peynirli börek",Ye,"[""1 su bardağı ılık su"", ""1 su bardağı ılık süt"", ""1 çay kaşığı kuru maya"", ""3 yemek kaşığı sıvı yağ"", ""1 çay kaşığı tuz"", ""3,5-4 su bardağı un""]","[""El açması peynirli börek için sıvı malzemeleri ve mayayı karıştırın."", ""Azar azar unu ilave edip yoğurun."", ""Yarım saat hamuru dinlendirin."", ""Hamuru ceviz büyüklüğünde eş parçalara ayırın. Merdane yardımıyla açın."", ""Fırça ile yağ sürü peynir, maydanoz karışımını eşit şekilde yayın."", ""Yağlanmış fırın kabınıza yan yana dizin. Üzerine yumurta sarısı sürerek fırına verin."", ""180 derecede 30 dakika kadar kontrollü olarak pişirin. El açması peynirli börek hazır. Afiyet olsun.""]"
cd2b49e3-9885-4ce3-8a15-1714d7561878,Cevizli Tarçınlı Çikolatalı Kurabiye,Turkey,"Ceviz, tarçın ve çikolatanın mükemmel uyumuyla lezzetli bir kurabiye deneyimi",Tatlı,"[""2 adet yumurta sarısı"", ""150 gram tereyağı ya da margarin"", ""1 çay bardağı pudra şekeri"", ""1 yemek kaşığı su"", ""1 çay kaşığı tarçın"", ""1 su bardağı ceviz içi (iri çekilmiş)"", ""1 çay bardağı damla çikolata"", ""1,5 su bardağı un"", ""1/2 paket vanilya"", ""1/2 paket kabartma tozu""]","[""İlk olarak yumurta sarılarını ve oda ısısındaki tereyağını yoğurma kabına alalım güzelce karıştıralım."", ""Daha sonra pudra şekeri, su, un vanilya, kabartma tozunu ekleyerek karıştırmaya devam edelim."", ""Tarçın ve cevizi ekleyip tekrar karıştıralım. Ardından yavaş yavaş unumuzu ilave edelim. Hamurumuz ele yapışmamalı ve çok sert olmamalıdır."", ""Son olarak hamura damla çikolatayı ekleyelim ve tekrar karıştıralım."", ""Hazırlanan hamuru rulo şeklinde streç filme güzelce saralım ve buzdolabında en az 1 saat dinlendirelim."", ""Buzdolabında yeterince beklettiğimiz hamuru 2-3 cm eninde olacak şekilde keselim ve tepsimize yerleştirelim."", ""Önceden ısıtılmış fırında 15-20 dakika pişirelim. Afiyet olsun.""]"
1179a7da-b9f0-4573-9055-e5d840ee2717,Kavanoz Pastası,Turkey,Kavanozda pratik ve lezzetli bir pasta deneyimi,Ye,"[""2 adet yumurta"", ""1 çay bardağı toz şeker"", ""1/2 çay bardağı sıvı yağ"", ""1 çay bardağı süt"", ""1 çay bardağı un"", ""2 yemek kaşığı kakao"", ""1 paket kabartma tozu"", ""1 paket vanilin""]","[""Keki için yumurtaları ve şekeri çırpıyoruz."", ""İçine diğer malzemeleri de ekleyip tamamen karışana kadar çırpmaya devam ediyoruz."", ""Yağladığımız tart kalıbına döküp 170 derece alt üst ayarda pişiriyoruz."", ""Pişen keki soğumaya bırakıyoruz."", ""Kreması için krem şanti hariç bütün malzemeleri tencereye alıp kaynayana kadar pişiriyoruz."", ""Çırpma kabına alıp üzerine değecek şekilde streç kapatıyoruz ve soğumaya bırakıyoruz."", ""Soğuduktan sonra krem şantiyi ekleyip çırpıyoruz."", ""Kek soğuduktan sonra kum gibi olacak şekilde robottan çekiyoruz."", ""Kavanozların en altına toplam kekin yarısını paylaştırıyoruz."", ""Üzerine küçük doğradığımız çileklerden ekliyoruz."", ""Üzerine kremamızdan ekliyoruz."", ""Üzerine biraz daha çileklerden paylaştırıyoruz."", ""Kalan kısma kalan kek parçalarını paylaştırıyoruz."", ""En üste kakao eleyip çilek kondurup servis yapıyoruz.""]"
5ff71165-a250-4149-ab8b-24a3eb363e9b,Pişmeyen Çikolatalı Kurabiye,Turkey,"Pişmeden hazırlanan, pratik ve lezzetli bir atıştırmalık",Ye,"[""1 su bardağı yulaf ezmesi"", ""2 yemek kaşığı bal"", ""1 yemek kaşığı kakao"", ""2 yemek kaşığı şekersiz fıstık ezmesi""]","[""Yulaf ezmesini rondoda un haline getirin."", ""Fıstık ezmesi, bal ve kakaoyu ekleyip tekrar rondodan geçirin."", ""Birbirine yapışan bir kıvam alıyor. Yulaf çeşitlerine göre farklılık gösterebilir. Eğer almazsa 1-2 yemek kaşığı su ekleyin."", ""Bu karışımı iki yağlı kağıt arasında açıp bir bardak yardımıyla kesip daire şekli verin."", ""Üzerine benmari usulü eritilmiş bitter çikolatayı dökün ve meyvelerle süsleyin."", ""Buzdolabında çikolata donana kadar bekletin. Afiyet olsun!""]"
6970555a-ef07-4edb-b342-884c640a5db0,Orijinal Brownie,Turkey,"Kıvamı bol, çikolata dolu, kolayca hazırlayabileceğiniz nefis orijinal brownie tarifi",Ye,"[""3 adet yumurta (oda sıcaklığında)"", ""180 gram şeker (1 su bardağından bir parmak eksik)"", ""280 gram bitter çikolata (%60 ve yukarısı tercih ediniz)"", ""125 gram tereyağı"", ""70 gram un (1/2 su bardağı)"", ""1/2 çay kaşığı tuz"", ""1 paket vanilin"", ""1 paket kakaolu bisküvi""]","[""Fırını 165 derecede çalıştırın. 22 cm'lik kalıbın tabanını ve yanlarını tereyağı ile yağlayın, tabanından dışarıya doğru sarkacak şekilde bir yağlı kağıt yerleştirin."", ""Bir tencerede tereyağını eritin, ocaktan alıp içine çikolataları ekleyin ve spatula ile çikolatalar eriyene kadar karıştırın."", ""Yumurta ve şekeri çırpın. (2-3 dakika) İçine yavaşça erimiş tereyağlı çikolatayı akıtarak çırpmaya devam edin. (3 aşamada yaptım)"", ""Un, vanilya ve tuzu ekleyin, sadece karışana kadar çırpın."", ""Fırında pişirin. Afiyet olsun.""]"
72946c12-0c55-45ce-bea5-ea9c6e39e024,Sağlıklı Muhallebi,Turkey,"Müslili ve ballı sağlıklı muhallebi, pratik ve lezzetli bir atıştırmalık alternatifi",Tatlı,"[""4 yemek kaşığı müsli (kırmızı meyveli)"", ""1 çay bardağı süt"", ""1/2 tatlı kaşığı bal""]","[""2 ayrı tencereye katmanlar için gerekli malzemeleri koyun ve kıvam alana kadar karıştırın."", ""Pütürlü yapıyı sevmiyorsanız daha pürüzsüz bir kıvam elde etmek için rondodan geçirebilirsiniz. Sırayla kuplara paylaştırın."", ""Soğumaya bırakın ve dondurularak kurutulmuş çilekle son dokunuşu yapın. Afiyet olsun!""]"
2cfa9bff-fbb1-4b15-8376-b1637eaa2a77,Kestaneli Tart,Turkey,"Kestaneli tart, lezzetli ve pratik bir tatlı seçeneğidir",Ye,"[""2 su bardağı un"", ""100 gram tereyağı"", ""3 yemek kaşığı pudra şekeri"", ""1 adet yumurta"", ""1 yemek kaşığı su"", ""2 yemek kaşığı kakao""]","[""Elenmiş unu kakao ile karıştırıp derin bir karıştırma kabına alın. Orta kısmını açıp oda sıcaklığında beklettiğiniz tereyağı, yumurta, pudra şekeri ve suyu ekleyin."", ""Orta kısmından kenarlara doğru karıştırmaya başladığınız tart hamurunu kıvam alıp toparlanana kadar yoğurun."", ""Toparlanan hamuru altı eşit parçaya bölüp hafifçe unlanmış mutfak tezgahı üzerinde, küçük yuvarlaklar halinde açın."", ""Hamurları, tart kalıplarına yayın. Kenar kısımlarını hafifçe bastırıp kalıbın şeklini almasını sağlayın. Bir çatal yardımıyla hamurların üzerine küçük delikler açın."", ""Hamurların eşit oranda pişmesi, kabarması için tart kalıbı büyüklüğünde yağlı kağıtlar kesin ve hamurların üzerine açın. Orta kısımlarını ağırlık yapması ve hamura düz şeklini vermesi adına nohut, kur"", ""Önceden ısıtılmış 180 derece fırında, yaklaşık 25 dakika hafif bir renk alana kadar pişirin."", ""Fırından çıkardığınız hamurların üzerindeki ağırlık ve yağlı kağıtları alın. Aynı ısı aralığında 5 dakika daha fırınlayıp orta kısımlarının da hafif bir renk almasını sağlayın. Fırından çıkartıp oda ı"", ""Üzeri için; kestane şekeri ve şekersiz çiğ kremayı mutfak robotunda püre haline getirin."", ""Oda ısısında dinlenen tart hamurları üzerine delikli bir patates ezici ya da özel bir aparat yardımıyla hazırladığınız kremayı sıkın. Üzerlerine pudra şekeri eleyip sevdiklerinizle paylaşın.""]"
4ac807d8-ccfe-4d03-94eb-c843826b8b28,Çikolatalı Poğaça,Turkey,"İçinden çikolata akan, lezzetli ve pratik bir poğaça tarifi",Ye,"[""1,5 su bardağı ılık su"", ""1 paket kuru maya"", ""1 yemek kaşığı toz şeker"", ""4 su bardağı un""]","[""Çikolatalı poğaça için maya, su ve şekeri karıştırın. Azar azar unu ilave ederek yoğurun. 30 dakika mayalandırın."", ""Mandalina büyüklüğünde parçalar koparın."", ""Elinizle açın ve içine çikolatayı sürün. Tekrar yuvarlanıp fırın tepsisine dizin."", ""Yumurta sarısı sürüp fırın tepsisine dizin."", ""Önceden ısıtılmış 180 derecelik fırında pişirin. Çikolatalı poğaça hazır. Afiyet olsun.""]"
b7462490-ba7d-4327-b380-9c8eb82da0e1,Nane Reçeli,Turkey,"Ferahlatıcı ve lezzetli bir tatlı alternatifi olan nane reçeli, kahvaltıların ve tatlıların vazgeçilmezi",Ye,"[""1 su bardağı toz şeker"", ""2,5 su bardağı su"", ""1 yemek kaşığı limon suyu""]","[""Nane yapraklarını saplarından tek tek ayıklayın ve bol suda yıkayın."", ""Bir süzgecin üzerine alıp fazla suyunun süzülmesini sağlayın."", ""Suyu süzülüp kuruduktan sonra bir kabın içine alın, üzerine toz şeker ilave edip, güzelce ovun."", ""Ovduktan sonra üzerini kapatıp 1 gece buzdolabında dinlendirin."", ""Ertesi gün çıkarıp tencerenin içerisine alın. Üzerine su ilave edin."", ""Orta ateşte kaynatmaya başlayın."", ""Yapraklar iyice yumuşamaya başladığında içerisine limon suyu ilave edip, kıvamının daha yoğun olmasını sağlayın."", ""Yoğun bir kıvamı olduğunda ocaktan alın ve oda sıcaklığında birkaç saat dinlendirin. Aralarda karıştırın."", ""Soğuduktan sonra ağzı sıkıca kapalı cam bir kavanozun içine aktarıp dilediğiniz zaman keyifle tüketin.""]"
9c962f01-866c-4a7c-a919-eae793e953cc,Bal Kabağı Tatlısı,Turkey,"Tahin ve cevizin lezzetli uyumuyla hazırlanan, pratik ve besleyici bir bal kabağı tatlısı",Tatlı,"[""1,5 su bardağı toz şeker"", ""1/2 su bardağı tahin"", ""1/2 su bardağı ceviz içi""]","[""Dilimlenmiş kabakları bol su ile yıkıyoruz. Kaynatacağımız geniş tencereye alıp, şekeri üzerilerine seriyoruz. Tencerenin kapağını kapatıyoruz."", ""En az 3 saat, mümkünse geceden sabaha bekletiyoruz."", ""Ocağımızı önce kısık ayarda açıp 5 dakika sonra orta ateşe geçiyoruz. Kapağı tam kapatmıyoruz aksi takdirde taşabiliyor."", ""Kabaklarımız yumuşayana kadar kaynatıyoruz. Ekstra su eklemeye gerek kalmıyor."", ""Tahin ve cevizle servis edebilirsiniz. Afiyet olsun.""]"
8977528c-dd1b-4c3c-8b9f-de5545fc4f22,Çikolatalı Nişastalı Kurabiye,Turkey,Ağızda dağılan lezzetli çikolatalı nişastalı kurabiye tarifi,Ye,"[""1 su bardağı un"", ""1,5 su bardağı pudra şekeri"", ""400 gram mısır nişastası"", ""250 gram margarin"", ""2 adet yumurta"", ""1 paket vanilin"", ""100 gram damla çikolata""]","[""Nişasta hariç tüm malzemeleri yoğurma kabına alalım."", ""Biraz yoğurduktan sonra nişastayı kıvam alana kadar ekleyelim."", ""Kıvam aldıktan sonra küçük parçalar halinde yuvarlayalım."", ""Son olarak üzerine damla çikolatayı yerleştirelim."", ""180 derecelik fırında üzeri çatlayana, altları pembeleşene kadar pişirelim. Çıkarıp dinlendirdikten sonra afiyetle yiyebilirsiniz.""]"
3d409b22-6cc3-40aa-9f8c-69fd542e148a,Domatesli Milföy Tart,Turkey,"Domatesli Milföy Tart, pratik ve lezzetli bir atıştırmalık veya başlangıç olarak idealdir",Sebze Yemekleri,"[""4 adet domates"", ""1 çay kaşığı tuz"", ""3 yemek kaşığı krem peynir"", ""1 adet pembe domates (bütün dilim lenmiş)"", ""8 adet cherry domates (ikiye bölünmüş)"", ""6 adet kokteyl domates (ikiye bölünmüş)""]","[""Domatesleri ve sarımsağı fırın kabına alıp üzerine zeytinyağını ve tuzu gezdirin."", ""200 derece fırında 20 dakika fırınlayın."", ""Piştikten sonra domateslerin kabuklarını soyup bir kaseye alın."", ""Bütün sarımsağı da elinizle sıkıp kaseye aktarın."", ""Üzerine tuz, karabiber, taze fesleğen ve kekikle tatlandırıp blenderdan geçirin."", ""Milföy hamurlarını birleştirin ve pişireceğiniz kalıp büyüklüğünde açın."", ""Hamuru kalıba yerleştirdikten sonra çatalla minik delikler açın, üzerine pişirme kağıdı ve ağırlık yerleştirip, 190 derecede 10 dakika ön pişirme yapın."", ""Ön pişirme yaptığınız hamurun tabanına krem peynir sürün."", ""Üzerine hazırladığınız domates sosu gezdirin ve domates dilimlerini dizin."", ""Üzerine kekik serpiştirip 185 derece fırında 20 dakika pişirin."", ""Oda sıcaklığında 10 dakika dinlendirdikten sonra dilimleyerek servis edin. Afiyet olsun!""]"
ee74859e-4b16-4211-9d8e-8eb549f5c339,Ton Balıklı Pizza,Turkey,"Ev yapımı hamurun üzerinde lezzetli ton balığıyla hazırlanan, pratik ve doyurucu bir pizza",Balık & Deniz Ürünleri,"[""250 gram beyaz un"", ""130 gram ılık su"", ""1 çay kaşığı bal"", ""1 silme çay kaşığı kuru maya"", ""1 çay kaşığı tuz""]","[""Hamur için; Tüm malzemeleri bir kaba alın. İyice yoğurun. (Bilek gücüyle 2-3 dakika kadar yoğurduk. Ele yapışmayan, çok sert olmayan bir hamur elde ettik.)"", ""Üzerinin kabuklanmaması için az zeytinyağı sürün ve 2 saat mayalandırın."", ""Pişireceğiniz kabı zeytinyağı ile hafif yağlayın."", ""Mayalanan hamuru pişirme kabına yayın. (Eline yapışmaması ve rahat yayabilmek için zeytinyağından yardım alın. Döküm tava kullanmak zorunda değilsiniz. Tepsi kullanabilirsiniz.)"", ""Sosu üzerine sür ve 200 derecelik 10 dakika kadar pişirin. (Döküm tavalar geç kızdığı için bizim fırınımız 14 dakika da istediğimiz kıvama getirdi. Daha önce tepside yaptığımız zaman 10 dakika yeterli"", ""Ön pişirme işlemi bittikten sonra rendelenmiş kaşarı sosun üzerine yayın. Ton balıklarını, kırmızı biberi ve doğranmış yeşil zeytinleri de ekleyin."", ""Fırının derecesini 180'e düşürün, tekrar fırına verin ve 10-15 dakika aralığında kontrollü pişirin. Afiyet olsun.""]"
fc599bd6-bc45-4691-8aea-2f55d2941c5f,Minekop Ceviche,Turkey,Taze minekop ve zengin lime aromasıyla ferahlatıcı bir lezzet şöleni,Ana Yemek,"[""100 gram fileto minekop balığı (küp kesilmiş)"", ""25 gram kırmızı soğan"", ""2 adet taze sıkılmış lime suyu (yeşil limon)"", ""1 adet küçük boy chili biberi"", ""1 çay bardağı zeytinyağı""]","[""Küp şeklinde kesilmiş fileto minekop balığını derin bir karıştırma kabına alın."", ""Kabuğunu soyduğunuz kırmızı soğanı ince ince piyazlık doğrayın. Ortadan ikiye kesip çekirdekli kısımlarını çıkardığınız chili biberini oldukça küçük parçalar halinde doğrayın."", ""Taze kişniş yapraklarını incecik kıyın. Zeytinyağı ilavesiyle birlikte tüm malzemeyi bir araya getirin. Balık küplerini marine karışımında 3-4 dakika bekletip yağ ve limon asidiyle pişmesini sağlayın."", ""Geniş bir karpuz dilimine dikdörtgen şeklini verip çekirdeklerini çıkardıktan sonra servis tabağına alın."", ""Salatanın kabuk kısımlarını jülyen şeklinde kestikten sonra karpuz dilimi üzerine alın. İrice rendelenmiş ya da sarı kısmı dikkatli bir şekilde kesilmiş limon kabuklarını ekleyin. Ortadan ikiye kesip"", ""Marine edilen balık küplerini soğanlarla birlikte karpuzun üzerine alın."", ""Akdeniz yeşilliklerini çekirdeksiz siyah zeytin ve haşlanmış mısırla harmanladıktan sonra servis tabağına alın. Sosuyla birlikte bekletmeden servis edin.""]"
1576593e-6c58-469d-ac99-15b8362af33e,Beyaz Çikolatalı Limonlu Blondie,Turkey,"Narenciye ve beyaz çikolatanın mükemmel uyumu, bu lezzetli blondie'leri vazgeçilmez kılıyor",Tatlı,"[""70 gram beyaz çikolata"", ""60 gram tereyağı"", ""2 adet yumurta"", ""2 yemek kaşığı bal"", ""1 adet limonun suyu"", ""1 adet limonun kabuğu"", ""6-7 yemek kaşığı un""]","[""Tereyağı ocakta eritildikten sonra içerisine beyaz çikolatalar ilave edilir ve beyaz çikolatalar eriyene kadar karıştırılır. Ardından ılıması için kenara alınır."", ""Bir kasede yumurta ve bal çırpılır. Sonra rendelenmiş limon kabukları ve limon suyu eklenir. Tekrar çırpılır."", ""Ilıtılmış beyaz çikolatalı tereyağlı karışım da yumurtalı karışıma ilave edilir ve homojen oluncaya kadar çırpılır."", ""Son olarak un eklenir. Kıvamı krep kıvamından bir tık daha koyu oluyor, ama kek kıvamı gibi de olmuyor."", ""Hazır olan karışım yağlı kağıt serilmiş 8x8'lik borcama dökülür. Üzeri vişneler ile süslenir ve 165-170 derecede 30 dakika pişirilir."", ""Deneyeceklere şimdiden afiyet olsun!""]"
6f3169df-c70c-4f9e-b969-8f3deff1dd8b,Kolay Yeşil Sebze Çorbası,Turkey,Sağlıklı ve lezzetli yeşil sebzelerle hazırlanan pratik ve doyurucu bir çorba,Çorba,"[""1 yemek kaşığı zeytinyağı"", ""1 tepeleme yemek kaşığı tereyağ"", ""2 tepeleme yemek kaşığı un"", ""3 su bardağı süt"", ""4 su bardağı su"", ""2 adet büyük boy kabak"", ""2 çay kaşığı tuz"", ""1 çay kaşığı karabiber"", ""1 çay kaşığı pul biber"", ""1 bardak fındık"", ""1 bardak ceviz""]","[""Tereyağı ve zeytinyağını çorba tenceresinde eritiyoruz."", ""Eridikten sonra unu ilave edip kokusu çıkıncaya kadar karıştırıyoruz."", ""Kıvama gelen una azar azar sütü ekleyip karıştırmaya devam ediyoruz. (Topak kalmasın)"", ""Ardından içine suyu da ekleyip karıştırıp kaynamaya bırakıyoruz."", ""Kaynayan çorba suyuna küçük küçük doğradığımız brokoli ve kabağı ekliyoruz ve pişmeye bırakıyoruz (Ara ara karıştıralım; dibi tutmasın yaklaşık 20 dakikada pişmiş oluyor.)"", ""Pişen çorbamızı blenderdan geçiriyoruz."", ""Ardından tuz, dereotu ve baharatları da ekleyip çorba kasesine alıyoruz."", ""Ceviz ve fındığı blenderda küçük parçalar haline getiriyoruz ve boş bir tavada yağsız kavuruyoruz. Çorbanın üzerine ekleyip servis ediyoruz.""]"
78025f40-fa47-4b34-b09b-61ae34660986,Fit Tiramisu,Turkey,"Hafif ve lezzetli bir tatlı seçeneği olan fit tiramisu, kahve severler için ideal",Ana Yemek,"[""14 adet etimek"", ""2 bardak su"", ""1.5 yemek kaşığı kahve"", ""200 gram light labne peyniri"", ""1/2 su bardağı süzme yoğurt"", ""2 yemek kaşığı bal""]","[""Etimeklerin yarısını borcama diziyoruz ve kahveyle sıcak suyu karıştırıp etimekleri ıslatıyoruz."", ""Bir kapta labne, yoğurt ve balı karıştırıyoruz."", ""Etimeklerin üzerine yarısını sürüyoruz."", ""Bir sıra daha etimek dizip kremanın yarınsını da üzerine sürüyoruz."", ""Buzdolabında soğuttuktan sonra dilediğiniz gibi servis edebilirsiniz. Afiyet olsun.""]"
d509181e-6fa3-4131-b4f2-1d632c66bb3a,Fit Kakaolu Muffin,Turkey,"Sağlıklı ve lezzetli fit kakaolu muffin tarifi, tatlı krizlerinizi bastırmak için ideal",Ana Yemek,"[""3 adet yumurta"", ""1 çay bardağı süt"", ""2 yemek kaşığı hurma püresi"", ""30 gram tereyağı"", ""1 su bardağı tam buğday unu"", ""3 yemek kaşığı kakao"", ""1 paket vanilya"", ""5-6 adet kuru incir"", ""1 çay bardağı ceviz"", ""50 gram bitter çikolata""]","[""Yumurta ve hurma püresini köpük köpük olana dek çırpıyoruz. Ardından sütü ve tereyağını ekleyip karıştırıyoruz."", ""Tam buğday ununu, kabartma tozunu ve kakaoyu da ekleyip karıştırıyoruz. Son olarak hafif unladığımız (dibine çökmemesi için) küp küp doğranan incir ve cevizi ekleyip muffin kalıplarına boşaltıyoruz."", ""Üzerine bitter çikolata parçaları serpiştirip önceden ısıtılmış fırında 150 derecede 20-25 dakika pişiriyoruz. Afiyet olsun.""]"
5c608123-194d-42e0-946c-a5c8c39185ff,Lokma Tatlısı,Turkey,"Çıtır çıtır, şerbetli ve mis gibi bir lezzet olan lokma tatlısı, hem yapımı kolay hem de damaklarda unutulmaz bir tat bırakır",Tatlı,"[""3,5 su bardağı un"", ""2 su bardağı ılık su"", ""1 paket kuru maya"", ""1 yemek kaşığı toz şeker""]","[""Lokma tatlısı için 3,5 su bardağı unu geniş bir kabın içine alın ve ortasını havuz şeklinde açın. 1 paket kuru maya, 1 yemek kaşığı toz şeker ilave edin."", ""2 su bardağı ılık suyu ilave ederek yoğurmaya başlayın. Ele yapışan ve cıvık bir hamur elde edin."", ""Hamurunuzun üzerini kapatın, oda sıcaklığında 1 saat mayalandırın."", ""Hamur mayalanırken şerbetini hazırlayın. Tencerenin içerisine 2 su bardağı toz şeker ve 1,5 su bardağı suyu aktarın. Şeker eriyince limon suyunu ilave edin. Hafif kaynayınca ocaktan alın ve soğumaya b"", ""Mayalanan hamuru sıkma torbasına aktarın."", ""Yağlanmış mutfak makası yardımıyla hamurunuzdan küçük toplar kesin. Kızgın yağın içerisinde kızartın."", ""Kızan lokmaları kevgir yardımıyla alın ve soğuk şerbetin içerisine atın. 10 saniye kadar şerbetin içerisinde tutun."", ""Üzerine tarçın serperek nefis lokmalarınızı servis edebilirsiniz. Lokma tatlısı hazır. Afiyet olsun.""]"
b0a238bd-e270-4f09-8927-11730f1b6339,Fırın Poşetinde Tavuk,Turkey,"Fırın poşetinde pişen bu pratik tavuk yemeği, lezzetli ve sulu olmasını sağlar",Et Yemekleri,"[""1 adet tavuk göğsü"", ""3 adet patates"", ""1 tatlı kaşığı tuz"", ""1 tatlı kaşığı karabiber"", ""1 tatlı kaşığı kimyon"", ""1 tatlı kaşığı kekik"", ""1/2 çay bardağı sıvı yağ"", ""1 adet havuç"", ""1 adet kırmızı biber"", ""1 adet yeşil biber"", ""1 adet soğan"", ""1 su bardağı sıcak su"", ""1 yemek kaşığı salça""]","[""Fırın poşetimizi açalım ve doğradığımız sebzeleri içine alalım."", ""Uygun bir kasede salça, baharatlar, tuz, sıvı yağ ve suyu karıştıralım."", ""Poşete sosumuzu döktükten sonra ağzını kapatalım ve birkaç çizik atalım. Fırında 45 dakika pişirelim.""]"
ef20e1b5-6664-4e2b-8b01-678f20ca9087,Brokolili Makarna,Turkey,"Brokolili makarna, hem pratik hem de lezzetli bir akşam yemeği alternatifidir",Pilav & Makarna,"[""1 paket mantı makarna"", ""300 gram brokoli"", ""50 gram toz parmesan"", ""4 yemek kaşığı zeytinyağı"", ""1 tatlı kaşığı tuz"", ""1 çay kaşığı karabiber""]","[""Bademleri sıcak suda biraz bekletin ve kabuklarını temizleyin."", ""Makarnayı haşlayın ve bir bardak makarna suyundan ayırın."", ""Bir tavaya zeytinyağını koyun. Sarımsak, brokoli, tuz ve karabiberi ekleyin. Üzerine ayırdığınız makarna suyunu ilave edin. Brokoliler yumuşayana kadar pişirin."", ""Piştikten sonra brokolileri robota alın. Bademleri ve parmesanı ekleyip kremamsı kıvama gelene kadar çekin."", ""Sosu makarnayla birleştirin ve iyice karıştırın."", ""Servis ederken üzerine biraz daha badem ve parmesan ekleyin.""]"
878b3f74-065a-462a-b19e-bdac69980001,Bebek Keki,Turkey,"Bebekler için sağlıklı ve pratik, keçiboynuzu ile tatlandırılmış lezzetli bir kek",Tatlı,"[""1 su bardağı yoğurt"", ""1 yemek kaşığı keçiboynuzu unu"", ""1/2 su bardağı zeytinyağı"", ""1/2 su bardağı kuru incir"", ""1 çay kaşığı karbonat"", ""1 adet yumurta sarısı"", ""1 su bardağı tam buğday unu""]","[""Kek için gerekli olan tüm malzemeleri karıştırın ve yağlanmış bir baton kek kalıbına dökün."", ""Önceden ısıtılmış 180 derece fırında yaklaşık 20 dakika pişirin. Ilıklaştıktan sonra kalıptan çıkartın ve dilimleyerek servis edin.""]"
aac05723-7bcd-4561-ac4c-d7722ca4578d,Portakallı Kremalı Kek,Turkey,"Narenciye kokulu, yumuşacık ve lezzetli bir kek tarifi",Tatlı,"[""3 adet yumurta"", ""1 su bardağı toz şeker"", ""1/2 su bardağı süt"", ""1/2 su bardağı sıvı yağ"", ""1,5 su bardağı un"", ""1 paket kabartma tozu"", ""1 paket vanilya"", ""1 adet portakal suyu (portakal kabuğu rendesi)""]","[""İlk olarak yumurta ve şekeri iyice çırpıyoruz. Sıvı yağ ve sütü de ekleyip çırpmaya devam ediyoruz."", ""Ardından portakalın suyunu ve kabuğunun rendesini ekliyoruz."", ""En son un, kabartma tozu ve vanilyayı da ekleyip karıştırıyoruz. Unu kıvamına göre azaltıp ekleyebilirsiniz."", ""Daha sonra kalıbımızı yağlıyoruz ve 180 derece fırında 35-40 dakika kontrollü şekilde pişiriyoruz."", ""Kekimizin kreması için krema ve pudra şekerini güzelce çırpıyoruz. Soğuyan kekimizin üzerine ilave ediyoruz. Afiyet olsun.""]"
895a7b9e-16b3-4289-b087-d5979e2499d3,Limonlu Sarımsaklı Tavuk Kebabı,Turkey,"Limon ve sarımsakla marine edilmiş, lezzetli ve yumuşacık tavuk kebabı",Et Yemekleri,"[""500 gram tavuk but (3 adet baget kısımları alınmış)"", ""1 adet limon"", ""200 mililitretavuk suyu (veya sebze suyu, et suyu)"", ""2 yemek kaşığı sıvı yağ"", ""1 çay kaşığı tuz"", ""1 çay kaşığı karabiber"", ""1/2 yemek kaşığı kimyon"", ""1 tatlı kaşığı (silme) kırmızı toz biber""]","[""Fırına bütünüyle girebilecek çelik veya döküm tavayı 2-3 dakika yüksek ateşte ısıtın. Tavaya zeytinyağını ekleyin, biraz dumanının çıkmasını bekleyin."", ""Tavuğun derili kısımları tavanın tabanına gelecek şekilde tavaya yerleştirin, 3 dakika kadar bekletin. Tavuklar tavada iken sarımsakları ince ince doğrayın. Limonu ise boylamasına 4'e bölün."", ""Tavadaki tavuğu çevirmeden önce derili kısmın hafif kızarmış olmasına dikkat edin. Kızarıp güzel bir renk aldıysa diğer kısmını çevirin."", ""Tavuğu çevirdikten sonra sarımsakları ekleyin. 2 dilim limonu sıkıp tavaya ekleyin, kalan 2 dilimi ise sıkmadan direkt olarak ekleyin."", ""Ardından yarım yemek kaşığı kadar kimyonu ve bir silme tatlı kaşığı toz biberi tüm malzemelere gelecek şekilde serpin. Tavuk suyunu ekleyip yüksek ateşte 5 dakika yemeği pişirin. Bu esnada tavuk suyun"", ""Ocağın altın kapatın önceden ısıtılmış 180 derecelik fırında altlı üstlü modda 18 dakika fırınlayın. Fırından aldıktan sonra 5 dakika oda ısısında dinlendirin."", ""Servis için ister tabaklayın. İsterseniz sofra ortasında tava ile servis edin.""]"
ec1b51b1-21ff-4502-8877-125200b0e96e,Trabzon Pidesi,Turkey,"Trabzon'un meşhur lezzeti, çıtır çıtır hamurun içindeki peynir ve yumurtayla sofraları şenlendirir",Börek & Hamur İşi,"[""4 su bardağı un"", ""1 tatlı kaşığı instant maya"", ""1,5 su bardağı su"", ""1 çay kaşığı tuz"", ""400 gram kolot peyniri (rendelenmiş)"", ""2 adet yumurta sarısı"", ""2 yemek kaşığı tereyağı""]","[""Trabzon pidesi hamuru için un ve mayayı karıştırın. Karışıma suyu azar azar ekleyerek yoğurun."", ""Hamur toparlanınca tuzu ekleyip pürüzsüz olana kadar yoğurmaya devam edin."", ""Hamurun dinlenmesi için altını ve üstünü unlayıp derin bir kaba alın. Üzeri örtülü bir şekilde oda sıcaklığında 20 dakika dinlendirin."", ""Dinlenen hamuru ikiye bölün ve yuvarlayıp son kez mayalanması için unlanmış bir tepsiye yerleştirin. Üzerini örtün ve 30 dakika daha bekletin."", ""Hamurları tek tek, hafifçe unlanmış bir tezgaha alın. Yuvarlak ve ince bir hal alana kadar ellerinizle ya da merdane ile açın."", ""Hamurun kenarlarını 1 santimetre kalınlığında içeri doğru katlayın ve parmak uçlarınızla bastırıp açılmayacak şekilde kapatın."", ""Hazırladığınız pide hamurunu tepsiye yerleştirin. Rendelenmiş peynirin yarısını serin."", ""200 derecede önceden ısıtılmış fanlı fırında peynirler eriyip pidenin kenarı kızarana kadar pişirin."", ""Fırından çıkan pidenin üzerine sıcakken yumurta sarısı ekleyin."", ""Pidenin kenarını 1 yemek kaşığı tereyağı ile yağlayıp kalanını da yumurtanın yanına ekleyin."", ""Trabzon pidesi hazır. Pidenizi sıcak olarak servis edin. Afiyet olsun.""]"
e58a5ac7-50bb-489c-b389-d0c5f3ed045e,Bayat Ekmek Böreği,Turkey,Bayat ekmekleri lezzetli bir atıştırmalığa dönüştüren pratik ve ekonomik bir tarif,Börek & Hamur İşi,"[""3 yemek kaşığı sıvı yağ"", ""4 yemek kaşığı tereyağı"", ""1 adet kuru soğan"", ""2 su bardağı süt"", ""3 adet yumurta"", ""1/2 su bardağı sıvı yağ"", ""1 çay kaşığı karabiber"", ""1 adet bayat ekmek (küp doğranmış)"", ""1,5 su bardağı rendelenmiş kaşar peyniri""]","[""Yağları bir tavada eritin. Yemeklik doğranmış kuru soğanları ekleyin ve karıştırarak kavurun."", ""Soğanlar renk aldıktan sonra 2 demet yıkanmış, süzülmüş ıspanağı ekleyin ve kavurmaya devam edin."", ""4 dal ince doğranmış taze soğanı ilave edin. Karıştırın ve ocaktan alın."", ""Süt, sıvı yağ ve yumurtaları bir kapta çırpın. Tuz ve karabiber ilave ederek çırpmaya devam edin."", ""1 adet küp doğranmış beyaz ekmeğin yarısını borcama alın. Üzerine hazırladığınız sosun yarısını gezdirin."", ""Ispanaklı harcı borcama yayın. Üzerilerine rendelenmiş kaşar peynirleri serpin."", ""Kalan bayat ekmekleri peynirlerin üzerine yayın ve kalan sosu gezdirin."", ""Son olarak üzerilerine biraz daha rendelenmiş kaşar peyniri serperek 180 derecelik fırında 25 dakika boyunca pişirin."", ""Fırından çıkardıktan sonra dilediğiniz gibi servis edebilirsiniz. Afiyet olsun.""]"
8b21e2b6-8c6e-4bd8-acc7-02e8d394cf3a,Çikolatalı Truff,Turkey,"Krem peynir ve fındıkla zenginleştirilmiş, kolayca hazırlanan çikolatalı truff lezzeti",Tatlı,"[""25 adet kakaolu kremalı bisküvi"", ""90 gram krem peynir (yaklaşık 3 yemek kaşığı dolusu)"", ""1/2 çay bardağı fındık (ince çekilmiş)"", ""100 gram beyaz çikolata"", ""30 gram sıvı yağ (yaklaşık çeyrek çay bardağı)""]","[""Öncelikle kakaolu kremalı bisküvilerimizi robotta çok ufak olacak şekilde çekelim."", ""Ardından bir kaba aldığımız krem peynirini bir spatula yardımı ile düzeltelim."", ""Çektiğimiz bisküvileri ve fındığı üzerine döküp iyice karıştıralım."", ""Sade kremalı bisküvilerimizede aynı işlemi yapıp 30 dakika kadar buzdolabında bekletelim."", ""Elimizle yuvarlayıp yağlı kağıt serdiğimiz tepsiye (yada buzluğa girecek herhangi bir kapta olur) koyalım. Bir saat kadar buzlukta bekletelim."", ""O sırada biz beyaz çikolatayı benmari usulü eritip sıvı yağımızı içine döküp güzelce karıştıralım."", ""Sütlü- bitter karışık çikolatalarımızıda eritip sıvı yağ döküp iyice karıştıralım."", ""Dolaptan çıkardığımız trufları şiş çubuklarına takıp kakaolu olanlarını beyaz çikolataya, sade trufflarımız sütlü çikolataya batırıp strafor köpüğün üzerine dikkatlice koyalım."", ""Ardından tekrar buzdolabında bekletelim. (Çikolataya bulamak istemezseniz iyice çekilmiş fındık, fıstık yada Hindistan cevizine bulayarakta yiyebilirsiniz. Bu durumda köpüğe takmanıza gerek yok) Afiye""]"
8ffafd3a-41f5-4057-9dc3-852d9fdc2030,Sebzeli Noodle,Turkey,"Pratik ve lezzetli sebzeli noodle, hızlıca hazırlayabileceğiniz doyurucu bir seçenek",Sebze Yemekleri,"[""2 paket noodle"", ""2 yemek kaşığı zeytinyağı"", ""2 yemek kaşığı soya sosu (miktarı damak tadınıza göre ayarlayabilirsiniz)"", ""2 adet havuç (ince doğranmış)"", ""2 adet kırmızı biber"", ""2 adet yeşil biber"", ""1/2 adet soğan (veya 6 adet arpacık soğanı)""]","[""Noodle'larımızı pakette yazan süreye göre haşlıyoruz."", ""Zeytinyağında soğan ve havuçları kavurup biberleri ekliyoruz."", ""Sebzeleri istediğimiz yumuşaklığa gelinceye kadar soteliyoruz. Sotelenen sebzelere soya sosunu ekliyoruz."", ""Noodle'ları da sebzelerle karıştırıyoruz. Gerekirse soya sosu ilavesi yapıyoruz. Arzuya bağlı yeşil soğan ve susamla süsleyip sıcak olarak servis ediyoruz. Afiyet olsun.""]"
44ea6d78-0f65-436a-a913-408f07481a8a,Babagannuş,Turkey,"Fırında pişirilen patlıcan ve biberlerin soğanla harmanlandığı, lezzetli ve sağlıklı bir meze",Ana Yemek,"[""4 adet patlıcan"", ""5 adet kapya biber"", ""2 adet soğan"", ""2 adet büyük boy domates"", ""1-2 yemek kaşığı zeytinyağı"", ""1 yemek kaşığı nar ekşisi"", ""1 çay kaşığı tuz""]","[""Patlıcan, biber, soğan, domates ve sarımsağı közleyin."", ""Eğer benim gibi ateşte közleme şansınız yoksa, 200 derece fanlı ayarda 30 dakika fırında közleyebilirsiniz."", ""Közlenmiş sebzelerin kabuklarını soyup orta incelikte doğrayın."", ""Derin bir kaba alarak üzerine tuz ve zeytinyağı da ekleyerek karıştırın."", ""Servis edeceğiniz tabağa alıp üzerine nar ekşisi ve ince doğranmış maydanoz serpiştirin. Afiyet olsun.""]"
a64545df-0486-4070-bc25-d5d5d204464e,Kremalı Mantar Sote,Turkey,"Zeytinyağında kavrulan mantarların kremsi dokusuyla buluştuğu, pratik ve lezzetli bir tarif",Ana Yemek,"[""1 paket kültür mantarı"", ""1 paket sıvı krema"", ""2 yemek kaşığı zeytinyağı"", ""1 çay kaşığı tuz"", ""1 çay kaşığı kırmızı toz biber"", ""1 paket kekik""]","[""Mantarları halka halka doğrayın. Tavaya zeytinyağını ekleyip mantarları soteleyin."", ""Ezilmiş sarımsağı, baharatlarını ve tuzunu ekleyin."", ""Kremayı da ekleyip kısık ateşte 2 dakika kadar daha soteleyin. Sıcak olarak servis edin."", ""Kremalı mantar sote tarifiniz hazır. Afiyetler.""]"
797b0b77-f828-4b38-b8ff-2c11aebd9c7d,Patlıcan Orta,Turkey,"Zeytinyağında kavrulan patlıcanların, etli ve lezzetli sosla buluştuğu klasik bir lezzet",Sebze Yemekleri,"[""1 kilogram patlıcan"", ""1 kilogram kuzu kol (veya kaburga)"", ""2 adet domates"", ""1 adet soğan"", ""2 adet taze soğan"", ""1 adet kapya biber"", ""1 yemek kaşığı domates salçası"", ""1 yemek kaşığı biber salçası"", ""1 yemek kaşığı sıvı yağ"", ""1 yemek kaşığı tereyağı""]","[""Öncelikle etleri tereyağında kızartıp mühürleyin. Düdüklüye alıp üzerine geçecek kadar su ekleyip 45 dakika pişirin."", ""Bu esnada patlıcanları alacalı soyup parmak boyunda doğrayın. Tuzlu suda bekletin."", ""Varsa güveçte yoksa herhangi bir tencerede biraz sıvı yağ da yemelik doğranmış soğanı ve sarımsakları kavurun."", ""Biberleri doğrayıp ekleyin. Salçayı da ekleyip karıştırın. Domatesin birini küp küp doğrayıp ekleyin. 5-10 dakika sebzeleri pişirin."", ""Daha sonra pişen kuzu butu veya kaburgayı ekleyip tuzlu suda acısı çıkan patlıcanların suyunu sıkıp etlerin üzerine yerleştirin."", ""Patlıcanların üzerine de kalan domatesi doğrayıp ekleyin. Tuz ve karabiberi de ilave edin, pişen etin suyundan da ekleyip yaklaşık 1 saat kısık ateşte pişirin."", ""Piştikten sonra yuvarlak bir tepsiye ters çevirip etler ortada patlıcanlar kenarda kalacak şekilde servis edin. Afiyet olsun.""]"
b47f482d-22cf-42d7-a251-3e47061b3540,Portakallı Bademli Kurabiye,Turkey,"Portakallı bademli kurabiye, çay saatlerinin vazgeçilmez lezzetlerinden biri",Tatlı,"[""1 adet yumurta"", ""1 çay bardağı şeker"", ""75 gram tereyağı"", ""1 adet portakal kabuğu rendesi"", ""1/2 çay bardağı portakal suyu"", ""1/2 çay bardağı tuzsuz badem"", ""1/2 paket kabartma tozu"", ""3 çay bardağı un"", ""1 paket bitter çikolata (bulamak için)""]","[""Karıştırma kabının içine şeker ve portakal kabuğu rendesi koyulur, portakalın kokusu çıkana kadar güzelce ovulur."", ""Yumurta eklenir, tel çırpıcı yardımıyla çırpılır."", ""Eritilmiş tereyağı ve portakal suyu eklenir, karıştırılır."", ""Un ve kabartma tozu eklenir, elle yoğurulur. Son olarak ince ince doğranmış bademler eklenir, karıştırılır."", ""Hamur dinlenmesi için 10 dakika buzdolabına koyulur."", ""Dinlenen hamurdan ceviz büyüklüğünde parçalar alınır, yuvarlanır, fırın tepsisine dizilir."", ""180 derecelik fırında pişirilir. Afiyet olsun.""]"
f6a647f6-5c80-40d8-be51-898faab5cf3b,Sucuklu Kuru Fasulye,Turkey,"Geleneksel lezzetin modern dokunuşla buluştuğu, doyurucu ve pratik bir tarif",Sebze Yemekleri,"[""2 su bardağı kuru fasulye (önceden suda bekletilmiş)"", ""1 adet orta boy soğan"", ""1-2 adet kapya biber"", ""1 tatlı kaşığı salça (eğer domates sosunuz yoksa salça miktarını artırabilirsiniz)"", ""1 yemek kaşığı zeytinyağı"", ""1 çay kaşığı tuz"", ""1 çay kaşığı karabiber""]","[""Bir gece önceden suda ıslatılan 2 su bardağı kuru fasulye tencereye alınır ve haşlanır, kaynadıktan sonra kapağı açık bırakılır ve üzerinde biriken köpük toplayıp atılır, 15 dakika kaynatılması yeterl"", ""Fasulye haşlandıktan sonra yıkanıp süzülür. Bir tencereye 2 servis kaşığı dolusu zeytinyağı koyulur, soğan eklenir, soğan yumuşayınca salça ve kırmızı biber eklenir, biraz çevirilince domates sosu ekl"", ""Biber, soğan ölünce ve sucuk yumuşayınca karabiber ve tuz da atılır. Haşladığımız fasulyeler de eklenir ve karıştırılır, sonra üzerine kaynar su eklenir, karıştırılır. Pişmeye bırakılır, kaynadıktan s"", ""Kaynayınca altı kısılır ve kısık ateşte kapağı kapalı pişmeye bırakılır. Pişen sucuklu kuru fasulye yemeği servis tabağına alınır. Ellerinize sağlık ve afiyet olsun.""]"
91e42e8b-e87a-4adb-8ae9-85b739b04332,Babata Keki,Turkey,"Pratik ve lezzetli babata keki, çay saatlerinin vazgeçilmezi olacak",Tatlı,"[""3 adet yumurta"", ""1 su bardağı toz şeker"", ""1 su bardağı süt"", ""1 su bardağı tahin"", ""1 çay bardağı sıvı yağ"", ""1 paket kabartma tozu"", ""1 su bardağı mısır unu"", ""1,5 su bardağı un""]","[""Yumurta ve şekeri bir kaba alıp krema kıvamına gelene kadar çırpın."", ""Üzerine sıvı yağ, süt ve tahini ekleyerek mikserle tekrardan çırpın."", ""Son olarak mısır unu, un ve kabartma tozunu da ekleyerek son kez çırpın."", ""Homojen ve pürüzsüz bir kek harcı elde edin."", ""Kek kalıbımızı tereyağı ile yağlayın. Kek kalıbımızın her yerine susam serpin."", ""Kek harcını kalıba boşaltın."", ""Önceden ısıtılmış 170 derecelik fırında yaklaşık 40 dakika kadar pişirmeye bırakın. Kürdan testi yaparak pişip pişmediğini kontrol edebilirsiniz."", ""Soğuyan kekimizi kalıbımızı ters çevirerek servis tabağına alın ve dilediğiniz şekilde süsleyin. Üzerine tahin, pekmez ve sütten oluşan bir sos da gezdirebilirsiniz. Şimdiden ellerinize sağlık.""]"
5d4c668a-61c2-4e65-8da0-275122fda7ae,Kabak Tatlısı,Turkey,"Şerbeti bol, mis gibi kokan klasik bir lezzet olan kabak tatlısı, sofralarınızın vazgeçilmezi olacak",Tatlı,"[""2 kilogram bal kabağı (küp küp doğranmış)"", ""4 su bardağı toz şeker"", ""2 yemek kaşığı limon suyu""]","[""İlk olarak kabaklarımızın kabuklarını soyup küp küp doğuyoruz."", ""Daha sonra tenceremize koyup üzerini şeker ile örtüyoruz. Kenarda 3 saat boyunca bekletiyoruz ."", ""Kalan malzemeleri ekleyip kısık ateşte şekerin erimesini tamamen sağlayın."", ""Tamamen eridikten sonra ocağın altını biraz açın ve kabakları yumuşayıncaya kadar pişirin ."", ""Kabaklarımız biraz ılıdıktan sonra servis tabağına alıp üzerine toz ceviz serpin."", ""Arzu ederseniz de tahinle de servis edebilirsiniz. Afiyet olsun.""]"
f65c038e-bbd6-42e1-8841-4452a17fbbaa,Vişneli Tart,Turkey,"Taze vişnelerle hazırlanan, lezzetli ve pratik bir tatlı tarifi",Ana Yemek,"[""125 gram oda sıcaklığında tereyağı"", ""1 çay bardağı sıvı yağ"", ""1 çay bardağı pudra şekeri"", ""2 yemek kaşığı nişasta"", ""1 adet yumurta"", ""3 su bardağı un"", ""1/2 paket kabartma tozu""]","[""İlk olarak vişneli tartın iç dolgusu için geniş bir tavaya bir su bardağı çekirdeği ayrılmış vişneyi alıyoruz."", ""Üzerine bir çay bardağından iki parmak eksik şekeri ekliyoruz. Şeker eriyince yarım çay bardağı suyu ekliyoruz ve karıştırıyoruz."", ""Daha sonra yarım çay bardağı su ile çözdüğümüz 1 yemek kaşığı nişastayı ekliyoruz ve kaynayana kadar pişiriyoruz."", ""Vişneli sosu soğumaya bırakıyoruz. Tart hamuru için derin bir kaseye 125 gr oda ısısındaki tereyağını alıyoruz."", ""Üzerine 1 çay bardağı sıvı yağını, 1 yumurtayı, 1 çay bardağı pudra şekerini ve 2 yemek kaşığı nişastayı ekleyip karışana kadar çırpıyoruz."", ""Son olarak 3 su bardağı unu ve yarım paket kabartma tozunu ekleyip yoğuruyoruz. Tart hamurunu iki eşit parçaya bölüyoruz."", ""Hamurun bir yarısını derin dondurucuya koyuyoruz. Hamurun diğer yarısını iki yağlı kağıt arasında orta incelikte açıyoruz."", ""Tart kalıbının tamamını tereyağ ile iyice yağlıyoruz. Açtığımız hamuru kalıba yerleştiriyoruz."", ""Hamurun kabarmaması için çatal ile izler yapıyoruz. Soğuyan vişneli sosu hamurun üzerine alıyoruz."", ""Derin dondurucuda donan hamuru sosun üzerine rendeliyoruz. Her yerine eşit şekilde yayıyoruz."", ""Vişneli tartı önceden ısıtılmış 180 derece fırında 45-50 dakika kontrollü pişiriyoruz."", ""Tart soğuyunca üzerini pudra şekeri ile süslüyoruz. Vişneli tartı dilimliyoruz. Vişneli tart hazır. Afiyet olsun.""]"
309143dc-e421-46b0-a6b2-c9ad0e0ade74,Körili Tavuklu Penne Makarna,Turkey,Baharatlı körili tavuk ve kremalı sosla harmanlanmış lezzetli bir makarna,Pilav & Makarna,"[""1 paket kalem makarna"", ""1 adet orta boy tavuk göğsü"", ""1 adet soğan"", ""1 adet çarliston biber"", ""1 adet kapya biber"", ""1 yemek kaşığı tereyağı"", ""1 tatlı kaşığı köri"", ""1 tatlı kaşığı tuz""]","[""Tavuğu küp şeklinde doğrayın."", ""Suyunu bırakıp çekene kadar pişirin."", ""Soğanları ve biberleri küp doğrayın."", ""Tavuğa sebzeleri ekleyin."", ""Tereyağı ve tuz ile sebzeleri tavukla beraber kavurun."", ""Köri ve kremasını ekleyip birkaç dakika kavurun."", ""Kaşar peyniri de ekleyip karıştırın."", ""Diğer tencerede süt ve suyu kaynatın."", ""Makarnayı içine ekleyip haşlayın, ama süzmeyin hafif sulu kalsın."", ""Pişen tavukları makarnanıza karıştırın ve afiyet olsun.""]"
fd75dc20-88dd-4913-bfda-f2d19ed701bd,Şans Kurabiyesi,Turkey,İçinde şans getiren mesajlar bulunan çıtır kurabiyeler,Tatlı,"[""50 gram yumurta beyazı"", ""40 gram pudra şekeri"", ""45 gram tereyağı (erimiş)"", ""50 gram un"", ""1 paket vanilin""]","[""Fırını 200 dereceye ısıtın."", ""Yumurta beyazını çırpma teliyle çırparak hafif köpürtün."", ""Kuru malzemeleri kabın içinde karıştırın ve ortasına yuvarlak bir boşluk açın."", ""Erimiş tereyağını ilave edin."", ""Karıştırın ve yumurta beyazını ilave edin."", ""Hamuru sıkma torbasına alın ve fırın tepsisine yağlı kağıt serin."", ""Sıkma torbasının ucunu incecik kesin ve yuvarlak şekiller verip ince bir şekilde yağlı kağıt üzerine dizin."", ""Fırında 5-6 dakika hızlıca pişirin."", ""Fırından çıkar çıkmaz hazırladığınız dilek kağıtlarını yuvarlakların ortasına yerleştirin ve yarım ay şeklinde kapatın. Bu işlemi yaptıktan sonra tepsinizin kenarına hamurun tam görseldeki şekli alabi""]"
45e319f6-2d17-438a-9bd8-d5c00eade029,Kaşarlı Kıymalı Pide,Turkey,Ev yapımı hamurun üzerinde bol kaşar ve lezzetli kıyma ile harika bir pide,Börek & Hamur İşi,"[""5 su bardağı un"", ""1/2 paket yaş maya"", ""1/2 su bardağı su"", ""1 çay kaşığı tuz""]","[""Mayamızı ılık suda eritiyoruz ve unu yavaş yavaş ilave edip su ile birlikte yoğurup yumuşak bir hamur elde edip bezle kapatıp 1 saat dinlendiriyoruz."", ""Kapya biber,yeşil biber,soğan ve domatesi küp küp minik şekillerde doğrayıp kıymamıza ekleyelim ve karıştıralım."", ""Ardından sıvı yağ, baharat ve tuzunu da katıp tekrar karıştırıp buzdolabına kaldıralım."", ""Bir yandan da kaşarlarımızı rendeleyip köşeye alalım."", ""Mayalanan hamurumuzdan iri parçalar koparıp elimizle düzeltip orta kalınlıkta uzun hamurlar açıyoruz."", ""Yağlı kağıda serip, harcımızdan alıp güzelce yayıyoruz."", ""Tepsi mayası alması İçin 15 dakika bez kapatıp bekletiyoruz."", ""250 derece fırına sürüp üzeri hafif kızarana kadar pişiriyoruz."", ""Pişen pidenizin üstüne tereyağı ile kaşar peyniri koyup tekrar fırına sürüyoruz."", ""Kaşarların üzeri kızarana kadar bekletip sonra fırından sıcak sıcak servis yapıyoruz. Afiyet olsun.""]"
abd9a75f-2592-4789-bbd9-7fcffc18c222,Bitter Çikolatalı Kek,Turkey,"Yoğun bitter çikolata tadıyla büyüleyen, kolayca hazırlayabileceğiniz nefis bir kek",Tatlı,"[""5 adet yumurta"", ""150 gram tereyağı"", ""140 gram bitter çikolata"", ""1 büyük çay bardağı un"", ""1 su bardağı pudra şekeri"", ""2 adet limon kabuğu rendesi""]","[""Tereyağı ve çikolataları benmari usulü eritin ve kenarda soğumaya bırakın."", ""Yumurtaların sarısını ve beyazını ayırın. Yumurta beyazını çırpmaya başlayın."", ""Pudra şekerinin yarısını yavaş yavaş yumurtanın beyazına yedirin."", ""7 dakika boyunca çırpın. Kalan şekeri yumurta sarısına katıp çırpmaya devam edin."", ""Çırptığınız yumurta sarılarının içine benmari usuulü erittiğiniz çikolata karışımını ve limon kabuğu rendesini katıp spatula ile karıştırın."", ""Unu eleyin ve karışıma katıp karıştırın. Yumurta beyazını üç aşamalı olarak yumurta sarısına yedirin."", ""Kalıba aktarın ve 180 derecelik fırında pişirin. Afiyet olsun.""]"
cc1caa75-0e53-45f7-8246-b337e76178d3,Orman Meyveli Cheesecake,Turkey,"Orman meyvelerinin ferahlatıcı tadıyla birleşen, lezzetli ve pratik bir cheesecake tarifi",Ana Yemek,"[""2-2,5 paket tam buğdaylı bisküvi"", ""100 gram eritilmiş tereyağı"", ""700 gram labne (suyu süzülmüş)"", ""1 su bardağı toz şeker"", ""3 adet yumurta"", ""1 kutusıvı krema (yaklaşık 200 ml)"", ""2 yemek kaşığı un"", ""2 yemek kaşığı nişasta"", ""1 paket vanilya""]","[""Bisküvileri un gibi kıvam alana kadar çekin ve tereyağı ile buluşturun."", ""Krema için; labne ve şekeri düşük devirde çırpın. Üzerine yumurta harici malzemeleri koyun bir kere daha çırpıp teker teker yumurtaları ekleyin."", ""Tekrar çırpın. Cheesecake’in en önemli püf noktasından."", ""Önceden ısıttığınız 170 derece fırında ortası sallanır kenarları katı bir kıvama gelene kadar pişirin. (Kalıbın etrafını alüminyum folyo ile sarın ve muhakkak fırın tepsisinin içine kaynar su koyun.)"", ""Pişen cheesecake’i fırında soğutun."", ""Sosunuz için meyveleri ve çileği robottan geçirin."", ""Tencereye ekleyin. Nişastayı su ile açıp tencereye ekleyin. Koyulaşana kadar pişirin. Bu arkadaş da soğumak için beklesin."", ""Cheesecake ve sos da soğuduğunda sosu üzerine dökün. 1 gece buzdolabında bekletin. Afiyet olsun.""]"
4f835d28-4ac5-42f1-92f2-967a85021bed,Kıymalı Patates Oturtma,Turkey,"Fırında pişen, kıymalı harcı ve patatesle hazırlanan doyurucu bir lezzet",Et Yemekleri,"[""5 adet orta boy patates"", ""300 gram dana kıyması"", ""1 adet kuru soğan"", ""4 adet sivri biber"", ""3 adet domates"", ""1 tatlı kaşığı domates salçası"", ""2 su bardağı sıcak su"", ""2 çay kaşığı tuz"", ""1 çay kaşığı karabiber"", ""1 çay kaşığı pul biber"", ""1 çay kaşığı kuru kekik"", ""8 yemek kaşığı zeytinyağı""]","[""Patatesleri soyun ve yarım santimetre kalınlığında halkalar halinde doğrayın."", ""Doğranmış patatesleri 4 yemek kaşığı zeytin yağı ve bolca baharatla harmanlayıp yağlı kağıt serilmiş bir tepsiye dizin ve 200 derecelik sıcak fırında 20 dakika kızarana kadar pişirin."", ""Patatesler fırındayken kalan yağı derin ve orta boy bir tencereye alın."", ""Soğanları yemeklik ufak küpler halinde doğrayın ve orta ateşte hafifçe 2-3 dakika terletin."", ""Kıymayı da tencereye alıp renk alana kadar kavurun."", ""Biberlerin ve domateslerin ikişer tanesini ufak küpler halinde doğrayın."", ""Tencereye önce biberleri alıp 2-3 dakika kavurun."", ""Domates salçasını ve doğranmış domatesleri de ekleyip yumuşayana kadar orta ateşte kavurmaya devam edin."", ""Son olarak sıcak su ekleyip ocağın altını kısın ve 5 dakika pişirin."", ""Dikdörtgen ve orta boy bir fırın kabının tabanına kıymalı harçtan az miktar koyun ve üzerine bir sıra pişmiş patateslerden dizin."", ""Bu işlemi kat kat malzemeniz bitene kadar yapın."", ""Üzerlerine halka doğranmış domatesler ve uzunlamasına kesilmiş sivri biberleri koyup 200 derecelik sıcak fırında 10 dakika kadar pişirin."", ""Yemeği sıcak olarak servis edebilirsiniz. Afiyet olsun.""]"
2d0cf63b-aee5-418f-87a3-ff525ce6c1e3,Galeta Unlu Pofuduk Poğaça,Turkey,"Yoğurtlu ve galeta unlu poğaça, pratik ve lezzetli bir atıştırmalık",Ye,"[""3 paket kabartma tozu"", ""2 su bardağı yoğurt"", ""1 su bardağı sıvı yağ"", ""2 tatlı kaşığı tuz"", ""5 su bardağı un"", ""1 su bardağı galeta unu"", ""2 su bardağı lor peyniri"", ""2 yemek kaşığı çörek otu""]","[""Yoğurt, sıvı yağ ve kabartma tozunu yoğurma kabına alıp güzelce karıştırın. Unu ekleyip ele yapışmayacak hamur eldene kadar yoğurun."", ""Ayrı bir yerde lor peyniri ve çörek otunu karıştırın."", ""Hamurdan mandalina büyüklüğünde parçalar koparıp içine lor peynirli karışımdan koyup kapatın."", ""Son olarak galeta ununa bulayıp, yağlı kağıt serili tepsiye dizin ve önceden ısıtılmış 180 derece fırında üzerleri kızarana kadar pişirin.""]"
7adc762a-eec9-4457-b53f-8218b98858fd,Muz Vinegretli Parmesanlı Marul,Turkey,"Muzun tatlılığını, sirkenin ekşiliği ve parmesanın tuzluluğuyla birleştiren ferahlatıcı ve şaşırtıcı lezzetli bir salata",Ye,"[""1 adet muz"", ""3 yemek kaşığı üzüm sirkesi"", ""1/2 adet limonun suyu"", ""1 çay bardağı zeytinyağı"", ""1 çay kaşığı tuz""]","[""Vinegret için tüm malzemeleri koyu akışkan ve pürüzsüz olana kadar blenderden geçirin. Kenarda bekletin."", ""Confit için, zeytinyağını baharatlarla birlikte ocakta ılınana kadar ısıtın ve ocaktan alın. Muzu ufak küpler halinde kesin ve yağın içerisine atıp kenarda bekletin."", ""Frambuazları lime suyu ile birlikte pürüzsüz olana kadar blenderden geçirin."", ""Marulları ortadan ikiye kesin muzlu vinegrete bulayın ve sıcak tavada geniş yüzeyleri renk alana kadar pişirin."", ""Servis ederken tabağa önce frambuaz püresini koyun, üzerine marulları yerleştirin. Marulların üstünü kaplayacak şekilde parmesan, ceviz ve muskat rendeleyin. Son olarak confit muzları da ekleyip servi""]"
50fe9b15-2a8c-4212-8e2d-2dbe812f1399,Ezogelin Çorbası,Turkey,"Türk mutfağının en sevilen çorbalarından biri, doyurucu ve lezzetli bir başlangıç",Ye,"[""1 çay bardağı kırmızı mercimek"", ""2 yemek kaşığı bulgur"", ""1 yemek kaşığı pirinç"", ""1 adet kuru soğan"", ""1 yemek kaşığı nane"", ""1 yemek kaşığı biber salçası"", ""1 yemek kaşığı domates salçası"", ""1 yemek kaşığı tereyağı"", ""1 yemek kaşığı zeytinyağı"", ""1 tatlı kaşığı pul biber"", ""1 çay kaşığı kimyon"", ""5 su bardağı et suyu (veya su)""]","[""Mercimek, bulgur ve pirinci yıkayın. Tencereye koyun, üzerine et suyu veya 5 su bardağı su ile kaynamaya bırakın. Kısık ateşte iyice eriyene kadar kaynatın."", ""Ayrı bir tavaya tereyağını koyun, içine ince kıyılmış soğanı ekleyin. Pembeleşinceye kadar kavurun."", ""Üzerine nane, karabiber, kimyon, pul biber, biber salçası ve domates salçası koyun. Biraz kavurun ve bir su bardağı su ekleyin. İyice karıştırın, kaynamış tencereye dökün. Afiyet olsun.""]"
d7a18ce2-02d8-4f0a-81f4-d58566879236,Ev Yapımı Cheeseburger,Turkey,"Ev yapımı cheeseburger, lezzetli ve doyurucu bir seçenek",Ye,"[""150 ml süt (ılık)"", ""30 gram toz şeker"", ""1/2 paket instant maya (5 gram)"", ""330 gram un"", ""1 çay kaşığı tuz"", ""1 adet yumurta"", ""70 gram tereyağı (oda sıcaklığında)""]","[""Burger ekmeği için ılık süt,şeker ve mayayı karıştırıp ılık bir yerde ağzı kapalı şekilde 10 dakika dinlendirin."", ""Unu, tuzu, mayalı karışımı ve yumurtayı kanca ucu takılı stand mikserine aktarın ve pürüzsüz olana kadar yoğrulmaya bırakın. Hamur pürüzsüz ve sıkı bir hale gelince azar azar yumuşak tereyağını ekleyi"", ""Hamur kabarınca hafifçe unlanmış tezgaha alıp üstüne bastırarak havasını alın. Hamuru 8 eşit parçaya bölüp kenarlardan ortaya doğra toplayıp sıkı şekilde yuvarlayın."", ""Hamurları aralarında boşluk kalacak şekilde yağlı kağıt serilmiş tepsiye yerleştirin ve üstlerine bastırıp hafifçe düzleştirin. Tepsinin üzerini nemli bez ya da streç filmle kapatıp yarım saat kadar h"", ""Burger ekmek hamurları tekrar kabarınca üstlerince ince bir katman yumurta sarısı sürün ve önceden ısıtılmış 190 derecelik fanlı fırında yaklaşık 20-25 dakika hem altları hem de üstleri kızarana kadar"", ""Burger ekmeklerinden bir tanesini ortadan ikiye kesip her iki tarafına ince bir katman mayonez sürüp içlerini tavada kızartın."", ""Ekmeğin tabanına ketçap sürün, dilimlenmiş salatalık turşuları ve bir iki ince dilim mor soğan koyup sıcak köfteyi üstlerine yerleştirin. Ev yapımı cheeseburger hazır. Ekmeğin üstünü de yerleştirip s""]"
439f9b58-dd4b-4a9a-8862-26d8758ede29,Kimyonlu Patates,Turkey,"Kimyon ve pul biberle harmanlanmış, lezzetli ve pratik bir patates tarifi",Ye,"[""5 adet patates"", ""1 tatlı kaşığı kimyon"", ""1 tatlı kaşığı pul biber"", ""1 tatlı kaşığı kırmızı toz biber"", ""1/2 çay bardağı sıvı yağ"", ""1/2 adet limonun suyu""]","[""İlk olarak patatesleri bol tuzlu suda haşlayın."", ""Haşlandıktan sonra suyunu süzün."", ""Suyunu süzdüğünüz patatesleri iyice ezin."", ""Baharat ve diğer tüm malzemeleri sırasıyla patateslere ekleyin."", ""Tüm malzemeleri karıştırarak yeniden ezin."", ""Buzdolabında dinlendirdikten sonra servis edebilirsiniz. Arzuya göre zeytin ve maydanozla süsleyebilirsiniz. Afiyet olsun.""]"
8cb2328b-239b-4a56-8821-0b237098a64d,Kuskus,Turkey,"Pratik ve lezzetli kuskus, birkaç dakikada hazırlanabilir",Ye,"[""1 su bardağı kuskus"", ""2 yemek kaşığı zeytinyağı"", ""1 çay kaşığı tuz"", ""2 su bardağı su""]","[""Tencereye yağı döküp kuskusu rengi altın rengine gelene kadar 2-3 dakika kadar kavurun."", ""Ardından suyunu ve tuzunu ekleyip kısık ateşte kuskus yumuşayana kadar pişirin. Demlenmesi için 5-10 dakika bekletin."", ""Kuskus tarifiniz hazır. Afiyet olsun!""]"
b34bf158-93d5-4ef3-839b-d09a984ac17a,Biber Salatası,Turkey,"Taze ve lezzetli biberlerin bir araya geldiği, pratik ve ferah bir salata",Salata,"[""4 adet kapya biber"", ""4 adet çarliston biber"", ""2 adet sivri biber"", ""2 yemek kaşığı zeytinyağı"", ""2 yemek kaşığı nar ekşisi"", ""250 gram süzme yoğurt (sarımsaklı)""]","[""Biberleri tost makinesine alın ve üst tarafı kapalı bir şekilde 15 dakika pişirin."", ""Birkaç parçaya keserek, saplarından da kurtularak bir kaseye alın."", ""Üzerine zeytinyağı, doğranmış sarımsak ve nar ekşisi koyarak karıştırın."", ""Sarımsaklı süzme yoğurdu bir tabağa koyun ve kaşık yardımı ile bastırarak tabağın ortasına yayın."", ""Üzerine biberleri koyun. Son olarak sosundan üzerine gezdirerek servis edin. Afiyet olsun.""]"
ca256796-156e-4595-a687-86e253b4d58b,Biberli Meze,Turkey,"Yoğurt ve beyaz peynirin lezzetli buluşması, kapya biberlerle harmanlanarak sunulan pratik ve nefis bir meze",Sebze Yemekleri,"[""4 adet kapya biber"", ""5 yemek kaşığı süzme yoğurt"", ""50 gram beyaz peynir"", ""1 çay kaşığı kuru nane"", ""1 çay kaşığı tuz"", ""2 yemek kaşığı tereyağı""]","[""Süzme yoğurt, tuz, rendelenmiş 1 diş sarımsağı iyice çırpın."", ""Çatalla ezdiğimiz beyaz peynir ve kıyılmış dereotu ilave edilir. İyice karıştırılır."", ""Doğradığımız közlenmiş kapya biberlerimizi 1 diş sarımsak ve kuru nane ile tereyağı da güzelce soteleyelim."", ""Hazırladığımız peynirli karışımın üzerine ilave edelim. Afiyet olsun.""]"
27b24d5e-216a-44c4-97f7-c6785a86ad88,Hindistan Cevizli Tatlı,Turkey,"Hindistan cevizinin eşsiz aromasıyla harmanlanmış, pratik ve lezzetli bir tatlı tarifi",Tatlı,"[""4 adet yumurta"", ""1 çay bardağı şeker"", ""1 çay bardağı sıvı yağ"", ""1 çay bardağı irmik"", ""1,5 su bardağı Hindistan cevizi"", ""1 paket kabartma tozu"", ""2 paket vanilya"", ""1 su bardağı un""]","[""Şerbet için şekeri ve suyu ocağa alın. Kaynamaya başlayınca, ocağın altını kısıp 5-6 dakika daha kaynatın.Ocağın altını kapatarak limon suyunu ekleyin karıştırın ve soğumaya alın."", ""Yumurta ve şekeri, 5-6 dakika kadar mikserin en yüksek devrinde kabarana kadar çırpın."", ""Sıvı yağı, Hindistan cevizi ve irmiği ekleyip kısa süre mikserle düşük devirde karıştırın."", ""Un, kabartma tozu ve vanilyayı ekleyip, tekrar çırpın."", ""Yağladığınız fırın kabına harcı alın ve üzerini düzeltin."", ""Önceden ısıttığınız 180 derece fırında, üzeri kızarıp renk alana kadar 25 - 30 dakika pişirin. Fırından çıkardıktan sonra kürdanla delikler açın. Soğuk şerbeti, kepçe yardımıyla her yerine gelecek şek"", ""Şerbeti tamamen çekince keserek servis yapın.""]"
5ac76573-b2d8-4c7d-accf-ff4e69f23967,Kakaolu Kolay Pancake,Turkey,"Kahvaltıların vazgeçilmezi, pratik ve lezzetli kakaolu pancake tarifimizle mis gibi bir başlangıç yapın",Ana Yemek,"[""2 adet yumurta"", ""2 yemek kaşığı toz şeker (30 g)"", ""1 su bardağı süt (200-220 ml)"", ""2 yemek kaşığı sıvı yağ"", ""1,5 su bardağı un (195-200 g)"", ""2 yemek kaşığı kakao (15-16 g)"", ""1 paket kabartma tozu (10 g)""]","[""Yumurta ve şekeri geniş bir kase içerisine alıp 4-5 dakika kadar yüksek ayarda çırpın. Mikser veya çırpıcı kullanabilirsiniz."", ""Süt ve sıvı yağı ekleyip karıştırın."", ""Kakao ve unu eleyerek sıvı karışıma ekleyin, aksi takdirde topaklanacaktır. Kabartma tozunu da ekledikten sonra tüm malzemeler birleşinceye dek karıştırın."", ""Boza kıvamında veya biraz daha koyu bir karışım elde etmiş olacaksınız."", ""Kısık ateşte ısınmış yapışmaz tavaya kepçe yardımıyla pancake harcından dökün. Yağ dökmeden pişirmelisiniz, aksi takdirde dokusu pürüzsüz olmaz."", ""Üst kısmı göz göz olup hafifçe piştiğinde ters çevirin. 20-30 saniye kadar daha pişirip tavadan alın. Harç bitene kadar bu şekilde tümünü pişirin."", ""Çikolatalı sos için kremayı orta ateşte ısıtın, kaynamadan ocaktan alarak parçalara ayırdığınız çikolatanın üzerine dökün."", ""Çikolataların erimesi için güzelce karıştırın."", ""Pancakelerinizi servis tabağına alarak üzerine çikolatalı sostan gezdirin ve ardından servis edin. Afiyetler olsun!""]"
b4e782fa-e7bc-4ce0-b15e-dca606437d8a,İncir Pestili,Turkey,Taze incirlerin lezzetli pestil haline getirildiği geleneksel bir tatlı,Ana Yemek,"[""2 kg taze incir"", ""Etimek Tatlısı Tarifi"", ""Damla Çikolatalı Kurabiye"", ""Tatlı Tarifleri Spoonful Mozaik Pasta Çikolatalı Sufle İrmik Helvası Fırın Sütlaç Profiterol Revani Magnolia"", ""Kahvaltılık Tarifler Pancake Krep Pişi Kuymak Kaygana Kahvaltılık Sos Menemen Muhlama Yumurtalı Ekmek Omlet"", ""Omlet""]","[""Taze incirleri saplarından ayıklayıp güzelce yıkayın. Ardından iki eşit parçaya bölerek tencereye alın."", ""İncirler iyice yumuşayana kadar arada sırada karıştırarak pişirin."", ""İncirlerinizi güzelce blenderdan geçirin."", ""Yağlı kağıt serili fırın tepsisine aktarın."", ""İnce bir katman halinde sürün."", ""Dilerseniz güneş altında dilerseniz 50 derecedeki fırında iyice kuruyana kadar kurutun. Fırın kullandığınız takdirde yaklaşık 4-5 saat sürecektir. Ardından çıkarıp soğutun. Dilediğiniz büyüklükte kesi"", ""Sararak, muska yaparak ya da şeritler halinde tüketebilirsiniz.""]"
ebc9f912-4ff0-45f6-b26c-2d5cc6db25f2,Portakallı Mozaik Topları,Turkey,"Portakallı mozaik topları, ferahlatıcı portakal aromasıyla lezzetlendirilmiş, kolay hazırlanan pratik bir tatlıdır",Ana Yemek,"[""1/2 su bardağı süt"", ""1/2 su bardağı toz şeker"", ""1 adet yumurta"", ""2 tepeleme yemek kaşığı kakao"", ""50 gram tereyağı"", ""1,5 paket pötibör bisküvi (300 gram)"", ""1 adet portakal kabuğu rendesi""]","[""Önce sosu için küçük bir sos tenceresini ocağa alın. Süt, şeker, yumurta, kakao ve tereyağını ilave edip tereyağı eriyene kadar karıştırarak pişirin."", ""Tereyağı eridiğinde ocaktan alıp soğumaya bırakın. Derin bir kabın içine iri parçalara ayırdığınız bisküvileri alın."", ""Üzerine hazırladığınız sosu ve portakal kabuğu rendesini ekleyip elinizle yoğurarak malzemeleri bir araya getirin."", ""Yoğurdukça bisküviler sosa bulanıyor ve harcımız kurabiye hamuru kıvamına geliyor."", ""Bu kıvama geldiğinde elinizle parçalar koparıp top haline getirin. 80 gram bitter çikolatayı benmari usulü erittikten sonra hazırladığınız bisküvi toplarını sosa batırıp portakal kabuğu rendesi ile sü"", ""Dolapta 30 dakika bekletin. Üzerindeki çikolata soğuyup sertleştiğinde servise hazır. Deneyecek olan herkese afiyet olsun.""]"
47fba02b-f200-488b-9791-f7614acd0e4f,Kızartmadan Patlıcan Yemeği,Turkey,Kızartma yapmadan sağlıklı ve lezzetli bir patlıcan yemeği. Az malzemeyle kolayca hazırlayabileceğiniz pratik bir tarif,Sebze Yemekleri,"[""1 adet bostan patlıcanı"", ""1 adet büyük boy domates"", ""1 adet küçük boy soğan"", ""1 adet dolmalık biber"", ""3 yemek kaşığı zeytinyağı""]","[""İstediğimiz şekilde doğradığımız biber, patlıcan ve soğanları yağla beraber tencereye alıyoruz."", ""Üzerine tuz gezdirip karıştırıyoruz."", ""Kapağını kapatıp kısık ateşte ara ara kontrol ederek pişmeye bırakıyoruz (arzu ederseniz 1-2 sarımsak da ekleyebilirsiniz)."", ""15 dakika sonra domatesleri de ekleyip 5 dakika daha pişiriyoruz. (Pişme süresi değişebilir). Afiyet olsun.""]"
83a2cd02-ed65-4354-acea-9eca841e3462,Mantı Tadında Rulo Köfte,Turkey,"Mantar lezzetinde nefis rulo köfteler, özel sosuyla damaklarda unutulmaz bir tat bırakıyor",Börek & Hamur İşi,"[""450 gram orta yağlı dana kıyma"", ""1 adet soğan (rendelenmiş)"", ""2 yemek kaşığı galeta unu"", ""1 çay kaşığı tuz"", ""1 çay kaşığı kimyon"", ""2 yemek kaşığı zeytinyağı"", ""1/2 çay kaşığı karabiber"", ""2 adet yufka""]","[""Köfteyi hazırlamak için; derin bir kasede kıyma, soğan, sarımsak, galeta unu, tuz, kimyon, zeytinyağı ve karabiber ekleyip güzelce yoğurun."", ""Hazırladığınız köfte harcını iki eşit parçaya bölün."", ""Yufka sosunu hazırlamak için; bir kasede çırpılmış yoğurt, yumurta ve sıvı yağı karıştırın."", ""1 adet yufkayı tezgaha serin. Hazırladığınız yufka sosundan bir miktar yufkanın üzerine koyun ve fırça yardımıyla, sos her yerine gelecek şekilde fırça yardımıyla yayın."", ""Kıyma ahrcının yarısını küçük parçalar halinde yufkanın üzerine yayın ve rulo halinde sarın."", ""Rulodan 2 parmak kalınlığında parçalar kesin. Aynı işlemleri diğer yufkaya da uygulayın.Üze"", ""Salça sosunu hazırlamak için; bir tavada tereyağını eritin. Üzerine salçayı ilave edip kavurun."", ""Kavrulan salçanın üzerine su ilave edin ve karıştırın. Son olarak pul biber ve sumak ile tatlandırıp ocaktan alın."", ""Fırın kabına hazırladığınız salça sosunu yayın."", ""Üzerine hazırladığınız rulo yufkaları dizin ve kalan yufka sosunuz varsa yufkaların üzerine gezdirin. 185 derece ısıtılmış fırında, üzeri kızarana kadar, yaklaşık 20 dakika pişirin."", ""Pişmiş olan rulo mantınıyı sıcak olarak servis tabağına alın. Yoğurt, pul biber ve nane ile birlikte servis edin. Afiyet olsun!""]"
9ddb4f49-4e6f-433c-a5a7-752f04ca54fc,Fit Kolay Brownie,Turkey,"Sağlıklı malzemelerle hazırlanan, lezzetli ve fit brownie tarifi",Ana Yemek,"[""2 adet büyük boy olgun muz"", ""1 adet yumurta"", ""1 su bardağı yulaf unu"", ""3 yemek kaşığı keçiboynuzu unu"", ""1 çay kaşığı karbonat"", ""4 yemek kaşığı laktozsuz süt"", ""4 yemek kaşığı tahin"", ""5 adet günkurusu kayısı"", ""6 adet ceviz içi"", ""10 adet çiğ badem""]","[""Muzları çatalla ezip püre haline getiriyoruz."", ""Yumurtayı çırpıp ekliyoruz."", ""Keçiboynuzu unu, yulaf unu ve karbonatı ekleyip çırpıyoruz."", ""Süt ve tahini ekleyip hamuru karıştırıyoruz. Ezilmiş badem ve cevizleri, küp küp doğranmış kayısıları ekleyip karıştırıyoruz."", ""Fırının kapağını açmadan 170 derecede 20 dakika pişirin.""]"
82f7030a-6111-429b-aa05-4362a7acf65f,Çilekli Mini Tartolet,Turkey,"Tereyağlı hamurun içinde taze çileklerle hazırlanan, göz alıcı ve lezzetli mini tartoletler",Et Yemekleri,"[""1,5 su bardağı un"", ""100 gram tereyağı"", ""1/2 su bardağı toz şeker"", ""2 adet yumurta"", ""15 adet orta boy çilek""]","[""Tüm malzemeleri yoğurma kabınıza alıp yoğurun. Kurabiye hamurundan biraz daha sert bir hamur olacak. Hamur çatlayabilir, kırılabilir hiç problem değil."", ""Fındıktan biraz daha büyük bir parça hamuru avuç içinizle top yapıp bastırın. Kalıbın içine koyup eşit biçimde yayın."", ""Tart kalıbını yağlamanıza gerek yok zaten yağlı bir hamur rahatça çıkacaktır. 180 derece fırında 10-15 dakika pişirin. Fırından fırına farklılık gösterecektir bu yüzden dikkat etmeniz gerekir."", ""Krema için vanilin ve margarin hariç tüm malzemeleri karıştırıp orta ateşte pişirin. Kıvam aldıktan sonra vanilin ve margarini ekleyip altını söndürün ve soğumaya alın."", ""Soğuduktan sonra pastacı kremasını 2 çay kaşığı kadar tartoletlerin içine koyup çileklerinizle süsleyin. Dilediğiniz meyveyi kullanabilirsiniz. Afiyet olsun.""]"
5223e63b-a6e4-4743-b1af-7e9fdff200a5,Zerdeçallı Nohutlu Tavuk,Turkey,"Zerdeçalın eşsiz aromasıyla harmanlanmış, nohutlarla besleyici ve lezzetli bir tavuk yemeği",Tavuk Yemekleri,"[""2 adet tavuk göğsü"", ""1 adet kuru soğan"", ""1 tatlı kaşığı taze zencefil"", ""3 yemek kaşığı tereyağı"", ""1 su bardağı haşlanmış nohut"", ""1 su bardağı Hindistan cevizi sütü"", ""1 çay kaşığı zerdeçal"", ""2 çay kaşığı tuz"", ""1 çay kaşığı karabiber""]","[""Vestel Ziyafet Pişirici’nizi 5 numaralı Et Sote modunda çalıştırın ve tereyağını tencereye ekleyin."", ""Soğanı ince şeritler halinde doğrayıp Vestel Ziyafet Pişirici'nin tenceresine alın. Sarımsağı ve zencefili ezip ekleyin."", ""Tavukları da iri küpler halinde doğrayıp baharatlarla birlikte Vestel Ziyafet Pişirici’nize ilave edin."", ""Tavuklar renk değiştirince, nohut ve Hindistan cevizi sütünü de ekleyip kapağı kapatın."", ""11 numaralı Tavuk Sote modunda program bitene dek pişirin. Ardından buharı tahliye edip kapağı açın."", ""Buharını çıkarttığınız yemeği tabaklara alın; taze kişniş, limon ya da lime dilimleriyle servis edebilirsiniz. Ziyafet olsun.""]"
a508a78c-da37-4dd4-9ae4-1b90dcfc828e,Biber Dolması,Turkey,"Geleneksel Türk mutfağının en sevilen lezzetlerinden biri olan biber dolması, pirinç ve bulgurlu harcıyla doyurucu bir yemek",Sebze Yemekleri,"[""1 su bardağı pirinç (yıkanmış)"", ""1/2 çay bardağı bulgur (bu sefer ilk kez koydum bundan sonra hep koyarım)"", ""2 yemek kaşığı salça"", ""150 gram kıyma (opsiyonel)"", ""2 adet büyük boy soğan"", ""1/2 su bardağı domates suyu""]","[""İç harç için tüm malzemeler karıştırılır. Harcınız kuru kuru olmasın domates suyu ya da isterseniz normal su ile mutlaka yumuşatın harcınızı."", ""Hazır olan harcı biberlere doldurup kendi kapağı ya da domates ile kapatıp tencereye dizelim."", ""Sosu için salçayı sıcak suda açalım ve zeytinyağı, domates suyu ve tuzu ekleyip karıştıralım."", ""Sosu biberlerin üzerinden dökelim (yarısına gelene kadar)."", ""Kaynanana kadar yüksek ateşte kaynadıktan sonra altını kısarak kontrollü şekilde 40-50 dakika pişirelim. Afiyet olsun.""]"
6bac975c-0317-4547-9085-58ead208b7ab,Pişmeyen Müslili Tatlı,Turkey,"Pişmeye gerek olmayan, çikolatalı müsli ve fıstık ezmesiyle hazırlanan pratik ve lezzetli bir tatlı",Tatlı,"[""2,5 su bardağı müsli (çikolatalı)"", ""1 su bardağı yer fıstığı"", ""3 tatlı kaşığı fıstık ezmesi (+1 su bardağı)"", ""4 yemek kaşığı bal"", ""200 gram bitter çikolata"", ""1 tatlı kaşığı tereyağı""]","[""Müsli ve fıstığı ayrı ayrı robottan geçirin ve bir kaseye alın. (Kabuklu fıstık ise kabuğunu soyun)"", ""Balı ve 3 tatlı kaşığı fıstık ezmesini ekleyin ve karıştırın. Birleşmesi için gerekirse bal ekleyin."", ""Muffin kalıbını sıvı yağ ile yağlayın. Karışımı 10 adet muffin kalıbına paylaştırın ve bir kaşığın arka kısmıyla muffin kalıbının şeklini alması için iyice bastırın. 10 dakika buzlukta bekletin."", ""Bu sırada bir su bardağı fıstık ezmesini benmari usulü eritin."", ""Buzluktan çıkardığınız muffin kalıplarına eşit şekilde paylaştırın. 10 dakika tekrar buzukta bekletin."", ""Çikolata ve tereyağını birlikte benmari usulü eritin."", ""Buzluktan çıkardığınız muffin kalıplarına eşit şekilde paylaştırın."", ""En az 2 saat buzlukta bekletin. Hemen soğukken bıçakla dikkatlice kalıptan çıkarın. Afiyet olsun.""]"
2ba0a973-0de9-4474-9f0d-f87fd135b454,Pratik Sigara Böreği,Turkey,"Pratik ve lezzetli sigara böreği, çay saatlerinin vazgeçilmezi",Börek & Hamur İşi,"[""6 adet yufka"", ""1 adet yumurta"", ""1 çay kaşığı karabiber"", ""1 çay kaşığı tuz"", ""1 çay kaşığı kırmızı biber""]","[""Öncelikle içimizi hazırlayalım. Derin bir kaseye peynirleri, maydanozu, yumurta beyazını ve baharatları ilave edip karıştıralım."", ""Yufkalarımızı eşit olacak şekilde üçgen 4 parçaya keselim. İç harcımızdan koyup, saralım."", ""Sardığımız sigara böreklerimizin ucunu suya hafif batırırsanız yapışıp açılmamasını sağlarsınız."", ""Sonra kızgın yağda hepsini kızartalım. Kağıt peçete serili bir tabağa alalım. Afiyet olsun.""]"
cddc8974-3db9-496f-ab9c-ba1cd95f24f2,Brokoli Çorbası,Turkey,"Lezzetli ve besleyici brokoli çorbası, soğuk günlerde içinizi ısıtacak harika bir seçenek",Çorba,"[""1/2 kilogram brokoli"", ""5 su bardağı tavuk suyu"", ""2 yemek kaşığı un"", ""2 yemek kaşığı krema"", ""1 çay kaşığı tuz"", ""1 çay kaşığı karabiber""]","[""Brokoliyi küçük parçalara ayırıp suda haşlayın. Piştikten sonra el blenderından geçirin."", ""Tavuk suyunu ilave edip kaynatmaya devam edin. Çorba kaynayınca un ve kremayı sulandırıp içerisine aktarın."", ""Karabiber ve tuzu damak zevkinize göre ilave edin. 10 dakika daha kaynattıktan sonra ocaktan alın. Sıcak olarak servis edin. Afiyet olsun.""]"
a5b65d2c-3dfd-49de-a80b-17184783ef58,Cennet Çamuru,Turkey,"Geleneksel Türk tatlısı olan Cennet Çamuru, karamelize şekerin limon suyuyla buluştuğu muhteşem bir lezzettir",Et Yemekleri,"[""1,5 su bardağı şeker"", ""1 su bardağı su"", ""1 tatlı kaşığı limon suyu""]","[""Cennet çamurunun şerbeti için su ve şekeri ufak bir tencerede şeker eriyene kadar karıştırın, ardından ocağa alın. Şerbet kaynamaya başladıktan sonra altını kısın, limon suyunu ekleyin, 10 dakika daha"", ""Kadayıfları pişirmeden önce tel şehriye boyutunda bıçakla doğrayın. Geniş ve yapışmaz bir tavada sade yağı orta ateşte ısıtın."", ""Kadayıfları tavaya alın ve renk aldırmadan 10 dakika kadar kavurun. Bu aşamada kadayıflar renk almaya başlarsa ocağın altını kısın."", ""Kadayıflar çıtır hale gelmeye başlayınca fıstığın yarısını ekleyip karıştırın."", ""Şerbetin birazını üstüne de bırakacak şekilde azar azar tavaya ekleyin ve karıştırarak kadayıflara yedirin."", ""Yumuşayıp pürüzsüz hale gelen cennet çamurunu servis tabağına alıp yaydırın."", ""Üstüne kalan şerbeti gezdirin, kalan Antep fıstıklarını da serptirin."", ""Dilerseniz kaymakla servis edin.""]"
8973a9cc-42b0-4cd2-a47c-1254f1c02cf5,Ev Yapımı Nutella,Turkey,"Ev yapımı Nutella ile kahvaltılarınızı lezzetlendirebilir, çikolata ve fındığın muhteşem uyumunu evde hazırlayabilirsiniz",Ana Yemek,"[""1 su bardağı kavrulmuş fındık"", ""3 yemek kaşığı kakao"", ""4 yemek kaşığı pudra şekeri"", ""2 yemek kaşığı Hindistan cevizi yağı"", ""1 yemek kaşığı damla çikolata"", ""300 gram sütlü çikolata"", ""1/4 çay kaşığı tuz"", ""1/2 yemek kaşığı vanilya""]","[""Kavrulmuş fındıkları bir fırın tepsisine aktarın. Yanmamasına dikkat ederek, önceden ısıtılmış 170 derece fırında 10 dakika kadar ısıtın."", ""Fırından çıkan fındıkları, temiz bir havlu ile sarıp, 5 dakika kadar bekletin. Kendi buharı ile kolayca ayrılan kabukları havlu ile ovalayarak çıkartın."", ""Sütlü çikolatayı küçük küplere ayırın. Derin bir tencerede kaynayan su buharı üzerine yerleştirdiğiniz metal bir kabın içine çikolataları alın. Benmari usulü eritin."", ""Kabuğunu soyduğunuz fındıkları mutfak robotuna alın. Kakao, vanilya, toz şeker ve tuz ilavesi ile püre haline gelene kadar karıştırın."", ""Hindistan cevizi yağı, eritilmiş çikolata ve dişe dokunması için damla çikolatayı da ekledikten sonra tüm malzemeyi harmanlayın."", ""Temiz bir kavanoza aldığınız ev yapımı çikolata ezmesini, kapağını kapattıktan sonra oda ısısında muhafaza edin. Günün her saatinde ekmekli ya da ekmeksiz olarak sevdiklerinizle paylaşın.""]"
a9d0c821-f944-46a9-8069-2bbf8ccd07f1,Pratik Erikli Tart,Turkey,Taze eriklerle hazırlanan pratik ve lezzetli bir tatlı tarifi,Ana Yemek,"[""1 adet yumurta"", ""2 çay kaşığı şeker"", ""125 gram tereyağı"", ""1 yemek kaşığı yoğurt"", ""1/2 çay bardağı sıvı yağ"", ""1 paket kabartma tozu"", ""1 paket vanilya"", ""2 çay kaşığı tarçın"", ""4-4,5 su bardağı un"", ""1/2 kilogram anjelik erik""]","[""Önce erikleri dilimleyip üzerine hafif şeker döktükten sonra üstünü streçleyerek buzdolabına kaldırıyoruz."", ""Ardından tüm sıvı malzemeleri karıştırıyoruz. Unu en son ekliyoruz."", ""Kelepçeli kalıbın altına yağlı kağıt seriyoruz, kenarlarını yağlıyoruz. Tart hamurunu bastırıp yayıyoruz."", ""Üzerine erikleri diziyoruz. 190 derece fırında 40-45 dakika pişiriyoruz.""]"
ba39acb5-f7b5-43d0-9195-a14eaf62c798,Bal Kabaklı Cheesecake,Turkey,Bal kabağının tatlı lezzeti ve kremsi cheesecake dokusunun mükemmel uyumu. Sonbaharın en sevilen tatlılarından biri,Sebze Yemekleri,"[""1,5 paket bisküvi (ufaltılmış)"", ""600 gram labne"", ""3/4 su bardağı şeker"", ""1 adet yumurta"", ""1 paket krema"", ""1 paket vanilin""]","[""Bisküvileri eritilmiş tereyağı ile karıştırın. Tabanı ve kenarları yağlı kağıt ile kaplanmış kalıba yayın."", ""Bir bardağın altıyla bastırarak düzleştirin ve buzdolabına kaldırın."", ""Yumurtayı ve şekeri çırpın. Labneyi, kremayı, tahini ekleyip karıştırın. Çok karıştırmamanız önemli. Nişastayı ve vanilini ekleyip homojen olana kadar karıştırın."", ""Hazırladığınız bisküvi tabanının üzerine dökün. Kalıbınızı tezgaha vurarak baloncukların çıkmasını sağlayın. Üzerine küp küp dilimlediniz bal kabağı tatlısı parçalarını dizin."", ""160 dereceye ayarlı fırında 45-50 dakika pişirin. Fırını kapattıktan sonra kapağını yarı aralık bırakıp 15 dakika bekletin. Oda sıcaklığına ulaştıktan sonra buzdolabında 4-5 saat dinlendirin."", ""Üzeri için bal kabağı tatlısını çatal ya da blendır ile ezin. Cheesecake'in üzerine yayın. Tatlınız hazır. Afiyet olsun!""]"
4ca1151e-bad5-4ecf-8418-e3d031f01ff8,Petito Kurabiye,Turkey,Tereyağı ve pudra şekeriyle hazırlanan kıtır lezzetli petito kurabiye tarifi,Tatlı,"[""1/2 paket tereyağı"", ""1 adet yumurta"", ""1/2 su bardağı pudra şekeri"", ""1/2 su bardağı nişasta"", ""2 su bardağı un (2 su bardağı kadar)"", ""1/2 çay kaşığı kabartma tozu"", ""1 paket vanilya"", ""1 paket petito çikolata""]","[""Ön hazırlık olarak çikolataları paketlerinden çıkarın. En iştah açıcı aşama bu :)"", ""Un ve petito hariç tüm malzemeleri yoğurma kabına alıp karıştırın. Unu da azar azar ilave edin. Kulak yumuşaklığında, kolaylıkla şekil verecek kıvamda bir hamur elde edin. Hamuru streç filme sarıp buz"", ""Hamurdan büyükçe bir parçayı 2 yağlı kağıt arasında incecik açın."", ""Uygun bir kurabiye kalıbı ile veya tırtıklı ruletle çikolataların boyuna uygun olarak hamuru kesin. Üzerine çikolataları hafifçe yapıştırın."", ""Kurabiyeleri yağlı kağıt serilmiş bir fırın tepsisine dizin, 170 derecede 8-10 dakika arası pişirin. İnce olduğu için çabucak pişiyorlar, aman dikkat."", ""Dikkat etmeme rağmen yine de çikolatalarım hafif kavruk oldu. Belki kurabiyeleri tek başına fırına verdikten birkaç dakika sonra çikolataları koymalıydım :) Bu haliyle de tadı da görüntüsü de harika o""]"
b127ce26-2830-4567-a6b8-e6a59f2e36e2,Mini Dereotlu Poğaça,Turkey,"Yumuşacık ve nefis mini dereotlu poğaçalar, çay saatlerinin vazgeçilmezi olacak",Börek & Hamur İşi,"[""125 gram oda sıcaklığında tereyağı"", ""1 çay bardağı sıvı yağ"", ""1 çay bardağı yoğurt"", ""1 yemek kaşığı sirke"", ""1 paket kabartma tozu"", ""1 tatlı kaşığı tuz"", ""1 tatlı kaşığı şeker"", ""4 su bardağı un"", ""2 adet yumurta (birinin sarısı üzerine)"", ""1,5 su bardağı lor peyniri (içine)""]","[""Yumurta sarılarının birini köşeye ayırın ve kalan tüm malzemeri karıştırıp güzelce yoğurun. Yuvarlayıp tepsiye dizin. Ayırdığınız yumurta sarısını poğaçaların üzerine sürün."", ""Önceden ısıtılmış 180 derece fırında 20-25 dakika kontrollü pişirin""]"
caa3a3f6-316e-4cec-a309-24df3b8bd8d6,Tatlı Ekşi Mini Cheesecake,Turkey,Fındık ezmesinin zengin lezzeti ile balın tatlılığını birleştiren pratik ve lezzetli mini cheesecake tarifi,Tatlı,"[""4 tatlı kaşığı labne"", ""3 tatlı kaşığı bal"", ""140 gram fındık ezmesi"", ""100 mililitrebal"", ""1 tatlı kaşığı Hindistan cevizi yağı"", ""1 tatlı kaşığı karbonat"", ""1/4 çay kaşığı saf vanilya tozu""]","[""Sos için olan malzemeleri bir tavaya alıp kıvam alana dek pişirip soğumaya bırakıyoruz, soğuduktan sonra dolaba koyuyoruz."", ""Kek malzemelerini rondoya alıp homojen hale gelene kadar çalıştırıyoruz. Kare borcama yağlı kağıt serip harcı boşaltıyoruz."", ""Önceden ısıtılmış 170 derecelik fırında 25 30 dakika pişirip çıkınca dışarıda soğumaya bırakıyoruz."", ""Labne ve balı çatalla iyice karıştırıyoruz. İsterseniz kalıpla isterseniz bıçak yardımıyla keki kesip önce labneli karışımı sonra meyve sosu sürüp servis yapın. Afiyet olsun.""]"
db3f8db1-ce6a-44af-b22c-74cf7a2333c3,Somon,Turkey,Zeytinyağı ve limon suyuyla marine edilmiş somon dilimlerinin mükemmel lezzeti,Balık & Deniz Ürünleri,"[""2 dilim somon (takoz şeklinde biraz kalın dilim lenmiş)"", ""1/2 çay bardağı zeytinyağı"", ""1 yemek kaşığı taze sıkılmış limon suyu"", ""1 adet defne yaprağı"", ""1 çay kaşığı tane karabiber"", ""1/2 çay kaşığı tuz""]","[""Zeytinyağı, taze sıkılmış limon suyu, defne yaprağı, tane karabiber ve tuzu geniş bir kapta karıştırın."", ""Somon dilimlerini bu karışıma yatırıp en az 30 dakika buzdolabında bekletin."", ""Buzdolabından çıkarıp kısa süre önceden ısıtılmış ızgara üzerinde ters yüz ederek kısa süre pişirin."", ""Limon dilimleri ve yeşillikler eşliğinde sıcak olarak sevdiklerinizle paylaşın.""]"
813334d6-0920-4fa4-8c15-a5c8e8f2d4fa,Portakallı Ters Yüz Kek,Turkey,"Portakallı sosuyla harmanlanmış, ters çevrilerek sunulan pratik ve lezzetli bir kek tarifi",Tatlı,"[""3 adet yumurta"", ""1 su bardağı toz şeker"", ""1 su bardağı süt"", ""1/2 su bardağı sıvı yağ"", ""2,5 su bardağı un"", ""1 adet portakal kabuğunun rendesi"", ""1 paket kabartma tozu"", ""1 paket vanilin"", ""1 tatlı kaşığı muskat cevizi rendesi"", ""1 tatlı kaşığı tarçın"", ""1 tatlı kaşığı zencefil""]","[""Yumurta, şeker ve portakal kabuğu rendesini çırpın."", ""Sıvı malzemeleri ekleyerek karıştırın."", ""Ardından kuru malzemeleri ilave ederek narince karıştırın."", ""Kelepçeli kalıbınızı zeminine yağlı kağıt yerleştirin ve halka şeklinde kestiğiniz portakalları dizin.Üstüne şekeri serpin. Harcı ilave edin."", ""180 derecede 45 dakika pişirin."", ""Portakallı ters yüz kek tarifiniz hazır. Afiyet olsun!""]"
df6be4b2-9f7e-4740-aeee-e0fe92f88fc1,Lor Tatlısı,Turkey,"Hafif ve lezzetli lor tatlısı, irmikli un harmanı ile hazırlanan pratik bir tatlı seçeneği",Tatlı,"[""8 yemek kaşığı un"", ""8 yemek kaşığı irmik"", ""2 adet yumurta"", ""400 gram lor peyniri (tatlı lor)"", ""2 paket kabartma tozu"", ""4 yemek kaşığı zeytinyağı""]","[""4 su bardağı şeker ve suyu kaynatıp şerbeti yapıp oda sıcaklığında dinlendirin."", ""Karadutların saplarını ayıklayın ve 2 su bardağı şeker ile hafif ezerek kısık ateşte koyulaşana kadar pişirin."", ""Lor peyniri, yumurta, un, irmik, kabartma tozları ve zeytinyağını birlikte yoğurarak hamur yapın."", ""Hamurdan ceviz büyüklüğünde bezeler koparıp dilerseniz ellerinizi hafif ıslatarak yuvarlayıp derin bir tepsiye dizin."", ""180 derecede önceden ısıtılmış fırında 30 dakika pişirin.Tepsiyi 15. dakikada 180 derece çevirip her yerinin eşit pişmesini sağlayabilirsiniz."", ""Fırından çıkan hamurların ilk sıcaklığı gider gitmez oda sıcaklığında şerbet dökün. En az 3-4 saat şerbeti çekene kadar hamurlar ters düz edilmeli."", ""Şerbeti çekip soğuyan tatlılar dut reçeli, kaymak ya da dondurma ile servis edilebilirsiniz. Afiyet olsun.""]"
8702b49d-2cef-422a-b4c9-17f7b0363bd8,Meyveli Kek,Turkey,Muzun doğal tatlılığı ile hazırlanan pratik ve lezzetli meyveli kek,Tatlı,"[""1,5 adet büyük boy olgun muz"", ""1 adet yumurta"", ""1/2 su bardağı toz şeker"", ""1 su bardağı meyve kurusu"", ""1/3 su bardağı sıvı yağ"", ""2 su bardağı un (miktar değişebilir kıvamına göre tekrar ekleyebilirsiniz veya fazla geldiyse biraz süt"", ""1 su bardağı süt"", ""1 paket vanilin"", ""1 paket kabartma tozu""]","[""Öncelikle meyve kuruları kekin dibine çökmesin diye ayrı bir kasede 1 yemek kaşığı kadar un ekleyip onları karıştırıyoruz. Şimdi keke başlayabiliriz."", ""Karıştırma kabında muzu güzelce ezdikten sonra üstüne yumurta ve şekeri ekleyip güzelce çırpıyoruz."", ""Ardından süt ve yağı ekliyoruz."", ""Tüm bu malzemeleri karıştırdıktan sonra un, kabartma tozu, vanilini ekleyip tekrar karıştırıyoruz."", ""Son olarak meyve kurularını da ekledikten sonra bir kez daha karıştırıp kullanacağınız herhangi bir kek kalıbının içine döküp önceden ısınmış 160 derece fırında altlı üstlü 40 dakika kadar pişiriyoruz"", ""Fırından çıktıktan sonra 15-20 dakika kadar bekleyip ardından afiyetle yiyoruz, afiyet olsun.""]"
eb1c6ce0-e99f-4664-b041-0dc710d66ab7,Girit Ezmeli Biber Sandal,Turkey,"Girit mutfağından lezzetli bir mezze olan ezmeli biber sandal, dumanlı biberlerin ve taze peynirlerin mükemmel uyumuyla damakları şenlendirir",Sebze Yemekleri,"[""4 adet kapya biber"", ""100 gram labne peyniri"", ""100 gram beyaz peynir"", ""3-4 yemek kaşığı zeytinyağı"", ""1 çay bardağı ceviz içi"", ""1 çay kaşığı tuz""]","[""Kapya biberleri bir közleme tavasında ya da fırında yumuşayana kadar közleyin ve soğumaya bırakın."", ""Bir doğrayıcı içine cevizleri ve sarımsakları koyup çekin."", ""Daha sonra doğrayıcıya kapya biberler hariç tüm malzemeleri ekleyip karıştırın."", ""Soğuyan biberlerin kabuklarını soyun."", ""Servis edeceğiniz tabağa koyup ortalarından dikey bir kesik açın."", ""Biberlerin içini harcınızla doldurun ve üzerlerini dileğiniz gibi süsleyin. Afiyet olsun!""]"
26f62b29-7fa3-435b-9794-0296255f04c9,Portakal Reçeli,Turkey,"Taze portakallardan yapılan, lezzetli ve kıvamlı ev yapımı portakal reçeli",Ana Yemek,"[""5 adet portakal"", ""3,5 su bardağı toz şeker (miktarını aman azaltmayın kıvamı tutmuyor)"", ""1,5 su bardağı su"", ""1 su bardağı portakal suyu"", ""1/2 adet limon suyu"", ""1 çay kaşığı tereyağ""]","[""Portakalın kabuklarını iyice yıkıyoruz. Kabuklarını çıkartıp, küp küp doğruyoruz.Bir tencereye alıp 4 su bardağı su ilave edip 15 dakika kaynatıyoruz. (Suyla ateşe koyduğunuz andan itibaren 15 dakika."", ""Süzüp tektar soğuk su koyup bir 15 dakika daha kaynatıyoruz. Bu işlem kabukların acımtrak tadını almak için önemli, 3 kez kaynatmak yeterli. Süzüp kabukları kenarda soğumaya bırakıyoruz."", ""Tencereye şeker, su ve portakal suyunu koyup karıştırarak kaynatıyoruz. Kaynadıktan sonra orta ateşte portakal kabuğunu da ilave ederek 55 dakika kadar arada karıştırarak kaynatmaya devam ediyoruz."", ""Bu süre sonunda limon suyu ve soğuk tereyağı ekliyoruz. 10 dakika kadar kaynatmaya devam ediyoruz.F azla kaynatmayın akışkan olması gerekiyor, ilk aşamada sonra kıvam alıyor merak etmeyin."", ""Bir tabağa bir damla damlatın çok hızlı akmıyorsa tamamdır. Köpüklerini hiç almadım, tereyağ fazla köpürmesini önlemesinin yanında parlaklık da veriyor. Köpük oluşursa süzgeçli bir metal kepçeyi suya"", ""İçi kurulanmış kavanozlara doldurup iyice soğumadan kapağını kapatmıyoruz. Afiyet olsun.""]"
44aabee2-a5f4-424a-8f43-eadc1c011f8e,Sebze Kavurması,Turkey,"Lezzetli ve sağlıklı sebze kavurması, soğan ve havuçun muhteşem uyumuyla hazırlanır",Ye,"[""4 yemek kaşığı sıvı yağ"", ""1/2 adet soğan"", ""1 adet havuç (halka doğranmış)"", ""1 adet patates (iri doğranmış)"", ""2 adet yeşil biber (ince doğranmış)"", ""2 adet kapya biber (ince doğranmış)"", ""1 tatlı kaşığı pul biber"", ""1 çay kaşığı karabiber"", ""2 çay kaşığı tuz"", ""1 çay kaşığı kekik""]","[""Tavaya yağı ekleyin, üzerine soğanları ilave edin."", ""Soğanlar biraz kavrulunca havuçları da ekleyin."", ""Patatesleri, yeşil ve kırmızı biberleri de ilave edin. Patatesler ve havuçlar pişene kadar karıştırın."", ""Pul biberi, tuzu, karabiberi ve kekiği ekleyin. Güzelce karıştırın."", ""Sebze kavurması hazır. Soğutmadan tüketin. Afiyet olsun!""]"
df40ab8d-5862-472c-93f4-5b01d3003722,Fırında Peynirli Kabak Ruloları,Turkey,Fırında pişmiş kabak dilimlerinin içine kaşar peyniri sarılarak hazırlanan lezzetli ve sağlıklı bir tarif,Ye,"[""4 adet kabak"", ""4 yemek kaşığı zeytinyağı"", ""100 gram kaşar peyniri (rendelenmiş)"", ""3-4 yemek kaşığı (silme) domates sos (üzerini kaplayacak kadar)""]","[""Lor peyniri, krema ve dereotunu bir kabın içinde karıştırın. Kremayı ikiye bölerek karıştıra karıştıra ilave edin."", ""Hafif birbirine yapışana kadar karıştırmaya devam edin."", ""Fırını 165 dereceye ayarlayın."", ""Kabakların kabuklarını soyun ve uzun ince doğrayın."", ""Zeytinyağı ve tuzla kabakların her tarafının eşit soslandığından emin olun ve tepsiye dizin."", ""İyice ısınan fırında 10 dakika pişirin."", ""Pişip yumuşayan kabakların arasına hazırlanan iç dolguyu ilave edin."", ""Rulo şeklinde sarın ve ısıya dayanıklı fırın kabına yerleştirin."", ""Domates sos ve rendelenmiş kaşarı ilave edip, fırında kaşarlar eriyene kadar 10 dakika pişirin. İşte bu kadar, afiyet olsun!""]"
e23e956e-7fb1-475f-9093-dfd6767e25f4,Frambuazlı Pişmeyen Bar,Turkey,"Sağlıklı ve lezzetli, pişirmeden hazırlanan frambuazlı bar tarifi. Fıstık ezmesi ve Hindistan cevizi unu ile hazırlanan bu tatlı, pratik atıştırmalık alternatifi",Ye,"[""1 su bardağı Hindistan cevizi unu"", ""2,5 yemek kaşığı fıstık ezmesi"", ""1,5 yemek kaşığı bal"", ""12 adet frambuaz"", ""100 gram kuvertür bitter çikolata"", ""2 yemek kaşığı Hindistan cevizi yağı""]","[""Hindistan cevizi unu, fıstık ezmesi ve balı homojen bir kıvam alana kadar karıştırıyoruz."", ""Karışımı silikon kalıplara koyup şekil veriyoruz. (Kek kalıbı/kağıdı da olur.)"", ""Her birinin üzerine frambuaz koyuyoruz."", ""Çikolata ve Hindistan cevizi yağını benmari usulü eritip her birinin üzerine döküyoruz."", ""Çikolatanın donması için dondurucuda bekletiyoruz. Afiyet olsun.""]"
885d4e91-cb47-4263-ac2a-b720c755588a,Yulaflı Fit Bar,Turkey,Sağlıklı ve lezzetli atıştırmalık için evde kolayca hazırlayabileceğiniz yulaflı fit bar tarifi,Ye,"[""1 su bardağı yulaf unu"", ""1 tatlı kaşığı bal"", ""1 yemek kaşığı şekersiz fıstık ezmesi"", ""2 yemek kaşığı su""]","[""Tabanı için tüm malzemeleri karıştırıp küçük kare bir kaba koyalım."", ""Üzerine hurma püresi sürüp buzlukta yarım saat donduralım."", ""Üzerine bitteri benmari eritip dökelim. Buzdolabında yarım saat daha dinlendikten sonra dilimleyip servis edelim. Bu ölçülerle toplamda 4 dilim çıkıyor. Afiyet olsun.""]"
794a06fc-2fca-4b24-9048-d45f63caeabd,Kolay Mermer Kek,Turkey,"Kolay ve lezzetli mermer kek, çay saatlerinin vazgeçilmezi olacak",Ye,"[""4 adet yumurta"", ""1,5 su bardağı şeker"", ""1 su bardağı sıvı yağ"", ""1 su bardağı süt"", ""2,5 su bardağı un"", ""1 paket kabartma tozu"", ""1 adet limon kabuğu rendesi (opsiyonel)""]","[""İlk olarak şeker ve yumurtalar iyice köpürene kadar çırpılır."", ""Ardından sıvı yağ ve süt de eklenerek çırpılmaya devam edilir."", ""Un, vanilya, kabartma tozu elekten geçirilerek tüm malzeme özdeşleşene kadar çırpılır."", ""Karışımdan bir su bardağı ayrılır, içine kakao eklenerek çırpılır. Çikolata koyacaksanız bu aşamada eklenir (çikolata parçalarını çok ufak kesmeniz gerekiyor aksi takdirde dibe çökecektir ve kekinizi"", ""Vanilyalı karışıma da limon rendesi eklendikten sonra güzelce yağlanmış kek kalıbına dökülerek kürdan yardımıyla şekil verilir."", ""Önceden ısıtılmış 180 derecelik fırında 40-45 dakika pişirilir. Afiyet olsun""]"
860c4e24-626d-4803-8bf1-00909f35cdde,Kremalı Tavuklu Kuskus,Turkey,"Kremalı tavuk ve sebzelerle hazırlanan, lezzetli ve doyurucu bir kuskus yemeği",Ye,"[""4 adet mantar"", ""1 adet kapya biber"", ""2 adet sarımsak"", ""2 adet tavuk bonfile"", ""3 yemek kaşığı sıvı yağ"", ""1 su bardağı kuskus"", ""3 çay kaşığı tuz"", ""1,5 su bardağı sıcak su"", ""1 çay kaşığı karabiber"", ""1 çay kaşığı kekik"", ""1 paket krema (200 ml)""]","[""Tencereye 1 yemek kaşığı sıvı yağ ve 1 tatlı kaşığı tereyağı ekleyerek ısıtın ve kuskusları da ekleyerek hafifçe kavurun."", ""Üzerine bir çay kaşığı tuz ekledikten sonra sıcak suyunu koyun ve kapağını kapatarak kısık ateşte pişmeye bırakın. Suyunu çektikten sonra altını kapatıp dinlenmeye bırakın."", ""Bu sırada mantar, kapya biber, sarımsağı ince ince dilimleyin."", ""Tavuk bonfileleri önce şerit halinde kesin ardından küp küp doğrayın."", ""Bir tavaya 2 yemek kaşığı sıvı yağ ekleyerek ısıtın ve küp doğradığınız tavukları ekleyin."", ""4-5 dakika kadar tavukları soteledikten sonra mantarları da ekleyin ve hafifçe karıştırarak kavurmaya devam edin."", ""Tavadaki tavuklara 1 çay kaşığı tuz, karabiber, kekik ve ince dilimlediğiniz sarımsakları ekleyip karıştırın."", ""Kapya biberleri de ekleyin ve 3-4 dakika kadar daha soteledikten sonra kremasını ekleyin."", ""5 dakika sonra kremanın kıvamı yoğunlaşınca ocaktan alın."", ""Servis tabağına önce kuskusu, üzerine de kremalı tavukları koyun ve sıcak servis edin. Afiyet olsun!""]"
c5e5d794-e3b0-45a3-bb8e-09703566a322,Saray Usulü Yumurta-yı Hümayun,Turkey,Osmanlı saray mutfağından gelen lezzetli bir yumurta yemeği,Kahvaltı,"[""5 adet soğan"", ""3 yemek kaşığı sıvı yağ"", ""3 yemek kaşığı tereyağı"", ""1 tatlı kaşığı toz şeker"", ""1 çay kaşığı tuz"", ""1 çay kaşığı toz kırmızı biber"", ""1 çay kaşığı karabiber"", ""1 çay kaşığı yenibahar"", ""3 adet yumurta""]","[""Geniş bir tavaya tereyağ ve sıvı yağını alarak kızdırıyoruz. Jülyen doğradığımız soğanları ekliyoruz. 5 dakika kavurduktan sonra toz şekeri ekleyip kısık ateşte karamelize olana kadar kavuruyoruz."", ""İstediğiniz karamel rengine ulaştıktan sonra karabiber, toz biber, tuz ve yenibaharı ekleyerek karıştırıyoruz."", ""2 dakika daha kavurduktan sonra yumurtaları kırarak pişiriyoruz. Sıcak sıcak afiyetle yiyoruz.""]"
8d834a64-c4b1-4e20-9463-569f66d2e09a,Hurma Topları,Turkey,"Kakao ve çikolata ile hazırlanan pratik ve lezzetli hurma topları, tatlı krizleriniz için mükemmel bir atıştırmalık",Ana Yemek,"[""2 yemek kaşığı kakao"", ""1/2 paket sütlü çikolata (üzeri için)"", ""1/2 paket beyaz çikolata (üzeri için)"", ""1 tatlı kaşığı Hindistan cevizi (üzeri için)""]","[""Hurmaların çekirdeklerini çıkartın. Robotun içine hurmaları, cevizi ve kakaoyu ekleyin. Malzemeleri hamur haline getirin. Elinize hamurdan ceviz büyüklüğünde parçalar alın ve yuvarlayın."", ""Benmari usulü erittiğiniz çikolatalara hurma toplarını bulayın. İsterseniz Hindistan cevizine bulayın. Sade de tüketebilirsiniz."", ""Buzdolabında bir süre beklettikten sonra dilediğiniz gibi servis edin.""]"
e04d7d6b-769a-4d61-bd67-9a126402e9d4,Azerbaycan Pitisi,Turkey,"Azerbaycan'ın meşhur yemeği Piti, kuzu eti, kuyruk yağı ve nohutun özel bir pişirme tekniğiyle hazırlanan geleneksel bir çorbadır",Ana Yemek,"[""800 gram kuzu eti (kemiksiz)"", ""150 gram kuyruk yağı"", ""150-200 gram nohut"", ""1 adet soğan"", ""1 çay kaşığı tuz"", ""8-10 adet kestane"", ""1 adet ayva"", ""4-4 adet erik kurusu"", ""2 gram safran"", ""2 litre su""]","[""İlk olarak geceden suda ıslatılmış nohutu derin güvece ekleyin."", ""Eti orta boy küp doğrayıp üzerine ekleyin."", ""Üzerini kaplayana kadar su koyun ve yüksek ateşte kaynamaya bırakın."", ""Tam kaynarken etin köpüğünü alın. Soğanı ve tuzu ekleyin."", ""Sonra geniş parça halindeki kuzu kuyruğu ve sıcak suda demlenmiş 2 yemek kaşığı safranlı suyu üzerine ekleyin."", ""Güvecin ağzını kapatarak 180 derece ısıtılmış fırında 4 saat pişirin."", ""Pişme süresinin bitmesine 30 dakika kala temizlenmiş kestaneleri ve erik kurusunu ekleyin. O sırada suyu azalmışsa yine ekleyin."", ""Son 5 dakika da kuyruk hafif kızarsın diye güvecin ağzını açarak pişirin."", ""Suyunu bir kasede kızarmış ekmeğin üzerine ekleyin, et ve diğer malzemeleri başka tabağa alarak ezin, toz karabiber, kuru nane ve sumak ekleyerek kırmızı soğanla yiyebilirsiniz. Afiyet olsun!""]"
fbc4ac90-05d0-4ff8-9196-65b80c2b55cc,Çıtır Patates Çubukları,Turkey,"Dışarıdaki gibi çıtır patates çubukları, evde kolayca hazırlayabileceğiniz bu tarif ile sofranızda",Ana Yemek,"[""4 adet orta boy patates"", ""2,5 yemek kaşığı mısır nişastası"", ""2 su bardağı sıvı yağ"", ""Etimek Tatlısı Tarifi"", ""Damla Çikolatalı Kurabiye"", ""Tatlı Tarifleri Spoonful Mozaik Pasta Çikolatalı Sufle İrmik Helvası Fırın Sütlaç Profiterol Revani Magnolia"", ""Kahvaltılık Tarifler Pancake Krep Pişi Kuymak Kaygana Kahvaltılık Sos Menemen Muhlama Yumurtalı Ekmek Omlet"", ""Omlet""]","[""Patatesleri soyun, iri küpler halinde doğrayın ve tuzlu suda yumuşayana kadar haşlayın."", ""Patatesleri süzüp sıcakken derin bir kaseye alın. Üstlerine ezilmiş sarımsak,tuz, karabiber ve toz halinde doğranmış maydanozla birlikte nişastayı da ekleyip eziciyle püre kıvamına gelene kadar karışt"", ""Yağlı kağıt serilmiş ufak bir tepsiye karışımı alın ve spatula ile üstten sıkıca bastırıp derin dondurucuya kaldırın."", ""Yaklaşık 2-3 saat sonra sertleşen harcı kalıp gibi tezgaha alın ve bıçakla dilimleyin. Dilimleri dilerseniz daha sonra kızartmak üzere derin dondurucuda saklayabilirsiniz."", ""Sıvı yağı geniş bir tencerede orta ateşte ısıtıp patates çubuklarını aralarında boşluk kalacak şekilde yağ bırakın."", ""Patateslerin tüm yüzeyleri renk alıp kızardıktan sonra havlu peçete üstüne çıkarın ve ardından sıcak olarak servis edin. Afiyet olsun.""]"
47bcc90f-c5d4-4588-8548-b92cbc32797c,Banana Bread,Turkey,"Muzlu ekmek, olgun muzların lezzetini kek kıvamında birleştiren nefis bir tatlıdır. Kolay hazırlanan bu tarif, çay saatleri için idealdir",Ana Yemek,"[""300 gram un"", ""3 adet yumurta"", ""3 adet büyük boy muz"", ""1 su bardağı toz şeker"", ""1 tatlı kaşığı tarçın"", ""1 tatlı kaşığı toz mahlep"", ""1 tatlı kaşığı kabartma tozu"", ""1 paket vanilya"", ""1/2 çay bardağı sıvı yağ"", ""1/2 çay bardağı süt""]","[""3 adet olgunlaşmış muzu güzelce ezilir. İçine 1 bardak toz şekeri (arzuya göre azaltılabilir) ve 3 adet yumurta eklenip güzelce karıştırılır."", ""Diğer kapta 300 gr (3 su bardağı) un, tarçın, mahlep, kabartma tozu ve vanilya karıştırılır. Un karışımının içine muz karışımı eklenir ve karıştırılır. Yağ ve süt ilavesi yapılarak karışımın kak kıvam"", ""Son olarak irice kırılmış ceviz içi (fındık, badem vs de olabilir, isteğe bağlı) eklenip iyice karıştırıldıktan sonra yağlanmış baton kek kalıbına dökülür."", ""Önceden ısıtılmış 170 derece fırında kontrollü şekilde yaklaşık 50 dakika pişirilir.""]"
73cb580a-1548-4651-a882-a748ca8024e6,Alman Usulü Soslu Döner,Turkey,Yoğurt ve nanenin eşsiz lezzetiyle harmanlanmış pratik Alman usulü soslu döner tarifi,Ana Yemek,"[""150 gram yaprak döner"", ""2,5 yemek kaşığı yoğurt"", ""1 tatlı kaşığı kuru nane"", ""1/4 çay kaşığı tuz"", ""1 adet tandır lavaşı"", ""1/2 adet havuç (ince rendelenmiş)""]","[""Bir kaseye yoğurdu alın. İçerisine; sarımsak, kuru nane ve tuz ekleyerek çırpın."", ""Hazır olan yaprak dönerleri bir tavaya alın ve ısıtın."", ""Tandır lavaşını tezgaha alın ve ortasına ısınan dönerleri ekleyin."", ""İnce kıyılmış göbek marul, rendelenmiş havucu ve mor lahanaları dönerlerin üzerine koyun."", ""En son üzerine hazırladığınız yoğurtlu sostan gezdirin."", ""Güzelce sardıktan sonra ortadan ikiye keserek servis edebilirsiniz. Afiyet olsun.""]"
cb1f0e52-65df-4dff-85bd-5bf2edddff3c,Sultan Helvası,Turkey,"Antep fıstığıyla zenginleştirilmiş, irmikten yapılan geleneksel ve lezzetli bir tatlı",Tatlı,"[""1 su bardağı irmik"", ""1 su bardağı toz Antep fıstığı"", ""100 gram şeker""]","[""Öncelikle şerbeti hazırlayın. Şeker ve suyu karıştırıp kaynatın ve kısık ateşte tutun."", ""Tereyağını eritip,irmiği içine ekleyip kavurun. Diğer helvalardan farklı olarak cok fazla kavurmayın.Rengi dönmesin."", ""Kavrulan irmiğin üstüne sıcak şerbeti yavas yavas dökün, iyice karıştırın.Kapağını kapatın ve demlenmeye bırakın."", ""Demlenen helvanın üzerine antep fıstığını ilave edin."", ""Ardından servis edin. Afiyetler olsun.""]"
968de9d5-b342-4a5e-8eca-eba937d3386a,Mayalı Poğaça,Turkey,"Evde kolayca hazırlayabileceğiniz, yumuşacık ve mis gibi kokan mayalı poğaça tarifi",Börek & Hamur İşi,"[""1 paket maya (yaş veya kuru)"", ""3 yemek kaşığı ılık su"", ""1 su bardağı yoğurt"", ""1 su bardağı sıvı yağ"", ""50 gram tereyağı (oda ısısında bekletilmiş)"", ""2 adet yumurta (birinin sarısı üzerine)"", ""1 tatlı kaşığı tuz"", ""5-6 su bardağı un (kontrollü eklenecek)""]","[""Mayanın üzerine ılık suyu ve şekeri ekleyip 5 dakika bekletin."", ""En son un olacak şekilde diğer malzemeleri ekleyin ve ele yapışmayan yumuşak bir hamur elde edin. Yarım saat mayalanması için bırakın."", ""Ceviz büyüklüğünde parçalar alıp yuvarlayın, yağlı kağıt serilmiş ya da yağlanmış tepside 10 dakika beklettikten sonra üzerine yumurta sarısı sürün."", ""Jiletle veya keskin bir bıçakla üzerine çizik atın. İsterseniz çizmeyip susam vs. dökebilirsiniz. 190 derecede, üzeri kızarana kadar pişirin. Afiyet olsun.""]"
3b6955d6-ec8f-455c-a267-daeaa06e8210,Kolay İç Pilav,Turkey,"Lezzetli ve pratik iç pilav tarifi, her yemeğin yanına mükemmel eşlik eder",Pilav & Makarna,"[""2 su bardağı baldo pirinç"", ""2 yemek kaşığı sıvı yağ"", ""2 yemek kaşığı tereyağ"", ""2 yemek kaşığı kuş üzümü"", ""1 tatlı kaşığı tarçın"", ""1 tatlı kaşığı karabiber"", ""1 çay kaşığı (silme) yenibahar"", ""4 su bardağı su""]","[""Pirinçlerimizi nişastaları gidene kadar ortalama 30 dakika suda bekletip süzün."", ""Ardından sıvı yağ içerisine pirinçleri alın. Pirinçleri biraz kavurduktan sonra, tereyağını ilave edin."", ""Üzerine su ve tuzu da ekledikten sonra suyunu çekene kadar kısık ateşte pişirin."", ""Pişen pilavın içerisine tarçın, yenibahar ve karabiberi de ilave edip 10-15 dakika dinlendirin ve ardından servis edin.""]"
d38549c9-2cb0-4b4a-8c43-3cd35776fed9,Limonlu Çatlak Kurabiye,Turkey,"Dışarı çıtır içi yumuşak limonlu çatlak kurabiye, çay saatlerinin vazgeçilmezi",Tatlı,"[""1 adet yumurta"", ""4 yemek kaşığı toz şeker"", ""1/4 çay bardağı sıvı yağ"", ""1/2 adet limon kabuğu rendesi"", ""1/2 adet limon suyu"", ""1 paket vanilin"", ""1/2 paket kabartma tozu"", ""1,5 su bardağı un"", ""1 su bardağı pudra şekeri (üzeri için)""]","[""Derin bir kaseye un hariç bütün malzemeleri sırasıyla ekleyip çırpma teliyle çırpın. Daha sonra unu ekleyerek kıvam aldırmaya başlayın."", ""Hamurunuz biraz ele yapışıp yumuşak kıvamlı olmalı. Hamurunuz hazır olduğunda ceviz büyüklüğünde toplar haline getirin ve pudra şekeriyle tamamını kaplayın."", ""180 derece alt üst ayar fırında 15 dakika pişirin. Rengini kaybetmemesi gerekiyor."", ""İsterseniz fırından çıkardıktan sonra da üzerine pudra şekeri serpebilirsiniz. Afiyet olsun.""]"
64e7569f-a876-40e6-a8fc-1fe6b0609690,Özbek Pilavı,Turkey,"Geleneksel Özbek mutfağının en lezzetli yemeklerinden olan Özbek Pilavı, özel pişirme tekniği ve zengin malzemeleriyle damaklarda unutulmaz bir tat bırakır",Pilav & Makarna,"[""1 adet kuru soğan"", ""1 adet havuç"", ""3 yemek kaşığı tereyağı"", ""3 yemek kaşığı zeytinyağı"", ""200 gram dana eti (haşlanmış)"", ""3 su bardağı et suyu"", ""2 su bardağı pirinç"", ""1 tatlı kaşığı karabiber"", ""1 tatlı kaşığı tuz""]","[""1 saat öncesinden pirinci kaynar suya ıslatalım. İçine 2 yemek kaşığı kaya tuzu atmayı unutmayalım."", ""Soğanları doğrayıp tencereye alalım. Zeytinyağı ve tereyağı ekleyelim. 2-3 dakika kavurup kabuğunu soyduğumuz ve doğradığımız havuçları ekleyelim."", ""Ben normalde soğanı ve havucu küp şeklinde doğruyorum, bu defa uzun doğradım. Havuç ve soğan iyice kavrulup yumuşayınca önceden haşladığımız dana kuşbaşını ekliyoruz."", ""2-3 dakika kavurup et suyunu ekleyelim. İyice yıkayıp suyunu süzdüğümüz pirinçleri de ilave edelim. Tuz ve karabiberi de ekleyip güzelce yıkanmış ve sakalları ayıklanmış sarımsakları içine yerleştirel"", ""Kapağını kapatıp kısık ateşte suyunu çekene kadar pişirelim. Piştikten sonra 10 dakika demlenmeye bırakalım. Demlenen pilavı karıştırarak alt üst edip servis edelim. Afiyet olsun.""]"
51f09072-9305-4ffc-ba56-e555fe2c64c8,Islak Hamburger,Turkey,"Sulu ve lezzetli ıslak hamburger, özel sosu ve yumuşak dokusuyla damaklarda unutulmaz bir tat bırakır",Ana Yemek,"[""250 gram kıyma"", ""1 adet rendelenmiş kuru soğan"", ""2 yemek kaşığı galeta unu"", ""1 adet yumurta"", ""6 adet hamburger ekmeği""]","[""Hamburger köftemiz için ilk olarak bir kaba: kıyma, soğan, sarımsak, tuz, karabiber, galeta unu ve yumurtayı ekleyip güzelce yoğuruyoruz."", ""Hamburger ekmeğinden biraz büyük şekilde şekil veriyoruz. Çünkü köftelerimiz çekiyor."", ""Tavayı biraz ısıttıktan sonra bir parça yap ekliyoruz ve köftelerimizi tavaya diziyoruz ve pişiriyoruz."", ""Sosu için uygun bir tencereye soyup rendelediğimiz domatesleri ve zeytinyağlımızı ekliyoruz birkaç dakika karıştırdıktan sonra ketçapımızı da ilave ediyoruz."", ""Tatlanması için tuz ve karabiberimizi de ekledikten sonra ıslak hamburgerin olmazsa olmazı sarımsağımızı da ekleyip kaynanana kadar karıştırıyoruz ve pişiriyoruz."", ""Kaynadıktan sonra ocağı en kısık dereceye getirip hafif kalın bir kıvama gelene kadar karıştırıyoruz, pişiriyoruz ve ocaktan alıyoruz."", ""Hamburger ekmeklerimizi ortadan ikiye bölüyoruz. İç kısımlarını domates sosuna iyice bandırıyoruz, köftelerimizi de ekleyip üstüne sosumuzdan sürüyoruz ve kapatıp sosumuzu üstüne bir kez daha sostan g"", ""İki adet yağlı kağıdı iyice ıslatıp sıktıktan sonra köftelerimizi pişirdiğimiz tavaya seriyoruz, üzerine hamburgerlerimizi ekliyoruz."", ""Altı en kısık ateşte üzerini kapakla kapatıp, buharla yumuşamasını ve pişmesini sağlıyoruz. Birkaç dakika sonra ıslak hamburgerimiz hazır. Ellerinize sağlık, afiyet olsun.""]"
b7fed030-b4de-46ff-8cce-abff9479a73d,Fırınlanmış Patates Salatası,Turkey,Fırında pişirilen patateslerin zeytinyağı ve kekikle harmanlandığı lezzetli ve pratik bir salata tarifi,Salata,"[""5 adet patates"", ""3 yemek kaşığı zeytinyağı"", ""1 tatlı kaşığı kekik"", ""1 tatlı kaşığı pul biber"", ""1 çay kaşığı sarımsak tozu"", ""1 çay kaşığı tuz""]","[""Patatesleri küp küp doğuyoruz, zeytinyağı ve baharatlarla iyice harmanlayıp fırına veriyoruz. 180 derecede 30 dakika kızarana kadar pişiriyoruz."", ""Yeşillikleri, soğanı ve turşuyu doğruyoruz. Mısır ve patates ile birlikte karıştırıyoruz."", ""Tuz, nar ekşisi ve limon ilave ediyoruz. Afiyet olsun.""]"
d5fda8a5-9d69-4441-b657-31b5f6af655e,Yoğurt Bar,Turkey,"Sağlıklı ve ferahlatıcı Yoğurt Bar, taze yoğurtun doğal lezzetini tatlı bal ve kırmızı meyvelerin ferahlatıcı aromasıyla birleştirir",Ana Yemek,"[""250 gram yoğurt"", ""5 yemek kaşığı bal"", ""1/2 su bardağı kırmızı meyveler (böğürtlen, yaban mersini, frambuaz)"", ""4 yemek kaşığı yulaf"", ""2 yemek kaşığı Antep fıstığı içi (iri kıyılmış ve tuzsuz)""]","[""Yoğurt ve balı bir kapta güzelce karıştırın."", ""Yoğurt-bal karışımını pişirme kağıdı serdiğiniz 20 x 30cm'lik düz tepsiye yayın."", ""Üzerine meyveleri, yulafı ve iri parçalanmış Antep fıstıklarını serpin."", ""Karışımı en az 5 saat dondurucuda bekletin."", ""Yeterince dondurduktan sonra keskin bir bıçak yardımıyla üçgen şeklinde kesin ve bekletmeden afiyetle tüketin.""]"
3e30d895-93c3-4c32-924a-983e584275b0,Kakaolu Rulo Pasta,Turkey,"Mis gibi kakaolu rulo pasta, çay saatlerinin vazgeçilmezi olacak. Hem yapımı kolay hem de görünümü şık",Tatlı,"[""4 adet yumurta"", ""1 su bardağı toz şeker"", ""1,5 su bardağı un"", ""1 paket vanilin"", ""1 paket kabartma tozu"", ""4 yemek kaşığı kakao""]","[""Krema için tencere içerisine şeker, nişasta, yumurta ve unu alın."", ""Üzerine sütü ekleyin ve karıştırın. Kaynama noktasına gelene kadar orta ateşte pişirin. Piştikten sonra ocağın altını kapatın ve tereyağıyla vanilyayı ekleyin. Ara ara karıştırın topaklanmasın."", ""Kek için yumurta ve şekeri beyaz köpük olana kadar çırpın. Sıcak suyu ekleyin."", ""Elenmiş un, kakao vanilya ve kabartma tozunu da ekleyin."", ""Homojen bir karışım elde eldin. Yağlı kağıt serili fırın tepsisine kek karışımını dökün. Önceden ısıtılmış 160 derecelik fırında 20-25 dakika pişirin. Hamur ince olduğu için çabuk pişecektir kontrollü"", ""Pişen keki fırından çıktığı gibi başka bir yağlı kağıt üzerine ters çevirin ve rulo şeklinde sarıp bir bezle örtün."", "". Dinlenen ruloyu açın ve arasına krema sürün. Çilek parçaları serpin ve tekrar rulo şeklinde sarın."", ""3-4 saat buzdolabında dinlendirin. Dilimleyerek servis edebilirsiniz.""]"
fb7a73bd-f103-46ed-ae2a-43c25415035c,Yumuşacık Islak Kek,Turkey,Lezzetli ve nemli dokusuyla damakları çiğnemeye doyamayacağınız yumuşacık ıslak kek tarifi,Tatlı,"[""2 adet yumurta"", ""1 su bardağı süt"", ""1 su bardağı toz şeker"", ""1 su bardağı sıvı yağ"", ""2 yemek kaşığı kakao"", ""2 su bardağı un"", ""1 adet kabartma tozu"", ""1 adet vanilya""]","[""Yumurta ve şekeri köpürene kadar çırpın. Ardından sıvı yağını, sütünü ekleyin. Yumurtanın köpüğünü söndürmeden karıştırın."", ""Daha sonra kakaonuzu, ununuzu, kabartma tozunu ve vanilyayı ekleyip karıştırın."", ""Pişireceğiniz kabı yağlayıp önceden ısıtılmış 180 derecelik fırında 20 dakika pişirin."", ""Kek pişerken sosunuzu hazırlayın. Sos malzemelerinizi pişireceğiniz kapta karıştırın ve şeker eriyene kadar pişirin."", ""Pişmiş olan kekinizin ilk sıcağı çıktıktan sonra her yerini sosla ıslatın. Ardından oda ısısına gelen kekinizi streçleyip buzdolabında yarım saat kadar bekletin (Buzdolabında bekletmeden de tüketebili""]"
8540eb85-1609-4e96-a165-c64e9fda5334,Kurabiyeli Brownie,Turkey,Çikolatalı brownie ve çıtır kurabiyelerin mükemmel uyumuyla hazırlanan enfes bir tatlı,Tatlı,"[""140 gram tereyağı veya margarin"", ""2 su bardağı toz şeker"", ""3 adet yumurta"", ""1 çay kaşığı kabartma tozu"", ""1 paket şekerli vanilin"", ""3 su bardağı un"", ""1 çay bardağı damla çikolata"", ""200 gram bitter çikolata""]","[""Öncelikle kurabiye hamurunu hazırlayın. 70 gram margarini ve 1 çay bardağı toz şekeri çırpın. 1 adet yumurtayı da ilave edin."", ""Vanilin,un ve kabartma tozunu ekleyip yoğurun. Ardından damla çikolatalarla beraber tekrar yoğurun. Buzdolabında bekletin."", ""Brownie için; 2 yumurta ve 3/4 su bardağı toz şekeri çırpın. 200 gram çikolatayı eritin ve 70 gram tereyağını ilave edin."", ""Yumurtalı karışıma çikolatalı karışımı dökün."", ""Ardından 1/2 su bardağı un ekleyip karıştırın. Yağlı kağıt serilmiş borcama harcı dökün."", ""180 derecelik fırında fırında pişirin. Afiyet olsun.""]"
d1b377f3-e132-45ed-aabb-8addebd376c9,Havuçlu Cevizli Tarçınlı Kek,Turkey,"Havuç, ceviz ve tarçının mükemmel uyumuyla hazırlanan bu kek, çay saatlerinin vazgeçilmezi olacak",Tatlı,"[""4 adet yumurta"", ""1,5 su bardağı toz şeker"", ""1 su bardağı süt"", ""1 su bardağı sıvı yağ"", ""3 adet rendelenmiş havuç"", ""1 su bardağı ceviz (iri çekilmiş)"", ""1 tatlı kaşığı tarçın (tercihen)"", ""1 paket kabartma tozu"", ""1 paket vanilin"", ""2-2,5 su bardağı un""]","[""Uygun bir kapta yumurta ve şekeri güzelce çırpalım. Sıvı yağı ve sütü ekleyip az çırpalım."", ""Ardından havuç,ceviz ve tarçını ilave edelim bir spatula ile karıştıralım."", ""Son olarak kabartma tozu, vanilini ekleyelim azar azar unu ekleyelim, karıştıralım."", ""Kalına kek hamurunu dökelim ve 180 derece alt üst ayar fırında pişirelim. Deneyeceklere afiyet olsun.""]"
e8aa3373-f641-4d6d-8cbd-542ee7e6178b,Avokado Soslu Sandviç,Turkey,Sağlıklı ve lezzetli tam buğday ekmeği arasında kremsi avokado sosu ve taze ezine peyniri ile hazırlanmış pratik bir sandviç,Ana Yemek,"[""2 adet tam buğdaylı sandviç ekmeği"", ""1 tatlı kaşığı sürülebilir beyaz peynir"", ""100 gram ezine peyniri (sert)"", ""2 adet haşlanmış yumurta"", ""1 tatlı kaşığı domates salçası (ya da biber salçası)"", ""1 adet domates""]","[""Avokado sosu için bir çatal yardımıyla avokadoyu ezip limon, zeytinyağı, tuz ve karabiber ile birlikte karıştırın."", ""Püre kıvamına gelince avokado sosumuz hazırdır."", ""Ardından tüm malzemeleri sandviç ekmeğine koyduktan sonra sandviçimiz hazır. Afiyetler olsun.""]"
87210da7-dd81-4c77-89a1-8537e33b0066,Güveçte Soslu Köfte,Turkey,"Fırında pişen soslu köfteler, lezzetli ve doyurucu bir ana yemek seçeneği",Et Yemekleri,"[""400 gram kıyma"", ""1 adet soğan"", ""1 adet yumurta"", ""4 yemek kaşığı galeta unu"", ""1/2 çay kaşığı karabiber"", ""1 çay kaşığı karabiber"", ""1 tatlı kaşığı tuz"", ""1/2 çay kaşığı pul biber"", ""1 çay kaşığı domates salçası"", ""2-3 yemek kaşığı sıvı yağ (kızartmak için)""]","[""Köfte malzemelerini bir kaba alın ve yaklaşık 10 dakika yoğurun. Üzerini streç folyo ile kapatın ve 20-25 dakika buzdolabında dinlendirin. Elinizi yağlayın ve köftelerden ceviz büyüklüğünde koparıp, i"", ""Bir tavada 2-3 yemek kaşığı sıvı yağı kızdırın ve köfteleri renk alana kadar kızartın(çok kızartmaya gerek yok,fırında da pişecek). Köfteleri tavadan alın ve aynı tavaya tereyağını alın, rendelenmiş s"", ""Domates püresi, sıcak suyu ,baharatlarını ve tuzunu ekleyip, karıştırın. Bir süre daha pişirip ocaktan alın. Kızaran köfteleri fırın kabına (veya porsiyonluk güveç )yerleştirin, biber sosunu da üzerin"", ""Son olarak üzerine bolca kaşar peyniri veya mozzarella peyniri ekleyin ve önceden ısıtılmış 190 derece fırında üzerileri kızarıncaya kadar pişirin.""]"
ddbe7ea1-2062-4af8-8408-ef42b694727b,Süzme Peynirli Fırın Makarna,Turkey,"Süzme peynirin lezzetiyle zenginleşmiş, kaşar peyniriyle üzeri çıtır çıtır fırın makarna tarifi",Pilav & Makarna,"[""1/2 paket fırın makarna"", ""100 gram kaşar peyniri"", ""500 gram süzme peynir"", ""3 adet yumurta"", ""4 yemek kaşığı yoğurt"", ""1 çay kaşığı tuz"", ""1/2 çay kaşığı karabiber""]","[""Makarnayı bol tuzlu, kaynar suda hafif yumuşayana kadar haşlanmaya bırakın."", ""Kaşar peynirini Vestel Multi Blender rende aparatı ile rendeleyin."", ""Fırın makarna sosu için süzme peynir, yumurta, yoğurt, maydanoz yaprakları, tuz ve karabiberi pürüzsüz bir kıvam alana kadar bıçaklı doğrayıcıdan geçirin."", ""Makarnalar hafif yumuşayınca bir maşa yardımı ile fazla süzdürmeden derin bir kaseye alın, hazırladığınız sosu da kaseye koyup karıştırın."", ""Karışımı derin bir fırın tepsisine yerleştirin ve kaşar peynirini de en üste serip 200 derecelik sıcak fırında 20-25 dakika peynirler kızarana kadar pişirin."", ""Fırın makarnanızı sıcak olarak servis edin. Afiyet olsun.""]"
a4dd4d71-306a-4eb3-9e0b-1efd9b2c3e51,Croque Madame,Turkey,"Fransız mutfağının klasik sandviçi Croque Madame, lezzetli sosu ve üzerindeki yumurtasıyla doyurucu bir seçenektir",Ana Yemek,"[""1 tatlı kaşığı dijon hardalı"", ""1 adet yumurta"", ""1 tatlı kaşığı ayçiçek yağı"", ""1/4 çay kaşığı tuz"", ""1/4 çay kaşığı karabiber""]","[""Tam buğday ekmek dilimlerinin iç kısmına hardal sürün."", ""Hardal sürülmüş bir dilim ekmek üzerine jambon dilimlerini yerleştirin."", ""Diğer hardallı ekmek dilimini jambonların üzerine kapatın."", ""Eski kaşar peyniri dilimlerini ekmeğin üzerine yerleştirdikten sonra önceden ısıtılmış 250 derece fırında 5 dakika kadar fırınlayın."", ""Sahanda yumurtayı hazırlamak için; ayçiçek yağını tavada kızdırın."", ""Yumurtayı kırdıktan sonra 2 dakika kadar pişirin. Tuz ve karabiberi de üzerine serpiştirin."", ""Fırından çıkardığınız tostun üzerine sahanda yumurtayı yerleştirin ve bekletmeden sıcak olarak servis edin. Sevdiklerinizle paylaşın.""]"
2e0b1d6e-46bd-4a6b-b7b2-f4a6e7d1d3e0,Çikolatalı Mozaik Pasta,Turkey,"Pratik ve lezzetli çikolatalı mozaik pasta, soğuk servis edilen klasik bir tatlıdır",Tatlı,"[""2 paket pötibör bisküvi"", ""3 su bardağı süt"", ""2 paket bitter çikolata (kakao kullanırsanız 1 paket çikolata yeterli)"", ""3 yemek kaşığı toz şeker"", ""3 yemek kaşığı un (kakao da olur)"", ""2 yemek kaşığı Hindistan cevizi yağı (tereyağı da olur)"", ""1 adet portakal kabuğu rendesi""]","[""Puding için süt ve şekeri tencereye alalım."", ""Ardından unu ekleyin iyice karıştırın topak kalmasın. Karışım kaynamaya başlayınca çikolataları ekleyelim."", ""Ocağı kapattıktan sonra Hindistan cevizi yağını ekleyelim."", ""İlk sıcaklığı geçince portakal kabuğu rendesini ekleyelim."", ""Büyük bir kapta elimizle kırdığımız bisküvilerin üstüne çikolatalı sosu dökelim. İyice karıştıralım."", ""Kullanacağınız kabı streçleyin, streçlerken kenarlardan fazlalık bırakmayı unutmayın!"", ""Karışımı kaba dökelim. Üstünü kapatalım. Buzluğa atalım. 2-3 saat dinlenmesi yeterli olur. Afiyet olsun.""]"
5d2d9067-35e0-4325-8f59-39a1c0cb0304,Pandispanya Keki,Turkey,"Hafif ve yumuşak dokulu klasik pandispanya keki, her türlü tatlı için mükemmel taban oluşturur",Ye,"[""4 adet yumurta"", ""3 yemek kaşığı sıcak su"", ""1 su bardağı şeker"", ""1 su bardağı un"", ""1 yemek kaşığı nişasta"", ""1 paket vanilya"", ""1 çay kaşığı kabartma tozu""]","[""Öncelikle pandispanya kekinde kullanacağımız tüm malzemeler oda sıcaklığında olmalıdır."", ""Yumurtaları geniş bir kaba kıralım. Üzerine toz şekeri ekleyip mikserin yüksek devrinde çırpalım."", ""Yumurtaların rengi hafif dönmeye başladığında sıcak suyu yavaş yavaş ilave edelim ve çırpmaya devam edelim."", ""Karışım beyaz renk aldığında kuru malzemeleri elekten eleyerek aşamalı ekleyip, spatula ile saat yönünde karıştıralım."", ""Karışımı 20 cm genişliğindeki kalıba döküp 160° derecede ısıtılmış fırında 40 dakika pişirelim."", ""Piştiğinden emin olduğumuz keki fırından çıkarıp soğutma teline ters çevirip soğumaya bırakalım."", ""Kek soğuduktan sonra kullanabilirsiniz.Afiyet olsun.""]"
a80c8cda-34c7-42eb-b28d-848bf88e0351,Hurmalı Kek,Turkey,"Tatlı ve lezzetli hurmalı kek, çay saatlerinin vazgeçilmezi olacak",Tatlı,"[""3 adet yumurta"", ""1 su bardağı sıvı yağ"", ""1/2 su bardağı toz şeker"", ""3 - 4 su bardağı un (kontrollü ekleyin)"", ""1 su bardağı süt"", ""3 yemek kaşığı kakao"", ""6 adet büyük boy (etli) hurma (çekirdeği ayıklanmış)"", ""1 paket vanilin"", ""1 paket kabartma tozu""]","[""Oda sıcaklığında yumurtaları ve şekeri çırpın. Sütünü ve sıvı yağını ekleyin."", ""Kabartma tozunu, kakaoyu ve vanilini ekleyip biraz daha çırpın. Ununu kontrollü ekleyip çırpmaya devam edin."", ""Hurmaları küp küp doğrayın."", ""Doğradığınız hurmaları da ekleyip spatula ile karıştırın."", ""Kek kalıbının her yerini yağlayın. Hamuru kek kalıbına dökün. Önceden ısıtılmış 180 derece fırında 40-45 dakika pişirin."", ""Hurmalı kek tarifiniz hazır. Afiyet olsun!""]"
e406e443-e609-4e73-9eec-77bc10d3f7bb,Damla Çikolatalı Fındıklı Kurabiye,Turkey,"Damla çikolata ve fındık parçacıklarıyla zenginleştirilmiş, çıtır çıtır lezzetli kurabiye tarifi",Tatlı,"[""2 adet yumurta"", ""1 çay bardağı esmer şeker"", ""1 çay bardağı toz şeker"", ""200 gram tereyağı"", ""1 paket vanilin"", ""1 paket kabartma tozu"", ""1 büyük çay bardağı damla çikolata""]","[""Damla çikolata, fındık, tereyağı ve un hariç tüm malzemeleri karıştırma kabına ekliyoruz."", ""Çırpma teli ile homojen bir karışım olana kadar karıştırıyoruz."", ""Oda sıcaklığında yumuşamış tereyağını ekleyip elimizle karıştırıyoruz."", ""Unu yavaş yavaş ekleyip ele yapışmayan yumuşak bir hamur elde ediyoruz."", ""Fındık ve damla çikolatayı da ekleyip karıştırıyoruz."", ""Hamurdan parçalar koparıp şekil veriyoruz."", ""Önceden ısıtılmış 170 derece fırında kurabiyelerimizin altı pembeleşene kadar kontrollü pişiriyoruz. Afiyet olsun.""]"
bbaa6f42-5978-4ac2-b990-63df74c75b38,Kabak Karnıyarık,Turkey,İç harcıyla doldurulmuş fırınlanmış kabakların lezzetli ve doyurucu bir yemeği,Ye,"[""4 adet orta boy kabak"", ""250 gram orta yağlı kıyma"", ""1 adet orta boy soğan"", ""1 yemek kaşığı salça"", ""1 adet orta boy domates"", ""4 yemek kaşığı zeytinyağı""]","[""Kabakları yıkadıktan sonra, yüzeyine çatalla dikey çizikler atıp, ikiye kesiyoruz."", ""8 parça kabağı geniş bir tencereye dizip, üzerine bir bardak kaynar su döküp, kapağı örtüp 5 dakika pişiriyoruz."", ""Kabaklar suyu çekti ve biraz yumuşadı, onları fırınlayacağımız tepsiye alalım."", ""Şimdi iç harcı için, zeytinyağına minik doğranmış soğan ve sarımsakları ekleyip ağır ateşte 3-5 dakika kapağı kapatıp pişiriyoruz."", ""Kıymayı ilave edip, çeviriyoruz. Salçayı ekliyoruz, 2-3 dakika da öyle dursunlar."", ""Küp doğranmış domatesler, tuz, karabiber ilavesinin ardından yarım bardak su. 2-3 dakika da onlar dursun."", ""Tepsiye dizdiğimiz kabakların içini bıçak ya da çatal yardımıyla biraz oyalım. Kıymalı harcımızı kabaklara paylaştıralım."", ""Doğranmış maydanozlar ve en son rendelenmiş kaşarları da ekleyelim. 200 derece fırında kaşarlar eriyene kadar pişirelim. İşte bu kadar. Afiyet olsun.""]"
6f217c00-54af-464b-b9b7-b21c714e7bef,Yarma Pilavı,Turkey,Tereyağı ve kırmızı biberle harmanlanmış nefis yarma pilavı,Ye,"[""2 su bardağı yarma buğday"", ""2 yemek kaşığı tereyağı"", ""1 tatlı kaşığı kırmızı toz biber"", ""1-2 çay kaşığı tuz""]","[""Buğdayı (yarmayı) derin bir tencereye alın. İçine su ilave edin ve 40 dakika kadar kaynatın. Yumuşayınca süzün."", ""Tencereye yağı alarak eritin, toz biberi ve tuzu ekleyin."", ""Buğdayı da ilave ederek kısık ateşte beş dakika kadar pişirip, kapağı kapalı olarak demlendirin."", ""Yarma pilavı hazır, afiyet olsun.""]"
c3ec313f-aa90-406b-9385-537df4b6b790,Beyaz Unsuz Kek,Turkey,"Pratik ve lezzetli beyaz unsuz kek tarifi. Kolay malzemelerle hazırlanan bu kek, çay saatleri için ideal",Ye,"[""2 adet yumurta"", ""1 su bardağı süt"", ""1 su bardağı zeytinyağı"", ""1 su bardağı çavdar unu"", ""1/2 su bardağı keçiboynuzu özü"", ""2,5 yemek kaşığı keçiboynuzu unu"", ""1 paket kabartma tozu""]","[""Yumurtaları ve keçiboynuzu özünü çırpıyoruz."", ""Süt ve zeytinyağı ekledikten sonra keçiboynuzu unu, çavdar unu ve kabartma tozunu ekledikten sonra çırpmadan karıştırıyoruz."", ""170-180 derecede 45-50 dakika pişirilir (kontrollü pişirin). Afiyet olsun.""]"
f1ef37e6-fba5-456a-b060-b4e102120843,Fırında Kahvaltılık Mücver,Turkey,"Fırında kahvaltılık mücver, yumuşak içi ve çıtır dışı ile kahvaltı sofralarının vazgeçilmezi olacak",Ye,"[""3 adet yumurta"", ""1 çay bardağı sıvı yağ"", ""1 çay bardağı süt"", ""2 adet havuç"", ""3 adet kabak"", ""2 adet patates"", ""2 adet kuru soğan"", ""1 tatlı kaşığı tuz"", ""2 su bardağı un"", ""1 paket kabartma tozu"", ""1 tatlı kaşığı karabiber"", ""1 tatlı kaşığı pul biber""]","[""Öncelikle, kuru soğan hariç diğer sebzeler rendelenir."", ""Kuru soğan küp küp doğranır."", ""Maydanozlar ince ince doğranır."", ""Hazırlanan sebzeler derin bir kabın içine alınarak; yumurta, sıvı yağ, süt sırasıyla eklenir ve yoğurulur."", ""Un, kabartma tozu ve baharatlar eklenip, tekrar yoğrulduktan sonra altı yağlanmış orta boy bir tepsiye dökülür."", ""Önceden ısıtılmış 180 derece fırında alt üst iyice kızarana kadar pişirilir."", ""Fırından çıkardıktan sonra dilimlenerek servis edilir. Afiyet olsun.""]"
8dbbf5fb-b410-4c14-a9d8-e6f8b792ba24,Tavuklu Sebzeli Lazanya,Turkey,"Tavuk ve taze sebzelerle hazırlanan nefis lazanya, hem doyurucu hem de lezzetli bir ana yemek seçeneği",Ye,"[""10 adet lazanya"", ""500 gram tavuk göğsü"", ""2-3 yemek kaşığı zeytinyağı"", ""1 adet soğan"", ""1 adet havuç"", ""6-7 adet mantar"", ""1 adet kapya biber"", ""2 adet yeşil biber""]","[""İç harcı tavukları küp küp doğradım. Tavayı ısıtıp zeytinyağını ekleyip içine tavukları ekledim."", ""Tavuklar pişince tavaya biraz zeytinyağı ilave edip soğanları ekledim, yumuşayana kadar soteledim."", ""Son olarak havucu biberi ve mantarı da ekleyip yumuşayana kadar soteledim. Baharatları da ekleyip ocağın altını kapattım."", ""Başamel sosu için: tereyağı ile unu kavurdum. Sütü ve diğer malzemeleri ilave edip çırptım. Fokurdamaya başladıktan sonra 5 dakika kısık ateşte karıştırarak pişirdim."", ""Hazırlanışı için: En alt kata başamel yaydırıp lazanya yerleştirdim, üzerine tekrardan başamel sos gezdirip tavuk soteyi ekleyip kaşar serpiştirdim."", ""Diğer tüm katları da lazanya, başamel, tavuk sote ve kaşar rendesi şeklinde yaptım."", ""Son olarak en üstüne kaşar peyniri serpiştirip önceden ısınmış fırında 180 derece 25-30 dakika pişirdim. Afiyet olsun.""]"
a0d36873-3974-4a3e-86b1-994c812f102e,Mürdüm Eriği Suyu,Turkey,Yaz aylarının serinletici lezzeti mürdüm eriğinden hazırlanan ferahlatıcı ve doğal bir içecek,Ye,"[""1 kilogram mürdüm eriği"", ""1 su bardağı toz şeker"", ""1,5 litre su"", ""1 adet çubuk tarçın""]","[""Erikleri yıkayın, çekirdeklerini çıkarın ve bir tencereye alın."", ""Üstlerine şekeri ve suyu ekledikten sonra tarçın ve karanfili de koyup, şeker eriyene dek karıştırın."", ""Sonrasında da ocağın altını açın ve fazla karıştırmadan 25 dakika kadar kaynatın. Çok karıştırırsanız suyun rengi bulanabilir."", ""Kaynama süresinin sonunda bir süzgeçle erikleri, karanfilleri ve çubuk tarçını alın ve kalan erik suyunu soğumaya bırakın."", ""Soğuduktan sonra taze nane yaprakları ile servis edin. Afiyet olsun.""]"
cefd743a-e2df-40a2-ae47-600db122adb1,Midyeli Spagetti,Turkey,Deniz ürünlerinin lezzetini makarnayla birleştiren pratik ve lezzetli bir akşam yemeği,Ye,"[""200 gram spagetti makarna"", ""30 adet dondurulmuş midye"", ""1 adet küçük boy soğan"", ""1 adet orta boy domates"", ""2 adet chili biberi"", ""3 adet cherry domates"", ""1/2 adet limon"", ""5 yemek kaşığı zeytinyağı"", ""3 tatlı kaşığı tuz""]","[""2 ayrı tencerede su kaynatın."", ""Tencerenin birine 2 tatlı kaşık tuz atıp yarım limonu sıkın ve buzu çözülmüş midyelerinizi kaynayan suya atın 10 dakika haşlayın."", ""Diğer tencerenize 1 tatlı kaşığı tuz ekleyip spagettinizi haşlayın."", ""Bir tavaya 3 yemek kaşığı zeytinyağı koyun, sarımsakları ve limon kabuklarını koyun kısık ateşte yağın ısınmasını bekleyin."", ""Sarımsaklar hafif kavrulunca ince doğradığınız chili biberleri atın 5 dakika kadar kavurun ve 2 ya da 4 parçaya böldüğünüz cherry domatesleri atın."", ""Haşlanan midyelerinizi süzüp tavaya ekleyin bir kaç dakika soteleyin."", ""Haşlanan spagettiyi süzgeçe alın, makarna tenceresine 2 yemek kaşığı zeytinyağı ekleyin. soğanı kavurun ve rendelediğiniz domatesi ekleyip birkaç dakika pişirin."", ""Soğan ve domatesleri kavurduğunuz tencerenize tuz ve varsa istediğiniz baharatlardan koyun ve süzdüğünüz spagettiyi ekleyin, 2 dakika kadar altı kısık şekilde karıştırın."", ""tavada pişen sebzeli midyeleri tencerenize ekleyin güzelce karıştırıp altını kapatın"", ""Servis tabağınıza alın ve üzerine incecik doğradığınız maydanozları ekleyin.""]"
4ac130f0-1972-464b-b37a-e03b7f6f39e1,Borcamda Islak Kek,Turkey,Meyve soslu ve sütlü soslu ıslak kek tarifi. Borcamda pişirilen pratik ve lezzetli bir tatlı,Ye,"[""4 adet yumurta"", ""1 su bardağı toz şeker"", ""1 su bardağı süt"", ""1 çay bardağı sıvı yağ"", ""3 yemek kaşığı kakao"", ""1 paket kabartma tozu"", ""2 su bardağı un"", ""1/2 çay kaşığı tuz""]","[""Yumurtaları bir kaba kırın, üstüne toz şeker ve bir çimdik tuz ekledikten sonra, mikserle yaklaşık 5 dakika boyunca çırpın."", ""Ardından süt ve sıvın yağ ekleyip 30 saniye kadar daha çırpın."", ""Kakao, kabartma tozu ve unu da ekledikten sonra, bir spatula ile, alttan üste doğru, çok söndürmeden karıştırın ve yağladığınız bir fırın kabına hazırladığınız kek karışımını boşaltın."", ""Önceden ısıtılmış 170 derece fırında 25 dakika kadar pişmeye bırakın."", ""Kek pişerken üstü için gerekli olan sütü bir küçük sos tenceresine alın.İçine çikolataları kırın ve çikolatalar eriyene kadar ocakta karıştırın."", ""Kek piştikten sonra fırından alın ve dilimleyin."", ""Sonra da oda ısısına gelmiş olan sosu, kekin üstünü kaplayacak şekilde gezdirin."", ""Tamamen soğuduktan sonra bir süre de dolapta dinlendirin ve ardından servis edin. Afiyetler olsun!""]"
6ca64e52-8482-4d77-9a44-8be9270b7f0f,Kafes Köfte,Turkey,"Kafes şeklinde sunulan, lezzetli ve doyurucu bir köfte tarifi",Ye,"[""500 gram dana kıyma"", ""1 adet rendelenmiş soğan"", ""1 adet yumurta"", ""1 su bardağı galeta unu"", ""2 yemek kaşığı sıvı yağ"", ""4 yemek kaşığı su"", ""1,5 çay kaşığı tuz"", ""1 çay kaşığı karabiber"", ""1,5 çay kaşığı kimyon"", ""1 çay kaşığı toz kırmızı biber""]","[""Bir kasede kıyma, yumurta, rendelenmiş soğan, sarımsak, galeta unu, kıyılmış maydanoz, sıvı yağ, su, tuz, karabiber,kimyon ve toz kırmızı biberi karıştırıp güzelce yoğurun."", ""8 eşit parçaya bölün ve içlerine küp kesilmiş dil peynirlerinden birer küp koyup yuvarlak bir köfte haline getirin."", ""Köfteleri bir miktar yağ ile birlikte tavada pişirin. İçleri fırında da pişeceği için dış katmanının her tarafının piştiğine emin olduktan sonra ocaktan alıp pişirme kağıdı serili fırın tepsisine dizi"", ""Milföyleri serçe parmağı kalınlığında, şerit halinde kesin ve oda sıcaklığında yumuşadığından emin olun."", ""Milföy hamurlarını köftelerin üzerine önce artı, ardından X şeklinde olacak şekilde 4 adet şerit milföy hamuruyla kaplayın ve köftelerin alt kısmına doğru kıvırın."", ""Son olarak hamurların üzerlerine fırça yardımıyla yumurta sarısı sürüp çörek otu serpiştirdikten sonra 190 derece fanl fırında 15 dakika pişirin."", ""Bir kasede yoğurt, sarımsak, taze yeşillikler ve tuzu karıştırın. Servis edeceğiniz tabağın içerisine yayın. Köfteleri de üzerine oturtup, isteğe göre kırmızı toz biber serpiştirip servis edin. Afiyet""]"
7413caba-bc89-4437-8ff4-72f679626eca,Çıtır Susamlı Pastırmalı Tavuk,Turkey,Susamın çıtırlığı ve pastırmanın lezzetiyle buluşan enfes bir tavuk yemeği,Ye,"[""4 adet orta boy patates"", ""1 tepeleme yemek kaşığı tereyağı"", ""1,5 çay bardağı süt"", ""1 çay kaşığı tuz""]","[""Önce patatesleri güzelce yıkayın, soyun ve dörde bölün."", ""Tuzunu ilave edin ve üzerini geçecek kadar suyla haşlayın. Haşlandıktan sonra suyunu süzün."", ""Üzerine tereyağını ve sütü ilave edip güzelce, yumuşak bir kıvamı olana kadar ezin. (Tadını kontrol edin, tuz eksikse ekleyin.)"", ""Sosu için bir kaseye yumurtaları kırın, pekmezi ve tuzu alıp bir çırpıcıyla çırpın."", ""Sonra bir kaba tavukları alın ve tuzu ekleyip harmanlayın. Bir düz tabak alın, bir parçayı açın, içine 1.5 yaprak pastırma, bir dilim kaşar, fındık büyüklüğünde 2 parça tereyağı ekleyin."", ""Güzelce sarın, açılmasın diye 1 tane kürdanla sabitleyin. Sardığınız tavukları önce sosa sonra susama bulayın, tepsiye alın."", ""Tavuklar içi sulu ve güzel pişsin diye önce yağlı kağıdı üzerine kapatın. Sonra folyoyu kapatın ve önceden ısıtılmış fırında, 200 derecede ilk 45 dakika üstü kapalı sonra üstüaçık pişirin."", ""Üstü kızarınca 5 dakika alt üst yapın. Sosu her yerine bulaşsın. Pişirme süresi fırınınıza bağlı, kontrolünüz dahilinde pişirin. Afiyet olsun.""]"
dec693da-5e9e-491d-9f7f-1bea31994672,Pişmeyen Pasta,Turkey,"Pişmeyen pasta, kakaolu bisküvilerle hazırlanan pratik ve lezzetli bir tatlıdır",Tatlı,"[""1,5 paket kakaolu petibör bisküvi"", ""3-4 yemek kaşığı eritilmiş tereyağı"", ""1/2 su bardağı süt"", ""1 çay bardağı toz fındık (opsiyonel)""]","[""Bisküvileri ve toz fındığı rondodan geçirin geniş bir karıştırma kabına alın. Üzerine eritilmiş tereyağını ekleyin."", ""Sütü de ilave ederek, elinizle ya da kaşıkla iyice karıştırın."", ""Kelepçeli yuvarlak bir kalıbın tabanına pişirme kağıdı serin. Bisküvili karışımı ekleyin ve altı düz bir bardak yardımıyla sert bir şekilde, sıkıştırarak kalıbın tabanına yayın. Buzdolabında dinlenmey"", ""Toz pudingi 1 su bardağı süt ile toz krem şantiyi de aynı şekilde 1 su bardağı süt ile ayrı ayrı kaplarda çırpın ardından birleştirin. Bir kaşık veya spatula yardımıyla yavaş yavaş karıştırın. Krem şa"", ""Hindistan cevizini ilave ederek karıştırmaya devam edin."", ""Karışımı kelepçeli kalıba aktarın ve üzerini düzleyin."", ""Üzerini streçle kapattıktan sonra buzdolabında en az 3-4 saat mümkünse bir gece dinlendirin."", ""Buzdolabında dinlenen pastanın kenarlarını bir bıçak yardımıyla dikkatlice sıyırın ve kalıptan ayırın."", ""Üzerine bitter çikolata rendeleyerek servis edin. Afiyet olsun!""]"
44037efe-1493-4fb6-b3c7-041f1ca44459,Zerde Tatlısı,Turkey,"Osmanlı saray mutfağından kalma geleneksel bir tatlı olan zerde, pirinç ve safran ile hazırlanan özel bir lezzettir",Tatlı,"[""1 çay bardağı pirinç"", ""1,5 litre su"", ""1 su bardağı şeker"", ""2 yemek kaşığı nişasta"", ""4 yemek kaşığı gül suyu"", ""1/2 çay kaşığı safran"", ""1 çay kaşığı zerdeçal"", ""2 yemek kaşığı kuş üzümü"", ""1 yemek kaşığı dolmalık fıstık""]","[""Safranın üzerine az miktarda sıcak su ekleyip bekletin."", ""Pirinci yıkayıp süzün ve su ile yumuşayana kadar pişirin."", ""Yumuşayan pirinçlere şeker, zerdeçal ve safranı ekleyin."", ""Nişastayı soğuk su ile açıp kaynayan karışıma ekleyin ve karıştırın."", ""Son olarak gül suyu, ıslatılmış kuş üzümü ve fıstığı ekleyip koyulaşmasını bekleyin."", ""Tatlıyı kaplara alıp soğutun ve dilerseniz kuş üzümü ve fıstık ile süsleyebilirsiniz. Afiyet olsun.""]"
a7bfb0bf-1c40-4340-97ff-be28ea7b9c49,Muhallebili Orman Meyveli Tatlı,Turkey,"Muhallebili orman meyveli tatlı, kremsi muhallebi ve taze orman meyvelerinin mükemmel uyumunu sunan hafif ve lezzetli bir tatlıdır",Tatlı,"[""1 litre süt"", ""1 adet yumurta sarısı"", ""2 yemek kaşığı un"", ""2 yemek kaşığı mısır nişastası"", ""1 su bardağı toz şeker"", ""1 adet sıvı krema (veya 1 paket kaymak da kullanabilirsiniz)""]","[""Bir tencereye süt, toz şeker, yumurta sarısı, un, nişasta ve kaymağı alıp kısık ateşte koyulaşana kadar karıştıralım."", ""Ayrı bir bir tencereye orman meyvelerini, suyu ve nişastayı ekleyip hafif koyulaşana kadar karıştıralım."", ""Bu tarif ile 6-8 bardak çıkıyor. Her bardağın yarısını muhallebi ile dolduralım. Üzerine rondodan geçirdiğiniz herhangi bir bisküvi tozu ekleyelim. Onun üzerine tekrar muhallebi ekleyelim."", ""Son olarak hazırladığımız orman meyveli sosu ekleyelim ve buzdolabında 3-4 saat dinlenmeye bırakalım.""]"
7a026edc-8351-4387-a35e-88cb319ff1ab,Kolay Fırında Sütlaç,Turkey,"Fırında pişirilen pratik sütlaç tarifi. Üzeri kırmızılaşmış, içi yumuşacık lezzet",Tatlı,"[""1 litre süt"", ""1 çay bardağı pirinç"", ""2 su bardağı su"", ""1 su bardağı şeker"", ""1 paket vanilya"", ""2,5 yemek kaşığı nişasta""]","[""Pirinçleri yıkayıp tencereye alalım. Üzerine iki su bardağı suyu ekleyip pirinçler suyunu çekip pişene kadar pişirelim."", ""Suyunu tamamen çeken pirinçlerin üzerine sütü ilave edelim."", ""Ardından toz şeker ve vanilyayı da ekleyip karıştırarak pişirelim."", ""Ayrı bir kapta buğday nişastasını 2-3 yemek kaşığı süt veya suyla açalım."", ""Kaynamaya başlayan sütün üzerine ince ince dökelim. O sırada karıştırmaya devam edelim ki topaklanmasın."", ""Sütlacımızı 5-10 dakika kaynadıktan sonra ocaktan alalım. Isıya dayanıklı kaselere boşaltalım. Kaseleri fırın tepsisine dizelim ve kaselerin yarısına gelecek şekilde su ekleyelim."", ""Önceden 200 derecede ısıttığımız fırının üst gözüne koyalım. (sadece üst pişirme açık olsun) Üzerleri kızarınca fırından alalım. Afiyet olsun.""]"
ed262f14-c61f-46ec-bf09-735fe7d61f90,Çikolatalı Deniz Tuzlu Tart,Turkey,"Tereyağlı hamuruyla çıtırlaşan, kakao aromalı ve deniz tuzuyla zenginleşmiş çikolatalı tart",Tatlı,"[""2 su bardağı un"", ""2 yemek kaşığı kakao"", ""180 gram tereyağı (soğuk)"", ""1/2 su bardağı şeker"", ""1 adet yumurta""]","[""Unu ve kakaoyu bir kaba eleyin."", ""Tereyağını parmak uçlarınızla una ve kakaoya yedirin. Diğer malzemeleri ilave edin ve katlayarak yoğurun."", ""Tüm malzeme birbirine karışınca steç filme sarın ve buzdolabında 30 dk dinlendirin."", ""Fırını 165 dereceye ayarlayın."", ""Dinlenen hamuru iki yağlı kağıt arasında inceltin. Minik tart kalıplarınızı yağlayın ve unlayın."", ""Bıçak yardımıyla kalıbızdan 2 parmak büyüklüğünde daireler çıkarın ve tart kalıbınıza yerleştirin."", ""Tart hamurunun üzerine yağlı kağıt üzerine pişirme ağırlıkları (nohut, fasulye vs) yerleştirin ve fırında 10 dakika pişirin."", ""10 dakikanın sonunda ağırlıkları alın ve 10 dakika daha pişirin. Bu aşamadan sonra kalıptan iyice soğuduğuna emin olduktan sonra çıkartarak dinlendirin.""]"
47e307ec-87bb-4e9e-81e5-9d55718b0e44,"Havuçlu, Yoğurt Soslu Kabak Salatası",Turkey,Taze kabakların ferahlatıcı yoğurt sosuyla buluştuğu hafif ve lezzetli bir salata,Salata,"[""3 adet kabak"", ""1 çay kaşığı tuz"", ""1,5 su bardağı süzme yoğurt"", ""1/2 çay kaşığı tuz"", ""1 adet limonun suyu"", ""1/4 çay bardağı zeytinyağı""]","[""Kabakları Vestel Multi Blender dilimleyici aparatı ile dilimleyin ve tuzlayıp sebze kurutucuda bekletin."", ""Havuçları Vestel Multi Blender rende aparatı ile rendeleyin."", ""Sos malzemelerinin hepsini birleştirin ve blenderden geçirin."", ""Salatanın üzeri için bir tavaya zeytinyağını, iri dövülmüş cevizi, rendelenmiş havuçları ve baharatları koyup 5-10 dakika kısık ateşte pişirin."", ""Sebze kurutucuda bekleyen kabakların suyu çıkana kadar kurutucudan geçirin."", ""Kabakları derin bir kaseye alın ve yoğurtlu sosla harmanlayın."", ""Soslanmış kabakları servis kasesine alın ve üzerini cevizli havuçla kaplayıp soğuk olarak servis edin. Afiyet olsun.""]"
9cdd76ca-3c4c-4e0e-88ea-fdb65b02b5c2,Klasik Sütlaç,Turkey,"Geleneksel lezzetiyle damakları şenlendiren, kıvamı ve tadıyla dillere destan sütlaç tarifi",Tatlı,"[""4 su bardağı süt"", ""1/2 su bardağı pirinç"", ""1 su bardağı su"", ""1 su bardağı toz şeker"", ""1 yemek kaşığı nişasta"", ""1 paket vanilya"", ""1 tatlı kaşığı tarçın""]","[""Öncelikle pirinçleri yıkayıp süzün. Ardından tencereye alarak bir su bardağı suyu ekleyin ve pirinçler suyunu çekinceye kadar pişirin."", ""Daha sonra 1 çay bardağı süt içerisine nişastayı ekleyerek çözünmesini sağlayın. Kalan süt ve toz şekeri de bir kabın içerisinde karıştırın."", ""Hazırladığınız nişastalı sütü ve şekerli süt karışımını pirincin üzerine ilave ederek kısık ateşte sürekli karıştırarak pişirin."", ""Kıvamı koyulaşmaya başlayıp, üzeri göz göz olduğunda tatlıyı ocaktan alın. Karışımın içerisine vanilyayı ekleyip karıştırın."", ""Son olarak kaselere paylaştırın. Oda sıcaklığına gelince buzdolabına koyarak muhafaza edin ve isteğe göre fındık, tarçın vb. ile servis edin. Afiyet olsun.""]"
f0552ff9-a12f-4872-88c9-6171a7e8d7df,Fındıklı İrmik Tatlısı,Turkey,"Fındıklı irmik tatlısı, çıtır fındık parçacıklarıyla harmanlanmış, yumuşacık dokusuyla damakları çiğnemeden eriten geleneksel bir lezzettir",Tatlı,"[""1 adet yumurta"", ""1/2 su bardağı sıvı yağ"", ""1/2 su bardağı yoğurt"", ""1/2 su bardağı irmik"", ""1/2 su bardağı fındık"", ""1,5 su bardağı un"", ""1 paket kabartma tozu"", ""1 paket şekerli vanilin""]","[""Şeker ve su tencereye alınır bir tur karıştırılır ve kaynaması beklenir."", ""Kaynadıktan sonra 1 dilim limon eklenerek kısa bir süre daha kaynatılır ve soğumaya bırakılır."", ""Hamuru için sıvı malzemeler ve irmik bir kaba alarak karıştırılır. Homojen bir görüntü alması sağlanır."", ""Un üç parça halinde eklenerek yoğurulmaya başlanır.( İlk parçada kabartma tozu ve şekerli vanilin eklenir.)"", ""Fırın 180 dereceye ayarlanır."", ""Tepsiye yağlı kağıt serilerek hamurdan beze beze alınarak şekli verilir -tercihen görseldeki şekil- ve tepsiye -çok yakın olmayacak şekilde- yerleştirilir."", ""30-35 dakika kontrollü pişirilir."", ""Piştikten sonra ilk sıcağı alınır ve derin bir borcama koyulup şerbet dökülür. Şerbet çekene kadar -1 saat- beklenir."", ""İstenilen şekilde servis edilir."", ""Püf noktaları okumayı unutmayın. Şimdiden afiyet olsun <3""]"
b4c79996-6002-4ec1-940d-52da07c3d59c,Büfe Usulü Islak Hamburger,Turkey,"Büfe usulü hazırlanan, lezzetli sosuyla damak çatlatan ıslak hamburger tarifi",Ana Yemek,"[""500 gram kıyma"", ""1 adet rendelenmiş soğan"", ""1 adet yumurta"", ""1 çay kaşığı tuz"", ""1 çay kaşığı kimyon"", ""1 çay kaşığı karabiber""]","[""Köfte için bütün malzemeleri bir araya getirip yoğurun."", ""Hamburger köftesi formunda şekil verin, pişince küçüleceğini hesaba katarak biraz daha büyük yapabilirsiniz."", ""Köfteleri yağda önlü arkalı kızartın."", ""Zeytinyağı ve sarımsağı sos tenceresinde kavurun."", ""Salçayı da ilave ederek kavurmaya devam edin."", ""Ardından diğer malzemeleri de ekleyip ilk fokurdamada altını kapatın."", ""Yağlı kağıdı ıslatın ve tencereye yerleştirin. Ekmeğin tabanını sosun içine batırıp maşa yardımıyla çıkarın,tencereye yerleştirin. Üstüne de köfteyi koyun. Aynı işlemi ekmeğin diğer parçası içinde yap""]"
8edbfd47-e251-477c-b2ef-fcb9368794bf,Dürümlük Lavaş,Turkey,"Evde kolayca yapabileceğiniz, nefis dürümlere uygun yumuşak lavaş tarifi",Ana Yemek,"[""3 su bardağı un (350 gram)"", ""1 su bardağı su (190 ml)"", ""1 tatlı kaşığı tuz (6 gram)"", ""1/2 paket kabartma tozu (6 gram)"", ""1,5 yemek kaşığı tuzsuz tereyağı (30 gram)""]","[""Yoğurma kabına unu ve kabartma tozunu eleyerek ekleyin. Tuzu ve tereyağını ekleyin. Tereyağını unun içinde elinizle parçalayarak yedirin."", ""Bu işlemi tamamladıktan sonra suyu ekleyin karıştırarak hamur haline getirin. Hamuru 5 dakika kadar yoğurduktan sonra 7 eşit parçaya bölün."", ""Her beze ortalama 80-82 gram aralığında olacaktır. Bezeleri un serpilmiş bir kaba alıp dinlendirin."", ""1 gün boyunca buzdolabında da bekletebilirsiniz. Aceleniz var ise, yarım saat oda sıcaklığında bekletip kullanabilirsiniz."", ""Hamurları merdane veya oklava yardımı ile tavanızın büyüklüğüne göre açın. Yüksek ateşte 1 dakika içinde iki tarafını da pişirin. Afiyet olsun.""]"
ca351838-1b06-43ee-9746-8f0098a43dfa,Tatlı Atıştırmalık Tarifleri,Turkey,Lezzetli tatlı atıştırmalıklar hazırlamanın en pratik yolu. Bu tariflerle hem kendinizi hem de sevdiklerinizi şımartabilirsiniz,Tatlı,"[""Etimek Tatlısı Tarifi"", ""Damla Çikolatalı Kurabiye"", ""Tatlı Tarifleri Spoonful Mozaik Pasta Çikolatalı Sufle İrmik Helvası Fırın Sütlaç Profiterol Revani Magnolia"", ""Kahvaltılık Tarifler Pancake Krep Pişi Kuymak Kaygana Kahvaltılık Sos Menemen Muhlama Yumurtalı Ekmek Omlet"", ""Omlet""]","[""Tatlı atıştırmalık tarifleri ile tarif defterinize çayın/kahvenin yanında ikram edebileceğiniz yepyeni ve pratik lezzetler ekleyebilirsiniz. Kekli truffle, cezerye, ballı patlamış mısır, çikolata topl"", ""Bayatlayan kekleri çöpe atmadan önce iki kere düşünmenize neden olacak nefis mi nefis bir tarifimiz var. Bayat kekleri alıyor ve hemen her evde bulunan malzemelerle birleştiriyor ve nefis truffle'lar"", ""Her gün yemek yapıyor olmanın belki de en zor noktası hangi yemeği yapacağını uzun uzun düşünmek, evdeki malzemelere de uygun olarak \""Bugün ne pişirsem?\"" derdine çare aramaktır. Akşama ne pişirsem der""]"
4d8cb1cb-aa7f-4939-9f24-d71d398ee549,Tam Ölçülü Limonlu Cheesecake,Turkey,"Tıpkı restoranda yediğiniz gibi, mükemmel kıvamda ve ferahlatıcı limonlu cheesecake tarifi",Ana Yemek,"[""2 paket yulaflı bisküvi"", ""100 gram tereyağı"", ""600 gram labne peyniri"", ""1 su bardağı (bir parmak eksik) şeker"", ""3 adet yumurta"", ""3 yemek kaşığı (tepeleme) nişasta"", ""1 paket vanilya""]","[""Öncelikle tüm malzemeler oda ısısında olmalı. Labneyi bir süzgece alıp suyunu süzdürelim. Kelepçeli kalıbın tabanına yağlı kağıt serelim. Dışını da alüminyum folyo ile kaplayalım."", ""Bisküviyi rondodan geçirelim ve tavada erittiğimiz tereyağı ile karıştırıp kalıbımızın tabanına serelim. Bardak altı ile bastıralım. Peynirli harcı hazırlayana kadar kalıbı buzluğa koyup bekletelim."", ""Süzülen labneyi çırpma kabına alıp şeker ekleyelim mikser kullanmak yok! Çırpıcı ile karıştıralım. Nişastayı ekleyelim, karıştıralım. Kremayı ekleyip karıştıralım. Yumurtaları teker teker ekleyip yava"", ""Vanilyayı da ekleyip tekrar çırpıcı ile karıştıralım ve buzluktaki kalıbı çıkarıp harcı içine dökelim. Kabarcık kalmaması için 1-2 kez tezgaha vurup içinde kürdan gezdirelim."", ""Bir borcama su koyup fırının en altına koyalım ve cheesecake’i önceden ısıtılmış 150 derecede 55-60 dakika pişirelim. Sallayınca ortası hafifçe oynayıp kenarları sabit duruyorsa olmuş demektir."", ""Isı değişikliğine maruz kalıp çatlamaması için fırından cheesecake’i çıkarmayalım. 1 saat fırının kapağı hafif aralık olarak içinde bekletelim. Sonra fırından çıkarıp 1 saat de oda ısısında soğutalım."", ""İyice soğuduğunda limonlu sosunu yapalım. Sos için bir tavaya tüm malzemeleri koyup karıştırarak pişirelim. İlk sıcaklığı çıkar çıkmaz cheesecake üzerine döküp yayalım. Buzdolabına koyup 1 gece dinlen""]"
5d9ce4ca-23c2-4c82-aef9-713bd3c6d29e,Tuzlu Mini Krakerler,Turkey,"Ev yapımı tuzlu mini krakerler, çay saatlerinin vazgeçilmezi olacak. Kolay hazırlanan bu krakerler hem lezzetli hem de pratik bir atıştırmalık",Ana Yemek,"[""1 adet yumurta akı"", ""1/2 su bardağı yoğurt"", ""1 yemek kaşığı zeytinyağı"", ""50 gram tereyağı"", ""1 yemek kaşığı sirke"", ""1 çay kaşığı karbonat"", ""2 su bardağı tam buğday unu"", ""2 çay kaşığı tuz"", ""1 yemek kaşığı susam (arzuya göre ayçekirdeği, çörek otu, keten tohumu, chia tohumu, haşhaş vs)""]","[""Yumurta akı, yoğurt, tereyağı ve zeytinyağını bir kapta karıştır."", ""Sirke, karbonat, tohumlar ve arzuya göre baharatları ekleyip karıştır."", ""Unu azar azar ekle. İki yağlı kağıt arasında aç ve kare kes."", ""Önceden ısıtılmış 180 derece fırında 30 dakika pişir. Afiyet olsun.""]"
c4a9af8c-3a30-4f0d-94fc-e6ca93772e86,Çilek Soslu Manolya Tatlısı,Turkey,"Çilek sosunun ferahlığıyla buluşan, yulaflı bisküvilerle hazırlanan hafif ve lezzetli bir tatlı",Tatlı,"[""2 paket yulaflı bisküvi"", ""1 litre süt"", ""1 su bardağı toz şeker"", ""2 adet yumurta sarısı"", ""2 yemek kaşığı (tepeleme) un"", ""1 paket vanilya"", ""25-30 adet çilek (sos için)"", ""1 yemek kaşığı şeker (sos için)""]","[""Önce çileklerı güzelce yıkayıp temizleyelim, sonra blenderdan cçkelim. İçerisinde hiç tane kalmadığından emin olun."", ""Tencereye 1 yemek kaşığı şekerı ekleyip çileklerle biraz pişirelim."", ""Baska tencerede muhallebiyi hazırlayalım. Sıvı krema ve vanilin hariç tüm malzemeleri ekleyelim ve iyice karıştıralım, kısık ateşte kıvam alana kadar pişirelim."", ""Ocağın altını kapatınca vanilini ekleyelim. Oda sıcaklığına gelince sıvı kremayı ekleyelim."", ""Bisküvileri blenderdan gecirelim. Kuplara muhallebi ekleyip üzerine bisküvi, onun üzerine de muhallebi ve en üste de çilek sostan ekleyelim. Bütün kuplara aynı işlemi yapın ve dilediğiniz gibi süsley"", ""Buzdolabında mutlaka 3-4 saat dinlendirin.""]"
e0f021f3-4730-4b0f-aea8-9758df566630,Vogue Tatlısı,Turkey,"Pratik ve lezzetli Vogue Tatlısı, krem şanti ve bebe bisküvisi ile hazırlanan ferahlatıcı bir tatlıdır",Tatlı,"[""2 paket krem şanti"", ""1 su bardağı soğuk süt"", ""1 paket bebe bisküvisi"", ""3 adet muz""]","[""Soğuk süt ile toz krem şantiyi bir mikser yardımı ile güzelce çırpın ve soğuması için dolaba kaldırın."", ""Ilık sütün içine kahveyi koyun ve kahve eriyene dek karıştırın."", ""Bebe bisküvilerini kahveye batırın ve servis kasesinin tabanına 3 adet bisküvi yerleştirin."", ""Muzları verev şeklinde dilimleyin. Servis kasesinin iç çeperine muzları dizin."", ""Üzerine dolapta soğumuş olan krem şantiden bir tepeleme yemek kaşığı dökün ve üstüne tekrar kahveli sütte ıslatılmış 3 adet bisküvi koyun. Üzerine tekrar 1 kaşık krem şanti koyun."", ""Çikolataları tereyağı ile birlikte benmari usulü eritin ve çikolatalar eridikten sonra içine 2 kaşık süt koyup karıştırarak özdeşleştirin."", ""Hazırladığınız kaselerin en üstüne birer kaşık çikolatalı karışımdan gezdirin. Üstlerini antep fıstığı ile süsleyin ve servis edin. Afiyetler olsun!""]"
84c3d3f1-93b3-4db8-9c1a-018e4cfcaa5b,Yumuşak Kek,Turkey,"Lezzetli ve hafif dokulu yumuşak kek, çay saatlerinin vazgeçilmezi",Tatlı,"[""3 adet yumurta"", ""1 su bardağı toz şeker"", ""1 su bardağı süt"", ""1 su bardağı sıvı yağ"", ""2,5 su bardağı un"", ""1 paket vanilin"", ""1 paket kabartma tozu""]","[""Yumurta ve şekeri kıvam alana kadar çırpın."", ""Üzerine sıvı malzemeleri ekleyerek çırpmaya devam edin."", ""Ardından eleyerek kuru malzemeleri ekleyip, el çırpıcısı ile nazikçe çırpın."", ""Yağlanmış kalıba aktarın ve 180 dereceye ayarlı, önceden ısıtılmış fırında kızarana kadar pişirin.""]"
e040c01c-7d26-465a-b759-014bf21c8520,Mevsim Salatası,Turkey,"Taze ve renkli malzemelerle hazırlanan bu mevsim salatası, sofranıza ferahlık katacak",Salata,"[""1/2 adet göbek marul (ince doğranmış)"", ""1/2 adet mor lahana (ince doğranmış)"", ""2 adet havuç (rendelenmiş)"", ""2 yemek kaşığı zeytinyağı"", ""1 çay kaşığı tuz"", ""1 çay kaşığı karabiber"", ""1 çay kaşığı nar ekşisi"", ""1 çay kaşığı balzamik sirke (üzüm sirkesi de olur)"", ""1 tatlı kaşığı limon suyu""]","[""Mor lahanayı derin bir kaseye ekleyin."", ""Üzerine havuçları ilave edin."", ""Üzerine göbek marulu ilave edin."", ""Üzerine maydanozu ilave edin."", ""Sos için; zeytinyağı, nar ekşisi, limon suyu, sirke, tuz ve karabiberi bir kasede karıştırın."", ""Karıştırdığınız salataya ekleyin ve harmanlayın."", ""Mevsim salatası hazır. Afiyet olsun!""]"
35efc3e0-8558-4a60-87b9-e2dff9350747,Rafine Şekersiz Tahinli Kek,Turkey,"Sağlıklı ve doyurucu, rafine şekersiz tahinli kek tarifi. Tam buğday unu, üzüm pekmezi ve tahin ile hazırlanan bu kek, hem lezzetli hem de besleyici bir atıştırmalık seçeneği",Tatlı,"[""2 su bardağı tam buğday unu"", ""2 adet yumurta"", ""1 çay bardağı üzüm pekmezi"", ""1 çay bardağı tahin"", ""1 su bardağı (bir parmak eksik) süt"", ""1 paket kabartma tozu"", ""1 paket vanilya""]","[""Öncelikle yumurta ve pekmezi köpürene kadar çırpıcı yardımıyla çırpalım."", ""Sonra içerisine süt ve tahini ekleyip, homojen olarak karıştıralım."", ""Daha sonra tam buğday unu, kabartma tozu ve vanilya ekleyip homojen olarak karıştıralım."", ""Kek hamurunu eşit şekilde 12 bölmeli silikon kek kalıplarımıza bölüştürelim. (Dilerseniz siz normal kek kalıbı kullanabilirsiniz.)"", ""180 derece fırında yaklaşık 35 dakika kontrollü olarak pişirelim."", ""Pişen kekimizi kenara alalım. Kekimiz dinlenirken biz çikolata sosumuzu hazırlayalım."", ""Tereyağını kısık ateşte pişirelim. Kakaoyu ekleyip iyice karıştıralım. Pürüzsüz hale geldiğinde sütü ve suyu ekleyip güzelce çırpalım."", ""Daha sonra ateşten alalım. Balı ekleyip karıştıralım. Afiyet olsun.""]"
3997580f-05d8-4788-a975-2591c09b4981,Şapkalı Köfte,Turkey,"Şapkalı köfte, özel sosuyla sunulan lezzetli ve doyurucu bir köfte tarifidir",Et Yemekleri,"[""1 adet rendelenmiş soğan (suyunu sıkıp kenara ayırın)"", ""650 gram dana kıyma"", ""1 adet yumurta"", ""4 yemek kaşığı ekmek kırıntısı"", ""1 adet soğanın suyu"", ""3 yemek kaşığı barbekü sos"", ""1 çay kaşığı tuz"", ""1 çay kaşığı kimyon""]","[""Tatlı patateslerin kabuklarını soyup küp doğrayın ve yumuşayana kadar haşlayın."", ""Köfteyi hazırlamak için; bir tavada sıvı yağını kızdırın ve rendelenmiş soğan ve sarımsağı soteleyin. Ocaktan alıp soğumaya bırakın."", ""Geniş bir kapta kıymayı, yumurtayı, sotelediğiniz soğan ve sarımsağı, ekmek kırıntılarını, soğanın suyunu, barbekü sosunu, tuz, karabiber, kimyon ve taze kekiği birleştirip, tüm malzemeler birbirine k"", ""Muffin kalıbını sıvı yap ile yağlayın ve fırını 180 dereceye ayarlayın."", ""Hazırladığınız kıymalı harçtan parçalar alın ve yuvarlayıp muffin kalıbını tam dolduracak şekilde yerleştirin."", ""Köfteleri ısınmış olan fırında yaklaşık 20 dakika pişirin."", ""Haşlanmış ve hafif ılık olan tatlı patateslere yumurta, krema, rendelenmiş parmesan peyniri, tuz ve karabiber ekleyin ve pürüzsüz bir kıvam alana kadar blenderdan geçirin. Hazırlamış olduğunuz tatlı p"", ""20 dakika sonunda pişen köfteleri fırından çıkarın ve hazırladığınız tatlı patates püresinden köftelerin üzerine şekil vererek sıkın."", ""Bu şekilde fırında 15 dakika daha pişirin."", ""Şapkalı köfteleri servis tabağına alın. Üzerine barbekü sos ve taze kekik yaprakları serpiştirerek servis edin.""]"
cc1697fb-07c7-4aff-99c7-b162869269ce,Çikolatalı Yulaflı Kurabiye,Turkey,"Lezzetli çikolatalı yulaflı kurabiye tarifi, pratik ve sağlıklı atıştırmalık arayanlar için ideal",Tatlı,"[""1 adet yumurta"", ""12 silme yemek kaşığı yulaf"", ""1,5 yemek kaşığı süt"", ""1 yemek kaşığı çikolata kreması"", ""4 silme yemek kaşığı Hindistan cevizi tozu""]","[""Bütün malzemeleri karıştırıp bir hamur elde edin."", ""Hazırladığınız hamura şekil verin."", ""İsteğe bağlı olarak üstlerini Hindistan cevizi tozu, susam veya cevizle süsleyin."", ""Önceden ısıtılmış 280 derece fırında 10-12 dakika pişirin. Afiyet olsun.""]"
18239dd5-6c7c-4232-9807-ab1e43a821b0,Tahinli Cevizli Kurabiye,Turkey,"Tahin ve cevizin muhteşem uyumuyla hazırlanan, çay saatlerinin vazgeçilmezi lezzetli kurabiye",Tatlı,"[""125 gram tereyağı ya da margarin"", ""1/2 su bardağı şeker"", ""1/2 su bardağı tahin"", ""1/2 su bardağı ceviz içi (iri parça lanmış)"", ""1 adet yumurta (sarısı içine akı üstüne)"", ""1 paket vanilya"", ""1/2 çay kaşığı karbonat"", ""1,5 su bardağı un""]","[""Tereyağı ve şekeri çırpınız. Şeker eridikten sonra un hariç diğer malzemeleri karıştırınız."", ""Unu da karışıma ekleyip hamuru toparlayınız."", ""Hamurdan ceviz büyüklüğünde parçalar alıp yuvarlayıp önce yumurta akına sonra cevize batırıp tepsiye diziniz."", ""180 derecede yaklaşık 15 dakika pişiriniz. Afiyet olsun.""]"
06f2191b-9bf0-4c43-879f-ff9a043004e2,Kabaklı ve Pırasalı Kiş,Turkey,"Lezzetli kabak ve pırasa dolgulu, çıtır çıtır bir hamur ile hazırlanan harika bir kiş tarifi",Sebze Yemekleri,"[""1,5 su bardağı un"", ""6 yemek kaşığı tereyağ (soğuk ve küp küp kesilmiş)"", ""4 yemek kaşığı soğuk su (buz gibi)"", ""1/2 çay kaşığı tuz (azaltıp arttırılabilir)""]","[""Unu mikserin haznesine eleyin. Tuzu da ekleyin"", ""Küp küp kestiğiniz soğuk tereyağını da hazneye koyup, mikseri çalıştırın."", ""Hamur topaklanmaya başlayınca, kaşık kaşık soğuk sudan ekleyin."", ""Hamur toparlanmaya başladığı zaman mikseri durdurun hamuru alın ve sıkıştırın."", ""Streç filmle sarıp, buzdolabında en az 30 dakika dinlendirin."", ""Bu arada kabakları ince dilimler halinde kesin, pırasa ve kekiği ince ince kıyın."", ""Tereyağını eritin, zeytinyağını da ekleyin ve pırasaları sotelemeye başlayın. 2-3 dakika soteledikten sonra dilimlenmiş kabakları ekleyin."", ""3-4 dakika daha soteledikten sonra ocaktan alın ve soğumaya bırakın."", ""Fırını 220 derecede ısıtın."", ""Hamuru buzdolabında çıkarın. Tart kalıplarının boyununa göre parçalara ayırıp açın."", ""Açılan hamurları yağlanmış kalıplara yerleştirin ve bir çatal yardımıyla delikler açın."", ""Hamurların kabarmaması için üzerlerine bakliyatlar atıp fırına verip 12 dakika pişirin."", ""12 dakika sonra bakliyatları alın ve 15 dakika daha pişirin. Hafif altın rengi olmaları gerekiyor."", ""Soğuyan sebze karışımını yumurta, krema ve rendelenmiş peynir ile karıştırıp, altın rengi olan kiş hamurlarının üzerine bölüştürün."", ""Aynı sıcaklıkta 25 dakika daha fırınlayın.""]"
11cf8c85-d460-45ed-a77c-8a57291c3690,Damla Sakızlı Kurabiye,Turkey,"Damla sakızlı kurabiye, damla sakızının kendine has aromasıyla çay saatlerinin vazgeçilmez lezzetidir",Tatlı,"[""2 su bardağı un"", ""125 gram tereyağı veya margarin"", ""1 çay bardağı pudra şekeri"", ""1 çay bardağı nişasta"", ""1/2 çay bardağı sıvı yağ"", ""1 çay kaşığı damla sakızı"", ""1/2 paket kabartma tozu""]","[""Yoğurma kabına yağ ve pudra şekerini koyup karıştıralım."", ""Nişasta, damla sakızı, kabartma tozu ve unu kontrollü bir şekilde koyarak ele yapışmayan yumuşak hamur yoğuralım."", ""Minik yuvarlaklar yapalım. Yağlı kağıt serilmiş tepsiye dizelim."", ""180 derecede ısıtılmış fırında 15 dakika (kontrollü olarak) hafif renk alana kadar pişirelim. Afiyet olsun.""]"
f48b2a7b-ea7e-487a-a3d8-e4b0e695f4b4,Zeytinyağlı Biber Dolması,Turkey,"Zeytinyağının lezzetiyle buluşan, geleneksel ve doyurucu bir Türk mutfağı klasiği",Sebze Yemekleri,"[""15 adet dolmalık biber"", ""1 su bardağı zeytinyağı"", ""6 adet soğan (Büyük boy)"", ""3 su bardağı pirinç (Nişastası gidene kadar yıkanmış)"", ""1 çay kaşığı tuz"", ""1 yemek kaşığı yenibahar"", ""2 çay kaşığı tarçın"", ""2 çay kaşığı (silme) karabiber"", ""2 yemek kaşığı kuru nane"", ""2,5 yemek kaşığı toz şeker"", ""3 su bardağı su""]","[""Zeytinyağını bir tencereye alın ve soğanları kavurun. Pirinçleri nişastası gidene kadar yıkayın. Soğanlar kavrulduktan sonra pirinci ekleyin ve kavurun."", ""Ardından tuz, karabiber ve toz şekeri ekleyip iyice karıştırın. Suyunu ilave edip pişirin ve demlenmeye bırakın."", ""Pilav demlendikten sonra içine yenibahar, nane ve tarçın ekleyip, karıştırın. Tuz ve şekeri az geldiyse ilave edebilirsiniz. Dolmalık biberlerin saplı kısımlarını kesin ve iç çekirdeklerini çıkartın."", ""Hazırladığınız dolmalarınızı derin bir tencereye yerleştirin. Üzerine yarım su bardağı zeytinyağı gezdirin ve dolmaların yarısına kadar su ilave edip orta ateşte biberler yumuşayana kadar pişirin.""]"
0f3bcfc5-f2e7-4162-be10-1641c51aacb5,Çilekli Cheesecake,Turkey,"Taze çileklerle zenginleştirilmiş, kremsi ve lezzetli bir cheesecake tarifi",Ana Yemek,"[""2 adet yumurta"", ""600 gram labne peyniri"", ""1 paket krema (200 ml)"", ""1 su bardağı şeker"", ""1,5 yemek kaşığı nişasta"", ""1 yemek kaşığı un"", ""1 paket vanilya""]","[""Bisküviler rondodan geçirilip eritilen tereyağı eklenir ve yağlı kağıt serilmiş kelepçeli kalıba yayılarak buzdolabında dinlenmeye bırakılır."", ""Labne ve krema mikserle 1 dakika kadar çırpılır. Şeker eklenip yumurtalar teker teker kırılarak çok hafif karıştırılır."", ""Un ve nişasta eklenerek, spatula yardımıyla çok az karıştırılıp, buzdolabından çıkarttığımız bisküvilerin üzerine dökülür."", ""Fırına su dolu bir kap konur ve cheesecake 180 derecede üzeri çok az pembeleşene kadar pişirilir. Kenarlar sabit, ortası hafif sallanıyor olacak."", ""Fırını kapattıktan sonra, cheesecake'i içinden çıkartmadan fırının ağzı hafif açık kalacak şekilde soğumaya bırakalım.""]"
c05861d7-dd46-48c1-ac1c-6b262a6c8ba3,Arroz Con Leche,Turkey,"Geleneksel Latin tatlısı olan bu sütlaç, tarçınlı aromasıyla sizi büyüleyecek",Ana Yemek,"[""1 çay bardağı pirinç"", ""2,5 su bardağı su"", ""1 adet çubuk tarçın"", ""2,5 su bardağı süt"", ""1 su bardağı toz şeker"", ""1 su bardağı krema""]","[""Arroz Con Leche için pirinçleri, su, çubuk tarçın ve portakal kabuğu ile orta boy bir tencereye alın ve orta ateşte pirinçler yumuşayıp suyu çekene kadar ara ara karıştırarak pişirin."", ""Pirinçler suyu çekince portakal kabuklarını çıkartın, tencereye süt ve şekeri ekleyip karıştırın ve pişirmeye devam edin."", ""Tatlınız koyu bir kıvam alınca kremayı da ekleyin ve bir taşım kaynadıktan sonra ocaktan alın."", ""Tatlıları kaselere paylaştırın, oda sıcaklığına geldikten sonra dilerseniz ılık ya da biraz da buzdolabında soğutup üzerine tarçın ve çikolata rendesi ekleyip servis edebilirsiniz. Arroz Con Leche haz""]"
fb34a2e5-a4ea-4fdb-b348-bfcfc2bd076a,Etli Dolma,Turkey,"Zeytinyağı ve taze otlarla lezzetlendirilmiş kıymalı iç harç, biber veya patlıcanlarla doldurulup pişirilen geleneksel bir lezzet",Et Yemekleri,"[""250 gram kıyma"", ""1 çay bardağı pirinç"", ""3-4 yemek kaşığı pilavlık bulgur"", ""1 adet soğan"", ""1 adet domates"", ""1 tatlı kaşığı biber salçası"", ""1 yemek kaşığı domates salçası"", ""1 çay kaşığı tuz"", ""1 çay kaşığı karabiber"", ""1 çay kaşığı pul biber"", ""1 yemek kaşığı kuru reyhan"", ""1/2 çay bardağı sıvı yağ"", ""1 kilogram dolmalık biber""]","[""İç harcı için soğanı ince şeklinde doğrayın. Kıymayı bir kaba alın ve soğanı ve diğer tüm malzemeyi ekleyip iyice yoğurun. İç harcı biraz cıvık olması lazım, koyduğunuz yağ az gelirse katı kıvamda olu"", ""Dolmalık biberleri sıkıştırmadan hafif bir şekilde doldurun ve domatesten kapak yapıp üzerine yerleştirin."", ""1 adet kuru soğana bıçakla çizik atıp suda biraz haşlayın. Soğanın elinize alıp hafifçe oynatıp bir zarını çıkarıp iç harç doldurup sarın. Tencereye yerleştirin."", ""1 yemek kaşığı tereyağında 1 yemek kaşığı domates salçasını kavurun. Üzerine 2 bardak kaynamış su döküp biraz tuz ilave edip dolmaların üzerine gelecek kadar suyunu dökün. Az gelirse su ilave edebilir"", ""Tencereyi ocağa alın ve kaynayınca altını kısın. Yaklaşık yarım saat kadar ocakta pişirin."", ""Daha sonra biber dolmalarını fırın kabına alıp üzerine suyundan döküp ısıtılmış 200° fırında biberler kızarınca fırından alıp servis edin.. Afiyet olsun.""]"
46210318-d3a1-4054-a810-952f6b95d1f9,Fıstık Ezmeli Fit Kurabiye,Turkey,"Sağlıklı malzemelerle hazırlanan, hem lezzetli hem de besleyici atıştırmalık bir fit kurabiye tarifi",Tatlı,"[""1/2 su bardağı pekmez ya da bal"", ""1/2 su bardağı fıstık ezmesi"", ""1,5 su bardağı badem unu (Hindistan cevizi ya da yulaf unu da olabilir)"", ""1 yemek kaşığı mısır nişastası"", ""3 yemek kaşığı ham kakao""]","[""Bal ve fıstık ezmesini bir kasede bir araya getirip güzelce karıştıralım. Sonra diğer kurabiye malzemelerini ekleyip homojen bir karışım elde edene kadar spatula ile karıştıralım."", ""Elimizle hamur şeklini verelim. 30 dakika hamuru buzdolabında bekletelim."", ""Dolgu malzemelerini, homojen hale gelene kadar karıştıralım ve buzlukta 30 dakika bekletelim."", ""Hamuru, iki yağlı kağıt üzerinde 1 cm kalınlığında açalım. Yuvarlak şekilde, bardak ya da şekillendirici ile keselim. (20 adet çıkıyor.)"", ""Önceden ısıtılmış 180 derece fırında 10 dakika kadar pişirelim. Kurabiyeler soğuyunca araya dolguyu ilave edip kapatalım. Afiyet olsun.""]"
bdb4ec51-6390-4cd3-8580-d58d29ae6972,Elma Şekeri,Turkey,"Çıtır çıtır ve lezzetli bir atıştırmalık olan elma şekeri, hem çocukların hem de büyüklerin favorisi olacak",Ana Yemek,"[""1 su bardağı şeker"", ""2 su bardağı su"", ""1/2 adet limonun suyu"", ""1 çay kaşığı gıda boyası (dilediğiniz renkte)"", ""5 adet orta boy kırmızı elma""]","[""Şeker ve suyu bir tencerenin içine alın ve ocağın üzerine oturtun."", ""Şeker eriyip, su kaynaya kadar karıştırın. Kaynadıktan sonra ocaktan alın."", ""Ardından limon suyunu ekleyin ve kıvam alması için 1-1.5 saat kadar dinlendirin. Bu süreç içerisinde belli aralıklarla karıştırmaya devam edin."", ""İçine gıda boyasını ekleyin."", ""Yıkayıp dışını güzelce kuruladığınız elmaları karışıma batırın."", ""Yağlı kağıt serdiğiniz bir tepsinin üzerine elmaları alın. Önce şeker hafifçe katılaşana kadar oda sıcaklığında dinlendirin. Mümkünse oda sıcaklığında muhafaza edin ve afiyetle yiyin :)""]"
cab43783-9597-4e05-9d5a-25fb97832268,Öcce,Turkey,"Hızlı ve pratik bir kahvaltı lezzeti olan Öcce, birkaç malzemeyle kolayca hazırlanabilir",Ana Yemek,"[""3 adet yumurta"", ""1 çay kaşığı tuz"", ""1 su bardağı (1 parmak eksik) Gaziantep Pazarı Un"", ""1/2 paket kabartma tozu"", ""3 adet taze sarımsak"", ""1 çay kaşığı karabiber"", ""1 çay kaşığı Balım Baharat Kimyon"", ""1 çay kaşığı Balım Baharat Pul Biber""]","[""Yumurtalara tuzu ekleyin ve 3 dakika çırpın. Ardından un ve kabartma tozu ekleyin, tekrar çırpın."", ""Taze sarımsak, maydanoz ve yeşil soğanı incecik olacak şekilde doğrayın. Baharatları da ekleyin."", ""Tüm malzemeleri homojen bir kıvam alana kadar karıştırın. Boza kıvamına yakın bir kıvamda olacak."", ""Tavaya sıvı yağı alın ve kızdırın. Birer kaşık kızgın yağa aktarın."", ""Her iki yüzü de kızaracak şekilde pişirin. Havlu peçete serili bir tabağa alın."", ""Servis tabağına alın ve sıcak sıcak servis edin. Afiyet olsun!""]"
c9b1b9ff-fb19-4f1e-8f21-4da000ee7f44,Alaska Tatlısı,Turkey,Kakao ve sütün buluştuğu pratik ve lezzetli bir klasik,Tatlı,"[""1 litre süt"", ""1 su bardağı toz şeker"", ""3 yemek kaşığı kakao"", ""2 yemek kaşığı un"", ""2 yemek kaşığı nişasta"", ""1 paket vanilin"", ""1 yemek kaşığı tereyağı"", ""2 paket kakaolu bisküvi (150 gram)""]","[""Kakaolu puding için süt, şeker, kakao,un ve nişastayı bir tencereye alın."", ""Sürekli karıştırarak orta ateşte, koyu kıvamlı bir muhallebi kıvamına gelene dek pişirin."", ""Ocaktan aldığınız pudinge vanilya ve tereyağını ekleyin ve karıştırın. Üzerini kapatarak 10-15 dakika soğumasını bekleyin."", ""Kakaolu bisküvileri un haline gelene kadar çekin. Hafifçe soğuyan pudinge ekleyin ve karıştırın."", ""Karışımı borcama aktarın ve üzerini düzleştirin. Buzdolabında soğumaya bırakın."", ""Krem şantileri soğuk sütle çırpın. Soğuyan kakaolu puding karışımının üzerine aktarın ve düzleştirin. Tekrar buzdolabına kaldırarak soğumaya bırakın."", ""Çikolatalı sosu için, kremayı bir cezvede kaynama noktasına getirin. Çikolataları küçük parçalara kesin ve bir kaseye alın. Üzerine sıcak kremayı dökün ve kaşıkla, çikolatalar eriyene kadar karıştırı"", ""Sosu krem şantinin üzerine dökün ve her yerine eşit halde yayın."", ""Buzdolabında en az 1 saat dinlendirdikten sonra dilimleyerek servis edin. Afiyet olsun!""]"
947b3934-b93f-4948-9e58-ecefb04e5379,Portakallı Bal Kabaklı Cheesecake,Turkey,"Portakalın ferah aroması ve bal kabaklarının tatlılığıyla birleşen bu cheesecake, hem lezzetli hem de sağlıklı bir tatlı alternatifi sunuyor",Sebze Yemekleri,"[""2 su bardağı yulaf ezmesi"", ""1 adet portakal kabuğu rendesi"", ""1 çay bardağı badem (çiğ, dövülmüş)"", ""1 yemek kaşığı tereyağı"", ""1 adet yumurta""]","[""Yulaf ezmesi, badem, portakal kabuğu, tereyağı ve yumurtayı; yani tabanın bütün malzemelerini karıştıralım."", ""Elimizle bastıra bastıra kelepçeli kek kalıbımızın dibine yayalım."", ""Bal kabaklarını haşlayıp soğumaya bırakalım."", ""Yumurtalar ve şekeri mikserde krema kıvamına gelene kadar çırpalım."", ""Labne peyniri ve süzme yoğurdu da ekleyip iyice yoğunlaşana kadar çırpmaya devam edelim."", ""Labneli karışımı nazikçe yulaflı katmanın üzerine dökelim."", ""160 derecede ısıttığımız fırının en alt katına içi su dolu fırın tepsisini yerleştirelim."", ""Kek kalıbımız ise orta katta kalsın. Alt-üst fansız bir biçimde 40 dakika pişirelim."", ""Piştikten sonra kekimizi 1 saat kadar fırının kapağını açarak soğumaya bırakalım."", ""Bal kabaklarını rondoda ezerek püre haline getirelim."", ""Püre haline gelen bal kabaklarını, portakal suyu, nişasta, tahin ve vanilinle karıştırarak kısık ateşte 10 dakika kadar pişirelim."", ""Soğumuş olan kekimizi kelepçeli kalıptan dikkatli bir biçimde çıkartarak sunum yapacağımız tabağa alalım."", ""Üzerine bal kabaklı katmanı yayalım."", ""Cheesecakeimizi Hindistan cevizi ve dövülmüş bademle süsleyerek servis edelim. Afiyet olsun.""]"
80b26d46-eb90-43f8-b2bc-7ed07eedcf04,Yumuşak Poğaça,Turkey,"Mis gibi kokan, içi yumuşacık poğaçalar için pratik ve lezzetli bir tarif",Ye,"[""1 çay bardağı ılık su"", ""1 çay bardağı süt"", ""1/2 çay bardağı sıvı yağ"", ""2 adet yumurta akı"", ""2 yemek kaşığı (tepeleme) yoğurt"", ""3 tatlı kaşığı toz şeker"", ""1 tatlı kaşığı tuz"", ""1 paket kuru maya"", ""8 çay bardağı un"", ""2 yemek kaşığı oda sıcaklığında tereyağı""]","[""Yoğurma kabına bir çay bardağı ılık su, bir çay bardağı süt, yarım çay bardağı sıvı yağı koyun. Karışımın sıcak olmamasına lütfen dikkat edin. Sıcak olursa hamurunuz kabarmaz. Üzerine 2 yumurta akı, 2"", ""Karışıma 8 çay bardağı un ekleyin ve tahta kaşıkla karıştırıp elinizle biraz yoğurun."", ""Tam bu aşamada 2 yemek kaşığı tereyağını ekleyip yoğurmaya devam edin. Hamur sakız gibi bir kıvama ulaşana kadar yaklaşık 5 dakika yoğurun ve yaklaşık 20 dakika mayalanmaya bırakın."", ""Hamur kabarınca, biraz karıştırıp ortaya doğru katlayarak havasını çıkarın."", ""Hamurun havasını çıkarttıktan sonra elinizle parçalar koparın ve yuvarlayarak mutfak tezgahına alın. Yuvarladığınız bezeleri ellerinizle açarak ortasına peynir harcınızı yerleştirin"", ""Bezeleri dışı pürüzsüz olana dek tekrar yuvarlayın."", ""Elleriniz arasında son kez yuvarladıktan sonra bir pişirme kağıdı serdiğiniz tepsinin üzerine yerleştirin. Hamurları tepsi mayası için 30 dakika bekletin. Hamurlar iki kat kabarınca hamurunuz mayalanm"", ""Önceden ısınmış alt üst ayar 200 derece fırında 30-35 dakika pişirin."", ""Fırından çıkardıktan sonra çabuk soğuması için bir tel üzerine alabilirsiniz. Yumuşak poğaça tarifi hazır! Afiyet olsun.""]"
4fb32021-3c3c-4dca-9776-1adf03d582a2,Mısır Unlu Poğaça,Turkey,"Mis kokulu mısır unu ve tereyağı ile hazırlanan, çay saatlerinin vazgeçilmezi lezzetli poğaça",Ye,"[""2,5 su bardağı un"", ""2 su bardağı mısır unu"", ""2 adet yumurta (birinin sarısı üzerine)"", ""150 gram tereyağı"", ""1 paket kabartma tozu"", ""1 çay bardağı sıvı yağ"", ""3 yemek kaşığı yoğurt"", ""1,5 çay kaşığı tuz""]","[""Unlar hariç diğer malzemeler bir kaba alınıp karıştırılır."", ""Sonra unlar da katılıp yumuşak bir hamur olana kadar yoğurulur."", ""Hamur bezelere ayrılıp yuvarlanır."", ""Ortalarına bastırılır, peynir koyulup tekrar kapatılır ve yuvarlanır."", ""Yağlı kağıt serili tepsiye dizilir."", ""Üzerlerine yumurta sarısı ve susam serpilip önceden ısıtılmış 180 derece fırında kızarana kadar pişirilir. Afiyet olsun.""]"
8d6e3406-48b6-43ee-a3e4-d096cd6c27fd,Tereyağlı Mercimek Çorbası,Turkey,"Lezzetli ve doyurucu kırmızı mercimek çorbası, tereyağıyla zenginleştirilmiş sıcacık bir başlangıç",Ye,"[""2 su bardağı kırmızı mercimek"", ""5 su bardağı su"", ""1 adet soğan"", ""1 adet havuç"", ""1 adet patates"", ""1 çay kaşığı zerdeçal"", ""1 tatlı kaşığı tuz"", ""2 yemek kaşığı tereyağı"", ""2 yemek kaşığı sıvı yağ"", ""1,5 yemek kaşığı un"", ""1 çay kaşığı nane""]","[""Kırmızı mercimekleri süzgece alalım, güzelce yıkayalım. Sonra tencereye koyalım, üzerine soğan, patates, havuç (isterseniz bir parça kemik koyabilirsiniz) ve suyunu ilave edelim."", ""Ocağa alalım, güzelce pişirelim. Suyu az gelirse ilave edelim. Pişen mercimeklere el blenderı tutalım, süzgeçten geçirelim ve pürüzsüz bir kıvam alsın."", ""Boş bir tenceremizi ocağa koyalım, içine tereyağı, sıvı yağ koyalım. Yağımız erisin, ununu koyalım. Un kokusu çıkıncaya kadar kavuralım. İçerisine süzdüğümüz mercimeği boşaltalım ve çırpıcıyla karıştı"", ""Kıvamı koyuysa biraz su ilave edelim. Tuzunu, zerdeçalını ilave edelim. Kıvam alıncaya kadar pişirelim, piştikten sonra servis tabağına alalım."", ""Üzerine kırmızı pul biber ve tereyağını eritip kaynatalım. Mercimek çorbasının üzerine gezdirelim. İsterseniz nane ve limon ilave edebilirsiniz afiyet olsun.""]"
f8791ebe-1fee-4e6f-aeee-92ed2634aa78,Kapuska,Turkey,"Etli ve bol salçalı Kapuska, doyurucu lezzetiyle sofralarınızın vazgeçilmezi olacak",Ye,"[""1 kilogram lahana"", ""400 gram kuşbaşı et"", ""1 yemek kaşığı (tepeleme) domates salçası"", ""1 adet orta boy kuru soğan"", ""4 yemek kaşığı zeytinyağı"", ""2,5 su bardağı sıcak su""]","[""İlk olarak düdüklüde etleri bir miktar haşlayın."", ""Soğanı yemeklik doğrayın ve kavurun."", ""Kavrulan soğana etleri ve salçayı ekleyin. Salçanın kokusu çıkana kadar kavurun."", ""Lahanayı ince ince doğrayın. Tencereye lahanaları alın. Tencerenin kapağını kapatın. Orta kısık ateş üzerinde lahanalar suyunu salana kadar yaklaşık 5-6 dakika pişirin. Süre sonunda tencerenin kapağın"", ""Son olarak tencereye 2 buçuk su bardağı sıcak su, damak tadınıza göre tuz ve kırmızı pul biber ekleyip karıştırın."", ""Ardından tencerenin kapağını kapatıp kaynamaya bırakın. Yemeğiniz kaynadıktan sonra kısık ateş üzerinde lahanalar iyice yumuşayana kadar pişirin."", ""Etli kapuska yemeği piştikten sonra ocaktan alın. Sıcak olarak servis edebilirsiniz."", ""Etli kapuska tarifiniz hazır. Afiyet olsun!""]"
da861711-8cd9-445d-a768-20261e6d39eb,Kayseri Yağ Mantısı,Turkey,"Kayseri'nin lezzetli ve pratik mantısı, zeytinyağı ile hazırlanan özel hamuruyla damaklarda unutulmaz bir tat bırakır",Ye,"[""4 su bardağı un"", ""1 tatlı kaşığı kuru maya"", ""2 yemek kaşığı zeytinyağı"", ""2 çay kaşığı tuz"", ""2 yemek kaşığı yoğurt"", ""1 adet yumurta"", ""1 su bardağı ılık su""]","[""Bir karıştırma kabına unu ekleyin. Daha sonra içine kuru maya, zeytinyağı, yoğurt, yumurta, tuzu ekleyin. Son olarak ılık suyu da ekleyip güzel bir hamur elde edene kadar yoğurun. Oda sıcaklığında 10"", ""İç harcı için kıymanın içine rendelenmiş soğan, karabiber ve tuzu ekleyip yoğurun."", ""Mayalanan hamuru güzelce açtıktan sonra kare şeklinde kesip içlerini kıyma ile koyup mantıları kapatın."", ""Önceden ısıttığınız sıvı yağın içine atın ve 3-4 dakika kadar kontrollü olarak kızartın."", ""Sarımsaklı yoğurdu hazırlayın. Servis tabağına aldığınız mantının üzerine dökün."", ""Son olarak salçayı bir tavaya koyup, karabiber, pul biber ve su ekleyip kavurun. Yoğurt sosun üzerine salça sosunu da gezdirin. Afiyet olsun!""]"
87851c1b-5122-4aa1-b803-5f0b2d2ce585,Köri Dolgulu Krep,Turkey,"Baharatlı köri dolgulu krepler, hem pratik hem de doyurucu bir lezzet sunar",Ye,"[""2 adet yumurta"", ""1 su bardağı süt"", ""1 su bardağı su"", ""1 yemek kaşığı sıvı yağ"", ""1 çay kaşığı tuz"", ""6 yemek kaşığı un"", ""100 gram tavuk göğsü"", ""1 yemek kaşığı köri"", ""100 gram krema""]","[""Tarifimize önce krep yaparak başlıyoruz. Krep için yumurta, süt, su ve yağ karışımını çırpalım. Son olarak un ve tuz ekleyelim. Çırpmaya devam edelim."", ""Kızgın tavada krepleri pişirelim."", ""Ayrı bir tavada tavuğu soteleyelim. Pişen tavuğa köri ve kremayı ekleyelim. 5 dakika daha kavuralım. Ocaktan alalım."", ""Tavuğu kreple birlikte sararak servis edelim. Afiyetler olsun!""]"
2e3a4012-7cac-44fe-8a96-f97ce5b077bb,Elmalı Güllü Tart,Turkey,"Elmaların zarif güller şeklinde düzenlendiği, hem göz dolduran hem de lezzetli bir tatlı",Ye,"[""2,5 su bardağı un"", ""1/2 su bardağı toz şeker"", ""1 tatlı kaşığı limon suyu"", ""1 adet yumurta"", ""120 gram soğuk tereyağı""]","[""Un ve yumurta hariç bütün malzemeleri mutfak robotuna alın ve güzelce birleşmelerini sağlayın."", ""Bu karışıma yumurta ve unu ekleyin, ardından yoğurun."", ""Dinlenmesi için buzdolabına alın."", ""Muhallebi için vanilin hariç bütün malzemeleri bir araya getirin ve güzelce karıştırın, ardından ocağa alın. Kaynadığında vanilini ekleyip karıştırın."", ""O sırada elmaları kabuğuyla beraber ince ince dilimleyin."", ""2 su bardağı suyun içine yarım çay bardağı şekeri ekleyerek kaynatın ve elma dilimlerini içine atın. Elma dilimleri yumuşayana kadar kaynatın."", ""Yumuşayan elma dilimlerini yağlı kağıt üzerine alıp, sırt sırta dizin."", ""Kendi etrafında döndürerek gül şekli verin."", ""Dolaptaki hamurdan ceviz büyüklüğünde parçalar koparın ve minik kek kalıplarınızın içine koyun. Elinizle bastıra bastıra kase şeklini verin. Hamurun içine muhallebiden bir yemek kaşığı koyun."", ""Üzerine gül şeklini verdiğiniz elmaları düzgünce yerleştirerek fırına verin. 180 dereceye ayarlı önceden ısıtılmış fırında 30 dakika pişirin. Afiyet olsun!""]"
db603ffb-360e-4331-81e8-b1601c9472a5,Simit Sündürme,Turkey,"Simit sündürme, lezzetli bir kahvaltılık veya atıştırmalık için pratik ve hızlı bir tarif",Ye,"[""1,5 adet simit"", ""1 adet yumurta"", ""1/2 su bardağı süt"", ""3 yemek kaşığı sıvı yağ"", ""1 adet kapya biber"", ""100 gram rendelenmiş kaşar peyniri"", ""1 çay kaşığı karabiber"", ""1 çay kaşığı pul biber"", ""1 çay kaşığı tuz""]","[""Simitleri yuvarlak kesiyoruz."", ""Yumurta, süt, yağ çırpıyoruz, biberleri ekliyoruz."", ""Simitleri bu karışımın üzerine diziyoruz. Kare küçük borcam tercih ettim fırın kabı olarak."", ""Simitlerin üzerine kaşar serpiyoruz."", ""Tekrar simit koyuyoruz kaşarın üstüne."", ""200 dereceye ısıtılmış fırında 10 dakika pişiriyoruz.""]"
8c31b970-0c02-4b78-afd8-5a135a7ace7c,Tahıllı Ekmek,Turkey,Yedi tahıllı un karışımı ile hazırlanan sağlıklı ve lezzetli ev yapımı ekmek,Ye,"[""5 su bardağı yedi tahıllı un karışımı"", ""1 paket toz maya"", ""1 tatlı kaşığı toz şeker"", ""2 su bardağı ılık su"", ""1 çay kaşığı tuz"", ""1 su bardağı iri kıyılmış ceviz içi"", ""1 çay bardağı doğranmış yeşil zeytin""]","[""Toz maya, toz şeker ve 1/2 su bardağı ılık suyu bir kapta iyice karıştırdıktan sonra 15-20 dakika kadar bekletin. Bekleme esnasında mayalı suyun üzeri biraz kabarmaya başlayacaktır."", ""Geniş bir kaba yedi tahıllı unu aktarın ve orta kısmını havuz gibi açın. Orta kısmına beklettiğiniz maya karışımı, iri kıyılmış ceviz içi, incecik doğranmış yeşil zeytin ve tuzu ilave ederek hamuru yo"", ""Hazırladığınız hamurun üzerini streç bir filmle hava almayacak şekilde kapatın. Ilık ortamda hamur 2 katı olana kadar bekletin."", ""Beyaz un kullanmış olsaydınız ekmek hamuru yaklaşık 30-40 dakikada kabaracaktı ancak tam tahıllı un karışımlarının kabarması 60 dakikayı biraz geçebilir."", ""Ekmek hamuru yeterince mayalandığında büyükçe muffin kapları ya da küçük baget ekmek kalıplarına bir küçük avuç büyüklüğünde hamurları yerleştirin. Üzerlerine bir bıçak yardımıyla ufak çizikler atın v"", ""Tepsinin üzerini nemli bir bezle kapattıktan sonra kalıplarına yerleşen ekmekleri 15 dakika daha mayalandırın."", ""Bu işlem de tamamlanınca önceden ısıtılmış 180 derece fırında altı ve üstü kızarana kadar ekmekleri pişirin. Sevdikleriniz, en çok da anne ve babanızla paylaşmayı unutmayın.""]"
afcbcbbb-cc6a-4fc0-9b5d-766b1c818b44,Zerdeçallı Mercimek Çorbası,Turkey,"Zerdeçallı mercimek çorbası, hem lezzetli hem de besleyici bir başlangıç",Ye,"[""1 adet soğan"", ""1 su bardağı kırmızı mercimek"", ""1 su bardağı tavuk suyu"", ""2 yemek kaşığı un"", ""1 tatlı kaşığı zerdeçal"", ""3 yemek kaşığı zeytinyağı"", ""1 çay kaşığı tuz""]","[""Tenceremize yağımızı alıyoruz, yemeklik doğradığımız soğanları ekliyoruz. Soğanlar pembeleşince unumuzu ekleyip hafifçe kavuruyoruz."", ""Sonra öncesinde yıkadığımız mercimekleri ekliyoruz iki karıştırıp kullandığımız tencereye göre göz kararı suyumuzu ekliyoruz."", ""Daha sonra tavuk suyu ve tuzu da ekleyip pişmeye bırakıyoruz."", ""Biraz piştikten sonra zerdeçalı ekliyoruz."", ""Kapağını kapatıp tekrardan pişmeye bırakıyoruz. Hazır olan çorbamızı blendırdan geçiriyoruz ve servis ediyoruz. Afiyet olsun.""]"
51addb4c-36f2-46c7-995a-fb2fefad175d,Waffle Hamuru,Turkey,Lezzetli ve çıtır waffle hamuru tarifi ile kahvaltılarınıza tat katın,Ye,"[""3 adet yumurta"", ""1 çay bardağı şeker"", ""1,5 su bardağı süt"", ""1 çay bardağı sıvı yağ"", ""2 su bardağı un"", ""1 paket kabartma tozu"", ""2 paket şekerli vanilin""]","[""Yumurta ve şeker çırpılır."", ""Süt ve sıvı yağ da eklenir ve çırpılır."", ""Kabartma tozu, vanilin ve un bir yerde elenir ve karışıma spatula yardımıyla eklenir."", ""Dolapta yarım saat dinlendirilir."", ""Waffle makinesinde ya da tost makinesinde sıvı yağ veya tereyağı sürülerek dışı çıtır olana kadar pişirilir.""]"
a5831f79-889b-40dd-b1f5-8967e4b7d048,Fırın Mücver,Turkey,Fırında pişen pratik ve lezzetli bir mücver tarifi,Ye,"[""2 adet kabak"", ""2 adet havuç"", ""3 adet yumurta"", ""2 yemek kaşığı zeytinyağı"", ""2 adet yeşil biber"", ""4 yemek kaşığı tam buğday unu"", ""1/2 paket kabartma tozu"", ""1 çay kaşığı toz kırmızı biber"", ""1 çay kaşığı kimyon"", ""1 çay kaşığı kuru nane"", ""1/2 çay kaşığı tane karabiber (çekilmiş)"", ""1 çay kaşığı tuz""]","[""Rendelenen kabaklar biraz bekletilir ve suyu tamamen sıkılır."", ""Rendelenen havuçlar, ince kıyılan maydanoz, dereotu ve diğer malzemeler eklenerek karıştırılır."", ""Gerekirse un ilavesi yapılabilir."", ""Kıvamlı bir hamur karışımı elde edilir."", ""Hamur sulanmadan hızlıca pişirme kağıdı serili fırın tepsisine kaşıkla yerleştirilir."", ""Önceden alt üst ayarda 180 dereceye ısıtılan fırında 20-25 dakika pişirilir. Afiyet olsun.""]"
d8e2cd29-d9d0-408f-b88a-04e6516ff066,Kara Lokum,Turkey,Yumuşacık ve lezzetli kara lokum tarifimizle misafirlerinize şık bir ikram yapın,Ye,"[""2 çay bardağı sıvı yağ"", ""1 çay bardağı şeker"", ""1 adet yumurta"", ""3 su bardağı un"", ""1 paket kabartma tozu"", ""1 paket vanilya"", ""2 yemek kaşığı (tepeleme) kakao""]","[""Önce süt ve şeker karışımı bir kapta ısıtılır, kaynamasına gerek yok, şeker erisin yeterli. Serin bir yerde soğumaya bırakılır."", ""Sıvı yağ, yumurta ve şeker güzelce birbirine karıştırılır."", ""Un, kabartma tozu, vanilya ve kakao da eklenerek karıştırılır. Yumuşak bir hamur kıvamına getirilir."", ""Yağlı kağıt serdiğimiz tepsiye kurabiye hamurumuzdan ceviz büyüklüğünde parçalar koparıp, dizilir. Fırına gitmeye hazırlar."", ""Önceden 180 dereceye ısınmış fırında 15 dakika kurabiyeleri pişiriyoruz. Çıkarmadan kontrol edelim, çatlayacaklar ama dağılmayacaklar."", ""Piştikten sonra üzerine ilk sıcağı çıktıktan sonra şerbete bulanır. Sütlü şerbette fazla tutmayalım, 3-5 saniye her yüzü dursa yeterli."", ""Sütü emmiş kıvamına ermiş kara lokumlara son dokunuş için benmari usulü erittiğimiz çikolatalar üzerlerinde gezdirilir. Afiyet olsun.""]"
e1c17ea2-ed9b-4fa3-9e94-ca7f28a5740d,Lor Peynirli Cheesecake,Turkey,Yoğurt ve lor peynirinin ferahlatıcı lezzetiyle hazırlanan pratik ve hafif bir cheesecake tarifi,Ye,"[""2 adet yumurta"", ""1/2 su bardağı toz şeker"", ""1 su bardağı yoğurt"", ""2 yemek kaşığı tereyağı (eritilip soğutulmuş)"", ""1 su bardağı un"", ""1 çay kaşığı (silme) karbonat""]","[""Önce peynirli karışımı hazırlıyoruz. Lor peyniri, 3 yumurta, yarım su bardağı şeker ve vanilyayı mikserle çırpıyoruz."", ""Başka bir kapta 2 yumurta ve yarım su bardağı şeker tozunu mikser yardımıyla rengi açılana kadar çırpıyoruz."", ""Daha sonra tereyağı ve yoğurdu da ilave edip yine iyice çırpıyoruz."", ""Bu aşamadan sonra mikser kullanmıyoruz."", ""Unu ve karbonatı bu karışıma eliyoruz ve spatula yardımıyla hamurumuzu karıştırıyoruz."", ""Hamuru yağladığımız yuvarlak fırın kapına döküyoruz. Üstüne de peynirli harcımızı döküp hafifçe üzerini düzleştiriyoruz."", ""180 derecelik fırında 30-35 dakika pişiriyoruz.""]"
6f1d20e2-f2a5-47e3-8bb9-7a72afe008b6,Mayasız Gözleme,Turkey,"Pratik ve lezzetli mayasız gözleme, çay saatlerinin vazgeçilmez tatlısı",Ye,"[""1/2 su bardağı su (100 ml)"", ""1/2 su bardağı süt (100 ml)"", ""1/2 tatlı kaşığı tuz (5 gram)"", ""1 çay kaşığı toz şeker (2 gram)"", ""2,5 su bardağı un (275 gram)""]","[""Büyük bir kapta oda sıcaklığındaki su, süt, tuz ve toz şeker karıştırılır. Un azar azar elenerek eklenir, karıştırılır."", ""Karışım tezgaha alınarak 10-15 dakika pürüzsüz olana kadar yoğurulur."", ""50 g porsiyonlanarak (küçük mandalina kadar) unlanmış yüzeyde, üzerine temiz bir bez örtülerek veya streçlenerek 45 dakika dinlendirilir (Daha uzun dinlenirse açmak kolaylaşıyor)."", ""Bu sırada iç malzemesi için maydanoz incecik doğranır. Lor, zeytinyağı, baharatlar ve tuz eklenip karıştırılır."", ""Tezgah hafifçe unlanır. Bezeler merdane ile açılır. Açarken gerekirse bezelerin üzeri ve merdane hafifçe yapışmayacak kadar unlanır."", ""Üzerine 1 -2 yemek kaşığı iç malzeme yayılır. Kenarlar parmak uçlarıyla bastırılarak kapatılır."", ""Orta üst ateşte ısınan tavada iki tarafı da pişirilir. Pişince üzerine fırçayla zeytinyağı sürülür. Temiz bir bez örtülür. Sıcakken tereyağla servis edilir. Afiyet olsun.""]"
f687ad79-5bb8-4bf7-8acd-b66011399c33,Scaccia,Turkey,"İçine zeytinyağı harmanlanmış ince ve kat kat açılan, çıtır bir Sicilya ekmeği",Ye,"[""2 su bardağı semolina (irmik unu)(makarna unu)"", ""2 yemek kaşığı mısır unu"", ""3 yemek kaşığı sızma zeytinyağı"", ""1 paket kuru maya"", ""1 tatlı kaşığı üzüm pekmezi"", ""1 tatlı kaşığı tuz"", ""1/2 su bardağı ılık su (sadece pancar suyu da olabilir)"", ""1/2 su bardağı pancar suyu""]","[""İçi için: peynir hariç pazı (saplarını kesin sadece yaprak) ve diğer tüm malzemeleri su eklemeden zeytinyağı ve tereyağı karışımında kavurun. Kenara alın soğusun."", ""Ilık suyu yoğurma kabına alalım. Mayayı ve pekmezi ilave edelim. Tahta bir kaşıkla karıştırdıktan sonra 10-12 dakika mayanın aktif hale gelmesini bekleyelim."", ""Semolinayı, mısır ununu, zeytinyağını ve tuzu ilave edelim. Pürüzsüz bir hamur olana dek iyice yoğuralım."", ""Yoğurma aşamasında kontrollü bir şekilde hamura ılık su ilave edebilirsiniz (bu aşamada ılık pancar suyu ilave ettim)."", ""Yoğurma işlemini ben stand mikserinde yaptım. 7-8 dakika orta ayarda hamur bütünleşene kadar yoğurdum."", ""Elde yoğurma da bu süre biraz daha zaman alabilir. Hamuru top hale getirip altı yağlanmış kaba alalım, üzerini kapatıp 30 dakika dinlendirelim."", ""Süre sonunda biraz un ve mısır unu serpilmiş tezgaha alıp hamuru yoğuralım ve 4 parçaya ayıralım."", ""Yuvarlak yoğurduğunuz hamurları semolina, mısır unu serpili tezgaha alıp üzerini kapatalım. 2 saat dinlenmeye bırakalım."", ""Hamurların her birini servis tabağı büyüklüğünde acın harcı kenarlarda boşluk bırakarak yayın ve üzerine peynir serpiştirin."", ""İki karşılıklı ucu ortada birleştirin, bir miktar iç ve peynir koyun."", ""Diğer iki kenarı da ortada birleştirin."", ""Peynir koyup ikiye katlayın. Fırın kağıdına tepsiniz veya fırın taşınıza sığacak şekilde dizin."", ""Bu işlemleri yaparken fırını 260 dereceye alın ve hamurları ısınmış tepsi/fırın taşı üzerine kağıtla aktarın."", ""Yaklaşık 20-30 dakika arasında pişirin. Üzeri kızarmalı. Afiyet olsun.""]"
5c72e6a7-d658-45a5-a096-d29f4856ba4f,Pratik Peynirli Poğaça,Turkey,"Lezzetli peynirli poğaçalar, pratik tarifiyle misafirleriniz için harika bir atıştırmalık",Ye,"[""1 su bardağı süt (veya su)"", ""1 çay bardağı sıvı yağ"", ""2 adet yumurta"", ""1 tatlı kaşığı tuz"", ""1 tatlı kaşığı toz şeker"", ""1 paket kabartma tozu"", ""4 su bardağı un"", ""1 adet yumurta sarısı"", ""1 yemek kaşığı çörek otu""]","[""Bir kaba süt ve sıvı yağ dökün. 2 adet yumurtadan birinin sarısını poğaçaların üzerine sürmek için ayırıp diğerlerini ekleyin."", ""Daha sonra toz şeker, tuz, 1 paket kabartma tozu, peynir ve 4 su bardağı kadar unu dökün. Hamur yumuşak bir kıvamda olana kadar yoğurun."", ""Hamurdan parçalar alıp bezeler yapın. Üzerlerine yumurta sarısı sürüp çörek otu serpiştirin. Önceden ısıtılmış 180 derece fırına verip üzerleri kızarana kadar pişirin. Afiyet olsun.""]"
459ad3dd-2105-41f4-96fb-7e111015fe3c,Halka Poğaça,Turkey,"Yumuşak içi ve çıtır dışıyla mis gibi kokan, pratik ve lezzetli halka poğaça tarifi",Börek & Hamur İşi,"[""1 su bardağı ılık süt"", ""1 tatlı kaşığı instant maya"", ""1 tatlı kaşığı toz şeker"", ""0.5 çay bardağı sıvı yağ"", ""1 adet yumurta akı"", ""1 silme tatlı kaşığı tuz"", ""3 su bardağı un""]","[""Sütü ılıklaştırın ve toz şeker ile mayayı içene karıştırıp üstünü kapatın ve yaklaşık 5 dakika mayalanması için bekleyin."", ""Ardından içerisine yumurta beyazını, sıvı yağı ve tuzu ekleyip karıştırın."", ""Unu yavaş yavaş ilave ederek yoğurun ve ele yapışmayan yumuşak bir hamur elde edin."", ""Hazırladığınız hamurun üstünü örtün ve yaklaşık 45 dakika mayalanmaya bırakın."", ""Mayalanma süresinin sonunda hamuru 3 cm kalınlığında açın ve bir bardak ve şişe kapağı yardımı ile hamuru keserek halka şekli verin."", ""Şekillendirdiğiniz hamurları yağlı kağıt serdiğiniz bir fırın tepsisine dizin ve arta kalan hamurları tekrar yoğurup şekillendirerek bu şekilde tüm hamuru hazırlayın. Üstlerine yumurta sarısı sürün ve"", ""Önceden ısıtılmış 200 derece fırında üstleri kızarıp pişene dek yaklaşık 25 dakika pişirin ve ardından servis edin. Afiyet olsun!""]"
1f4d6df4-a9ae-4405-b4f8-8ae6190d1789,Damla Çikolatalı Kıyır Kurabiye,Turkey,"Çay saatlerinin vazgeçilmezi, damla çikolatalı kıyır kurabiye",Tatlı,"[""1 adet yumurta"", ""1 çay bardağı sıvı yağ"", ""1 çay bardağı şeker"", ""1 çay bardağı nişasta"", ""3 çay bardağı un"", ""1/2 paket kabartma tozu"", ""1 çay kaşığı (silme) karbonat"", ""1 çay kaşığı vanilya"", ""1 çay bardağı damla çikolata""]","[""Önce yumurta, yağ ve şekeri karıştırıp ardından diğer malzemeleri, en son damla çikolataları ekleyerek kurabiye hamurumuzu yapıyoruz."", ""İri ceviz büyüklüğünde parçalar koparıp yuvarlayıp tepsiye diziyoruz. Fırına hazırlar."", ""180 derece ısıtılmış fırında 20 dakika kadar pişiriyoruz. Çatlamaya ve pembeleşmeye başlaması neredeyse pişiyor demek. Afiyetler olsun.""]"
97655a9f-f623-4b97-9baf-8483ddacf018,Cevizli Aypare,Turkey,"Cevizli Aypare, irmikli ve yoğurtlu hamurun cevizle zenginleşerek pişirildiği, lezzetli ve pratik bir tatlıdır",Ana Yemek,"[""1 adet yumurta"", ""2 yemek kaşığı yoğurt"", ""2 yemek kaşığı irmik"", ""5 yemek kaşığı un"", ""1 çay bardağı kabartma tozu"", ""1 çay kaşığı vanilya"", ""1 su bardağı ceviz içi"", ""1 yemek kaşığı üzüm sirkesi"", ""125 gram tereyağı"", ""1/2 çay bardağı sıvı yağ""]","[""Önce şerbeti hazırlıyoruz, şeker ve suyu tencereye alıp, kaynamaya başlayınca içine yarım limonu sıkmadan bütün şekilde koyuyoruz ve on dakika kaynatıp, soğumaya bırakıyoruz."", ""Yoğurma kabına, tereyağ, sıvı yağ, yumurta ve yoğurdu alarak, iyice karıştırıyoruz."", ""Un, irmik, kabartma tozu ve vanilya ekliyoruz."", ""En son sirke ekliyoruz ve iyice yoğuruyoruz."", ""Hamuru 5 parçaya ayırıp, her birini uzun bir rulo gibi yuvarlayarak üzerine elimizle bastırıyouz."", ""Yuvarlak bir kalıp veya çay bardağı ağzı ile yarım ay şeklinde kesiyoruz."", ""Tepsiye yağlı kağıt serip, diziyoruz ve 180 derecede önceden ısıtılmış fırında üzerleri kızarana kadar pişiriyoruz."", ""İlk sıcağı çıkınca, soğuk şerbeti üzerine döküyoruz.""]"
d6169620-c864-4683-ae96-bd76365c389a,Patates Mantısı,Turkey,"Patates mantısı, lezzetli ve pratik bir alternatif sunan doyurucu bir yemektir",Börek & Hamur İşi,"[""3 adet büyük boy patates"", ""1 adet yumurta"", ""1 adet kuru soğan"", ""1/2 çay bardağı zeytinyağı"", ""1 çay kaşığı tuz"", ""1/2 çay kaşığı karabiber"", ""1/2 çay kaşığı kimyon"", ""1/2 çay kaşığı pul biber"", ""1/2 çay kaşığı sarımsak tozu""]","[""Patatesleri soyup, küp küp doğrayıp haşlıyoruz."", ""Başka bir tavada yemeklik doğradığımız soğanı zeytinyağında kavuruyoruz."", ""Haşladığımız patatesleri iyice ezdikten sonra kavurduğumuz soğanı, yumurtayı ve baharatları da ekleyip karıştırıyoruz. Elimizle minik minik yuvarlayıp tepsiye diziyoruz."", ""180 derecede alt üst kızarana kadar pişiriyoruz."", ""Fırından çıkınca bir tabağa alıp üzerine yoğurt döküyoruz. Tavada zeytinyağı ile pul biberi biraz kızdırıp yoğurdun üstüne gezdiriyoruz. Afiyet olsun.""]"
f356e12e-7dcf-4f52-a236-224365b759a9,Havuçlu Kereviz Salatası,Turkey,"Lezzetli ve pratik bir başlangıç, havuçlu kereviz salatası ile sofranıza ferahlık katın",Salata,"[""1 adet kereviz"", ""1 adet havuç"", ""2 su bardağı süzme yoğurt"", ""1 yemek kaşığı mayonez"", ""1 çay kaşığı tuz"", ""1 çay bardağı ceviz içi (ince çekilmiş)""]","[""Yoğurt, sarımsak, tuz ve mayonez servis kasesinde karıştırılır."", ""Kereviz yıkanır ve kabukları soyulur. Rendelenip kararmaması için hemen yoğurda eklenir."", ""Havuç da aynı şekilde kabukları soyulup rendelenir ve kaseye ilave edilir, karıştırılır. Ceviz içi de eklenir."", ""Havuç dilimlerinin eşliğinde servis yapabilirsiniz. Afiyet olsun.""]"
e4f194da-605a-4b55-94d3-d42611c8d5dd,Sebzeli Tavuklu Bulgur Pilavı,Turkey,"Sebzelerle zenginleştirilmiş, doyurucu ve lezzetli bir bulgur pilavı",Pilav & Makarna,"[""1,5 su bardağı pilavlık bulgur"", ""1 adet soğan"", ""1 adet patates"", ""3 yemek kaşığı domates sos (veya 2 tatlı kaşığı domates salçası)"", ""1,5 tatlı kaşığı tuz"", ""1 tatlı kaşığı pul biber"", ""1/2 tatlı kaşığı karabiber"", ""1 yemek kaşığı sıvı yağ"", ""3 su bardağı sıcak su""]","[""Tavuk göğsünü minik minik doğrayıp biraz sıvı yağ ile pilav tenceresine alın. Rengi dönene kadar kavurun."", ""Üzerine küp doğranmış soğan, sarımsak ve patatesi de ekleyip kavurmaya devam edin."", ""Domates sos, bezelye ve bulguru da ekleyip 5 dakika kavurun."", ""Baharatlarını ve suyunu ekleyip kapağını kapatıp ve pişmeye bırakın. Suyunu çekince ocağın altını kapatıp demlenmeye bırakın. Afiyet olsun.""]"
58d558e5-9d5c-4c85-be6d-35f906e578fc,Izgarella Dürüm,Turkey,"Izgarella Dürüm, közlenmiş biberlerin lavaşla buluştuğu pratik ve lezzetli bir atıştırmalıktır",Ana Yemek,"[""4 adet lavaş"", ""2 adet kapya biber"", ""8 adet yeşil biber""]","[""Kapya biber ve yeşil biberi yıkayın, tohumlarını ayırarak ince ince jülyen doğrayın. Bir miktar zeytinyağı ile yüksek ateşte 3-4 dakika soteleyin."", ""Izgarella parçalarını iki dilim olacak şekilde ortadan ikiye kesin ve renk alıncaya dek iki yüzünü de ızgarada pişirin."", ""Közlenmiş kırmızı biberleri doğrayın ve Sütaş Süzme Peynir'le mutfak robotunda homojen hale gelinceye dek çekin."", ""Lavaşın içerisine marul yapraklarını yerleştirin. Ardından sotelemiş olduğunuz biberleri koyun."", ""Izgarada pişirmiş olduğunuz Izgarella'ları da eşit bir şekilde lavaşlara yerleştirin ve rulo şeklinde sarın. Közlenmiş kırmızlı biberli peynir sosla servis edin. Afiyet olsun!""]"
87a31df6-206f-4658-85aa-b7d17e3e4cc1,Pratik Fırın Sütlaç,Turkey,Fırında karamelize olan üst katmanıyla klasik lezzetin pratik hali,Tatlı,"[""5 su bardağı süt"", ""1 su bardağı toz şeker"", ""1 çay bardağı haşlanmış pirinç"", ""1 adet yumurta sarısı"", ""2 yemek kaşığı buğday nişastası"", ""2 su bardağı su"", ""1 paket vanilin""]","[""Soğuk süt ve toz şekeri geniş bir tencereye alın. Bir çırpma teliyle toz şeker eriyene kadar karıştırdıktan sonra ocağa alın."", ""Kısık ateşte kaynamaya bırakın."", ""Bol suda yıkadığınız pirinçleri; ayrı bir tencerede, orta ateşte suyunu çekene kadar haşlayın."", ""Vanilini toz şeker eriğinde süte ekleyin."", ""Haşlanan pirinçleri ocaktan alın."", ""1-2 dakika kadar kaynayan şekerli süte haşlanmış pirinçleri ilave edin."", ""Yumurta sarısını, buğday nişastası ve su ilavesiyle ayrı bir kabın içerisine alın."", ""Pürüssüz bir kıvam alana kadar karıştırın."", ""Yumurta sarısının kesilmemesi için; kısık ateşte kaynamakta olan süt karışımından alıp nişastalı karışımı ılıştırın."", ""Hazırladığınız yumurta sarılı karışımı sütlaç tenceresine azar azar katıp hızlıca karıştırın."", ""Kıvam alan sütlacı, ısıya dayanıklı porsiyonluk güveç kaplarına eşit ölçüde boşaltın."", ""Sütlaç kaselerini, derin bir fırın tepsisine aralıklı olarak dizin. Kapların yarısına gelecek kadar soğuk suyu, sütlaçlara değdirmeden tepsiye alın."", ""Fırına verdiğiniz sütlaçları, önceden ısıtılmış 200 derece fırında 12-15 dakika kadar pişirin. (Tepsinizi fırınınızın en üst gözüne yerleştirin)"", ""Fırından bir mutfak eldiveni yardımıyla çıkardığınız sütlaç kaselerini, oda ısısında soğuttuktan sonra buzdolabına kaldırın. Soğuttuktan sonra sevdiklerinizle paylaşın. Afiyet olsun.""]"
628290b0-dcb2-4acc-b200-de594ebfb6a1,Lavaş Dürüm,Turkey,Lezzetli sebzelerle hazırlanan pratik ve doyurucu lavaş dürüm,Ana Yemek,"[""2 adet sarı biber"", ""2 adet kırmızı biber"", ""2 adet soğan"", ""1 çay kaşığı kekik"", ""1 adet domates"", ""1-2 adet patates"", ""1 adet tavuk göğsü"", ""3 adet lavaş"", ""1 adet domates (servisi için)""]","[""İlk önce soğanları soyup ikiye bölün ve doğrayın."", ""Biberleri de halka halka ince ince doğrayın. Soğanları kavurun kavrulunca biberleri de atın. 10 dakika kadar kavurun. Yarım su bardağı su ekleyin."", ""Tavukları küp küp doğrayın. Daha sonra kavurduğunuz biberlerin içine atın ve kavurun. Tavuk pişince domatesleri ekleyin."", ""Bir yandan da patatesleri soyup kızartmalık seklinde doğrayın. Daha sonra onları kızartın."", ""Lavaşlarımızı bir tavada ısıtıp tepsiye alalım."", ""Tepsiye aldığımız lavaşa içini koyalım. İçini koyduktan sonra kızarttığımız patatesleri ekleyelim. İçine marul ve domatesleri koyalım ve lavaşı saralım.""]"
e6e18c51-c7c0-4cec-a406-098defeece45,Mayasız Kıyır Poğaca,Turkey,"Mayasız ve pratik bir tarifle, mis gibi kokan, kıyır kıyır poğaçalar hazırlayın",Ana Yemek,"[""2 adet yumurta"", ""1 çay bardağı yoğurt"", ""1 çay bardağı sıvı yağ"", ""250 gram margarin"", ""2 yemek kaşığı sirke"", ""1 tatlı kaşığı tuz"", ""1 paket kabartma tozu"", ""2 su bardağı un (gerekirse artırılabilir)""]","[""Bir kabın içinde beyaz peynir ve ince kıydığımız maydanozu karıştıralım."", ""Bir yumurtanın sarısını ayıralım. 1 yumurtayı ve 1 yumurta akını geniş bir kabın içine alalım."", ""Yoğurt, sıvı yağ, margarin, sirke, tuz ve kabartma tozunu ekleyelim."", ""Elediğimiz unu yavaş yavaş ekleyelim ve yumuşak bir hamur elde edelim."", ""Yarım mandalina büyüklüğünde parçalar koparıp avucumuzun içinde açalım."", ""Peynirli harçtan ekleyip ikiye katlayalım. Kenarlarına parmak uçlarımızla bastırıp yağlı kağıt serdiğimiz fırın tepsisine dizelim."", ""Ayırdığımız yumurta sarısını poğaçalarımıza sürelim. Çörek otu ve susam serpip kontrollü pişirelim. Afiyet olsun.""]"
7ea32c44-a608-4120-92f9-9dc8c397c04a,Sucuk Köfteli Burger,Turkey,Sucuklu köftesi ve baharatlı tadıyla damakları şenlendiren lezzetli bir burger,Et Yemekleri,"[""400 gram orta yağlı dana kıyma"", ""1,5 çay kaşığı kimyon"", ""1 çay kaşığı kırmızı acı biber"", ""1 çay kaşığı kırmızı toz biber"", ""1 çay kaşığı karabiber"", ""1 tatlı kaşığı tuz"", ""2 yemek kaşığı galeta unu"", ""1 yemek kaşığı zeytinyağı""]","[""Kıymayı bir kaba alın."", ""Sarımsağı havada bir tutam tuzla dövün."", ""Baharatların hepsini bir kabın içinde karıştırın ve 4-5 dakika kadar iyice karışması için yoğurun."", ""Galeta unu ve zeytinyağını karışıma ilave edin."", ""Köfte harcını yoğurun ve streç filme sarıp buzdolabında 40 dakika dinlendirin."", ""Fırını 180 dereceye ayarlayın."", ""Fırın tepsisine yağlı kağıt serin. Hazırladığınız harcı çıkartın ve ekmeğinizden bir miktar daha büyük çapta köftenizi şekillendirin."", ""Fırın tepsisine dizin ve 15 dakika fırınlayın. Ters yüz edin ve pişmiş yüzüne cheddar peynirini yerleştirin."", ""Ekmeğinizi ortadan ikiye bölün."", ""Peyniri erimiş köfteyi yerleştirin. Marul yapraklarını domatesi ve üst kata mayonez sürün ve kapatın. İşte bu kadar, afiyetler olsun.""]"
a50fb59d-6a10-470e-8a5b-824188ab549d,Barros Luco Sandviç,Turkey,"Chile'nin meşhur sandviçi Barros Luco, sade lezzetiyle damakları şenlendirir",Ana Yemek,"[""1 yemek kaşığı zeytinyağı"", ""1 dilim ince dilim lenmiş biftek"", ""Etimek Tatlısı Tarifi"", ""Damla Çikolatalı Kurabiye"", ""Tatlı Tarifleri Spoonful Mozaik Pasta Çikolatalı Sufle İrmik Helvası Fırın Sütlaç Profiterol Revani Magnolia"", ""Kahvaltılık Tarifler Pancake Krep Pişi Kuymak Kaygana Kahvaltılık Sos Menemen Muhlama Yumurtalı Ekmek Omlet"", ""Omlet""]","[""Zeytinyağını tavada kızdırın. İnce dilimlenmiş bifteği, arkalı önlü renk alana kadar kısa sürede pişirin."", ""Sandviç ekmeklerini eti kızarttığınız tavaya alın."", ""Her iki dilimi de arkalı önlü 2 dakika kadar ısıttıktan sonra bir dilim ekmeğin üzerine biftek ve peynir dilimini yerleştirin."", ""Tavanın ısısıyla peynir eridiği zaman diğer ekmek dilimini üzerine kapatın ve bekletmeden sıcak olarak servis yapın. Daha çok sayıda hazırlayıp, sevdiklerinizle paylaşın.""]"
c2daba08-783a-4b03-b920-fb1c8ffaf90a,Kirazlı Kek,Turkey,"Taze kirazlarla lezzetlenen, yumuşacık ve pratik bir kek tarifi",Tatlı,"[""3 adet yumurta"", ""1 su bardağı toz şeker"", ""1,5 çay bardağı sıvı yağ"", ""1/2 su bardağı süt"", ""1/2 su bardağı krema"", ""3,5 - 4 su bardağı un"", ""100 gram kiraz (çekirdekleri ayıklanmış)"", ""1 paket vanilin"", ""1 paket kabartma tozu"", ""1 yemek kaşığı nişasta""]","[""Ayıklanmış kirazların üzerine nişasta ilave edin ve ezilmemelerine özen gösterek hafifçe nişastaya bulayın."", ""Derin bir kabın içine yumurtaları kırın. Üzerine şekeri ilave edip güzelce çırpın."", ""Ardından süt, sıvı yağı ilave edin. Karıştırın."", ""Kremayı da ilave ederek tüm malzemeleri birbirine iyice yedirin."", ""Un, kabartma tozu ve vanilini eleyerek karışıma ekleyin. Un parçaları kalmayana kadar iyice karıştırın."", ""Son olarak nişastaya buladığınız kirazları da ekleyerek spatula yardımıyla, nazik haraketlerle karıştırın."", ""Yağlanmış ve unlanmış dikdörtgen ya da yuvarlak bir kek kalıbına aktarın ve önceden ısıtılmış 180 derecelik fırında içi iyice pişene ve üzeri kızarana kadar pişirin."", ""Çıkarıp oda sıcaklığında dinlendirin. Dilimleyerek servis edin.""]"
dedf1885-1987-42d1-8383-83d1b273cc3a,Antep Usulü Lahmacun,Turkey,"Gaziantep'in lezzetli ve pratik lahmacun tarifi, evde kolayca yapabileceğiniz enfes bir atıştırmalık",Ana Yemek,"[""4,5 su bardağı un"", ""1 tatlı kaşığı kuru maya"", ""1/2 çay bardağı sıvı yağ"", ""1 silme yemek kaşığı tuz"", ""1 silme yemek kaşığı toz şeker"", ""1 su bardağı ılık su (aldığı kadar)""]","[""Hamur için gerekli olan malzemeler kullanılarak yumuşak kıvamda bir hamur hazırlayın ve 45 dakika hamur iki katına çıkana kadar dinlendirin."", ""İç harcı için ise; ilk olarak soğanları ve kapya biberleri alıp satırla iyice ufaltın. Daha sonra suyunu iyice süzün."", ""Kıymayı bir karıştırma kabına alın ve üzerine suyu süzülmüş soğan ve kapya biberler ekleyin."", ""Daha sonra çekilmiş ceviz, salça, isot ve diğer baharatları ekleyip iyice yoğurun."", ""Ardından tabak büyüklüğünde açtığımız hamurlara iç harçtan koyup, güzelce yayın."", ""İlk olarak yapışmaz bir tavada lahmacunların altını pişirip, ardından 250 derecelik fırında güzelce kızarana dek 5-6 dakika pişirin. Sıcak sıcak servis yapın.""]"
09b154a8-8f2b-4a98-aaf4-fea7d8efa803,Antakya Kömbesi,Turkey,Antakya'nın lezzetli ve mis kokulu geleneksel tatlısı,Ana Yemek,"[""150 gram tereyağı"", ""1 çay bardağı sıvı yağ"", ""1 çay bardağı süt"", ""1 su bardağı şeker"", ""1 paket kabartma tozu"", ""1 tatlı kaşığı kömbe baharatı"", ""1 çay bardağı ceviz içi (ince çekilmiş)"", ""2 yemek kaşığı nişasta"", ""4 su bardağı (tepeleme) un"", ""1-2 yemek kaşığı susam""]","[""İlk önce tereyağını eritip, ılıması için kenara alıyoruz."", ""Un ve susam hariç, kalan diğer malzemeleri tereyağı ile birlikte karıştırıyoruz."", ""Unu azar azar ilave edip yoğuruyoruz."", ""Ceviz büyüklüğünde bezeler kopartıp elimizde yuvarlıyoruz."", ""Susama batırıp kömbe tahtasına bastırıyoruz. Masaya ters çevirip bir kere vurduğunuzda hamur tahtadan çıkacaktır."", ""Tepsiye aralıklarla yerleştirip önceden ısıtılmış 170 derece fırında 25 dakika pişirelim."", ""Pişip soğuyan kömbeleri nem almayacak kutu içerisinde saklayınız. Afiyet olsun.""]"
519912f9-edd1-4b7f-8e8a-dd15609caae1,Badem Ezmeli Kurabiye,Turkey,"Badem ezmesinin lezzetiyle harmanlanmış, çıtır çıtır bir kurabiye tarifi",Tatlı,"[""1/2 su bardağı esmer şeker"", ""1/2 su bardağı toz şeker"", ""110 gram tereyağı"", ""1/2 su bardağı badem ezmesi (fıstık ya da fındık ezmesi de olur)"", ""1 adet yumurta"", ""1 + 3/4 su bardağı un"", ""1 paket vanilya"", ""1 paket kabartma tozu"", ""1/2 çay kaşığı tuz""]","[""Tozşekerleri, tereyağını ve fındık ezmenizi bi karıştırma kabına alın ve 1-2 dakika boyunca krem kıvamına gelene dek çırpın."", ""Ardından yumurtayı ekleyin karıstırın. Daha sonra un, tuz, kabartma tozu ve vanilyayı ekleyip yoğurun."", ""Hazır olan kurabiye hamurunuzu bi streç filme sarıp buzdolabında yarım saat bekletin. Daha sonra dinlenen hamurdan büyük ceviz büyğklüğünde parçalar alın, yuvarlayın ve toz şekere bulayıp aralıklı ol"", ""Top seklinde kalsın çok ezmeyin. 165-170 derecelik fırında 9-10 dakika pişirin."", ""Renk alınca fırından çıkarın ve hemen ambalajından çıkarılmış çikolataları kurabilerinizin ortasına hafifçe bastırark batırın ve soğutun. İyice ılıyınca servis yapın.""]"
ee2d1b94-e78f-4e33-b789-4e1da3de61fd,Ispanaklı Avokado Püresi,Turkey,"Sağlıklı ve lezzetli bir başlangıç olan ıspanaklı avokado püresi, zengin besin değerleriyle dikkat çekiyor",Sebze Yemekleri,"[""250 gram ıspanak"", ""1 adet kapya biber"", ""1 adet kırmızı soğan"", ""5 adet mantar"", ""1 adet olgun avokado"", ""1 tatlı kaşığı limon kabuğu"", ""1 çay kaşığı nar tanesi""]","[""Soğan, biber ve mantarları küçük küpler halinde doğrayalım."", ""Soğanları tereyağ ile soteleyelim."", ""Sonra biber ardından mantar ekleyelim."", ""Mantarlar suyunu salınca limon rendesi, ıspanak, tuz ve karabiber ekleyelim."", ""Kapağı kapatılıp ıspanaklar pişinceye kadar pişirin."", ""Avakado, zeytinyağ, tuz ve karabiberle püre haline getirin."", ""Ispanaklı karışımı ve nar tanelerini içine ekleyin.""]"
f54cb52e-c21f-4256-8eb0-3190ddd37735,Kolay Sade Kek,Turkey,"Pratik malzemelerle hazırlanan, lezzetli ve yumuşacık bir kek tarifi",Ye,"[""4 adet yumurta"", ""1 su bardağı şeker"", ""1 su bardağı süt"", ""1/2 su bardağı sıvı yağ"", ""2 paket vanilya"", ""1 paket kabartma tozu"", ""9 yemek kaşığı (tepeleme) un""]","[""4 adet yumurta ile 1 su bardağı şekeri mikser yardımıyla köpürene kadar karıştırın."", ""Ardından 1 su bardağı süt ve yarım su bardağı sıvı yağı da ekleyerek mikser yardımıyla karıştırmaya devam edin."", ""Daha sonra vanilya, kabartma tozu ve unu da ekleyerek karıştırmaya devam edin, elde ettiğimiz karışımı yağlanan kek kalıbına dökün ve önceden ısıtılmış 180 derece fırına koyun."", ""45 dakika kadar sonra kekiniz hazır, şimdiden afiyet olsun :)""]"
6e8e9a08-3f19-4db5-860f-6a0efb595449,Sihirli Kek,Turkey,"Hafif ve lezzetli sihirli kek, özel dokusuyla büyüleyici bir tatlı deneyimi sunar",Tatlı,"[""4 adet yumurta (sarısı ve beyazı ayrılacak)"", ""3-4 damlalimon suyu"", ""1 yemek kaşığı su"", ""1 paket vanilya"", ""1 su bardağı toz şeker"", ""125 gram tereyağı"", ""1 su bardağı un"", ""500 ml süt""]","[""Öncelikle kek için uygun bir kapta 4 adet yumurta akına limon suyunu ekleyin."", ""Köpük köpük koyu bir kıvam alana kadar çırpın."", ""Daha sonra ayrı bir kapta yumurta sarısına su, şeker ve vanilyayı da ekleyip karıştırın."", ""Daha sonra eritilmiş tereyağını da ekleyip karıştırmaya devam edin. Üzerine unu ilave edin ve çırpıcı yardımıyla karıştırın."", ""En son sütü ilave edin ve tekrar güzelce karıştırın."", ""Hazırladığımız kek hamuruna köpük köpük olan yumurta aklarını ilave edin."", ""Tel çırpıcıyla aynı yönde köpükleri söndürmeden hamuru bütünleştirin. Akışkan bir kek hamuru elde edin."", ""Kare borcamı yağlı kağıtla kaplayın."", ""Kek hamurunu boşaltın ve üzerini düzeltin. Daha sonra 175 derecelik fırında 1 saat pişirmeye bırakın. Pişen keki soğumayı için bir kaç saat bekletin."", ""Pişirme kağıdı sayesinde borcamdan kolay bir şekilde çıkarın. 9 dilim olacak şekilde kesin. Üzerine pudra şekeri serpip dilediğiniz şekilde süsleyip servis edebilirsiniz.""]"
f32e611f-e8c8-471e-b50d-094d173d0d70,Kedidilli Tiramisu Pasta,Turkey,"Pratik ve lezzetli kedidilli tiramisu tarifi, kahve severler için mükemmel bir tatlı alternatifi",Tatlı,"[""1 paket kedidili bisküvi"", ""1 yemek kaşığı gr anül kahve"", ""1 su bardağı sıcak su"", ""1 yemek kaşığı kakao""]","[""Muhallebi için tencereye süt, un, nişasta ve şeker alınıp kaynayana kadar karıştırılarak pişirilir. Kaynayınca tereyağı ve labne peyniri eklenir ve çırpılır."", ""Kek kalıbının içi streçle kaplanır ve kakao dökülür. Bir kapta sıcak su ve granül kahve karıştırılır. Kedidili bisküviler kahveli suya batırılır ve kenarlara dizilir."", ""Bisküviler dizildikten sonra muhallebisi dökülür. Kalan kedidili büskiviler de üzerine dizilir."", ""Dolapta 4-5 saat bekletilir. Ters çevrilip kakao serpilir. Servise hazırdır, afiyet olsun.""]"
e3a31c7d-1e91-4edf-b53d-357d6e29f227,Yağsız Yumurtasız Poğaça,Turkey,Yağ ve yumurta içermeyen pratik poğaça tarifi,Börek & Hamur İşi,"[""9 su bardağı un"", ""2 su bardağı ılık su"", ""1 su bardağı süt (ya da su)"", ""3 yemek kaşığı instant maya (ya da kuru maya)"", ""3 yemek kaşığı toz şeker"", ""1 tatlı kaşığı tuz"", ""1 tatlı kaşığı pekmez""]","[""Un ve su hariç malzemeler yoğurma kabına alınır ve karıştırılır."", ""Üzerine ılık su eklenir, bir kez daha karıştırılır, un da eklenerek yoğrulur (un kontrollü ekleyiniz)."", ""Hafif ele yapışır, yumuşak bir hamur yoğurduktan sonra poğaçalara şekiller verilir ve tepsiye dizilir."", ""15 dakika tepside dinlendirilir. Dinlenen poğaçalara pekmez sürülür ve bıçakla çizikler atılarak önceden ısıtılmış 100 derece fırına koyulur."", ""10 dakika daha fırında mayaya bırakılır ve 10 dakika sonrasında fırın 170 dereceye çıkarılır."", ""20 dakika kadar kontrollü şekilde pişirilir ve afiyetle yenir.""]"
edf0d430-4446-4100-aadb-c8fdf28413cb,Çıtır Börek,Turkey,Çıtır Çıtır Börek Tarifi,Ye,"[""6 adet yufka"", ""1 büyük çay bardağı sıvı yağ"", ""1 büyük çay bardağı süt"", ""1 adet yumurta sarısı""]","[""Sos malzemelerimiz olan sıvı yağ, süt (yoksa su da kullanabilirsiniz) nişasta ve sirkeyi karıştırma kabına alıp karıştıralım."", ""İç harcımızı hazırlayıp kenarda bekletelim."", ""1 tane yufkamızı tezgaha serip bolca sostan döküp fırçayla her yerine sürelim."", ""Üzerine ikinci yufkayı serip tekrar aynı işlemi yapalım."", ""Bu aşamada isterseniz üçgen kesip sarabilirsiniz, ben öyle yapmadım."", ""Peynirli harcı yufkanın her iki köşesine koyup iki yandan rulo yaparak ortada birleştirdim ve kestim."", ""İki tane rulo elde etmiş oldum, daha sonra ruloları küçük küçük kestim ve yağlı kağıt serilmiş tepsiye dizip üzerine yumurta sarısı sürdüm."", ""Önceden ısıtılmış 180 derecede pişirelim.""]"
80467d59-2003-4e9d-926e-dda6348b4741,Yufkasız Sebzeli Börek,Turkey,"Pratik ve lezzetli, yufka kullanmadan hazırlanan sebzeli börek",Börek & Hamur İşi,"[""1 adet soğan"", ""1 adet kapya biber"", ""1 adet domates"", ""3 adet yumurta"", ""1 su bardağı tam buğday unu"", ""1 tatlı kaşığı maya"", ""1 paket kabartma tozu""]","[""Tavada zeytinyağı, soğan, sarımsak ve kapya biberi güzelce kavurun. Sonra sırayla diğer yeşillikleri ekleyin."", ""Biraz çiğliği gittikten sonra soğutup diğer malzemeleri ekleyin. Spatula yardımı ile karıştırın ve yağlı kağıt serdiğiniz tepsiye harcı dökün."", ""Önceden ısıtılmış 180 derece fırında 40 dakika kadar pişirin. Afiyet olsun.""]"
5fd77ee7-5d88-461b-863a-da8d839ef0e1,Pastane Pidesi,Turkey,"Pastane pidesi, yumuşacık içi ve çıtır çıtır dışı ile mis gibi bir lezzet sunuyor",Tatlı,"[""500-550 gram un"", ""300 mililitresüt"", ""1 çay bardağı ayçiçek yağı"", ""30 gram yaş maya"", ""2 yemek kaşığı şeker"", ""1 tatlı kaşığı (tepeleme) tuz""]","[""Süt, ayçiçek yağı, şeker, tuz ve mayayı bir kapta karıştıralım. Unu ekleyip yoğuralım, daha sonra hamuru ikiye bölelim ve beze yapalım. Üzerini bir bezle örtelim 30 dakika dinlendirelim."", ""Daha sonra her iki bezeyi de yuvarlak şekil verip 15 dakika daha bekletelim. Beklettikten sonra elimizle şekillendirelim ve tekrar 15 dakika daha bekletelim."", ""Üzerine yumurta sarısı sürelim ve susam serpelim."", ""ilk 10 dakika 100 derece fırında, daha sonra 170 derecede üzeri kızarana kadar pişirin. Afiyet olsun.""]"
edca183f-c425-4830-9762-235ba38260d1,Domates Soslu Şakşuka,Turkey,"Sebzelerin lezzetli buluşması, domates sosuyla harmanlanmış enfes bir şakşuka",Sebze Yemekleri,"[""2 adet patlıcan"", ""2 adet kabak"", ""1 adet patates"", ""1 adet kapya biber"", ""1 çay bardağı sıvı yağ (kızartmak için)"", ""1 çay kaşığı tuz""]","[""Patlıcanlar alacalı soyulur ve küçük küpler halinde doğranır. Tuzlu suda 15-20 dakika bekletilir. Kızartmadan önce temiz bir bezle beye havlu kağıtla kurulanır."", ""Diğer sebzeler de küçük küpler halinde doğranır. Sırayla az tuzlanarak kızartılır. ( patates- kabak-patlıcan-biber). Yağları süzülerek servis tabağına alınır."", ""Sosu için malzemeler uygun bir tencerede 10 dakika pişirilir. Ilıkken sebzelerin üzerine aktarılır ve karıştırılır. İsterseniz karıştırmayabilirsiniz."", ""İsteğe bağlı yoğurt eşliğinde servis yapılır. Afiyet olsun.""]"
15ae1f59-8286-46f9-a390-cb73c2722c8a,Sütlü Sigara Böreği,Turkey,"Yufkaları süt ve yağ karışımına batırıp rulo şeklinde sararak hazırlanan, pratik ve lezzet bir börek",Börek & Hamur İşi,"[""1 adet yufka"", ""1 su bardağı süt"", ""1 su bardağı sıvı yağ (kızartmak için:)""]","[""Peynirli harç için beyaz ve kaşar peynirini rendeleyin. İnce kıydığınız maydanoz yaprağı ile karıştırın."", ""Peyniriniz tuzsuz ise gerekirse tuz ekleyebilirsiniz. Patlıcanlı harç için közlenmiş patlıcanı ince ince kıyın."", ""Rendelenmiş kaşar peyniri, tuz, karabiber ve toz biber ekleyip karıştırın. Yufkayı tezgaha açın 4 eşit parçaya bölün."", ""Parçaları üst üste koyup 3 eşit parçaya bölerek toplamda 12 adet böreklik üçgen yufka elde edin."", ""Yufkaların geniş kısmına kenarlarına pay bırakarak harçtan göz kararı yerleştirin."", ""Kenarları hafif içe katlayıp sıkı sıkıya sarın. Sardığınız böreklerin açılmaması için uç kısımlarını süte batırıp yapıştırın."", ""Hazırladığınız tüm yufkaları derin kaba eklediğiniz 1 bardak süte batırın."", ""Fazla sütü süzülmesi için 1 dakika süzgeçte bekletin. Ardından orta ateşteki kızgın, derin yağda 3-4 dakika kızartın."", ""Servis etmeden önce börekleri havlu kağıda alıp 1 dakika hem dinlenmesini hem de fazla yağını atmasını bekleyin. Afiyet olsun.""]"
fd9932ce-bd4d-4987-a9e1-20fac9c0d2b4,Zeytinyağlı Kapya Biber Dolması,Turkey,"Zeytinyağının lezzetiyle buluşan, pirinçli kapya biber dolması",Sebze Yemekleri,"[""12 adet kapya biber"", ""1 su bardağı pirinç"", ""1 adet soğan"", ""2 adet domates rendesi"", ""1 tatlı kaşığı domates salçası"", ""1 çay bardağı zeytinyağı"", ""2 tatlı kaşığı nane"", ""4 çay kaşığı tuz"", ""1 çay kaşığı karabiber"", ""1 çay kaşığı kimyon""]","[""Yemeklik doğradığımız soğanı zeytinyağını ekleyerek kavuruyoruz salçayı ve baharatları ekleyip karıştırıyoruz."", ""Rendelediğimiz domatesleri ekleyip kavurmaya devam ediyoruz. En son olarak yıkayıp suyunu sürdüğümüz pirinci ekleyip üzerini geçecek kadar su ilave ediyoruz ve kapağını kapatıp çok az pişiriyoruz."", ""Biberlerin içini sıkıştırmadan üzerilerinde azcık boşluk kalacak şekilde dolduruyoruz."", ""Dolmalarımızı tenceremize yerleştirdikten sonra biberlerin yarısına gelecek kadar tencereye su koyuyoruz."", ""Kaynanana kadar harlı ateşte kaynadıktan sonra da altını kısarak toplamda 45 dakika dolmaları pişmeye bırakıyoruz."", ""Pişip pişmediğini iç harcının tadına bakarak veya biberlerin pişme derecesini kontrol edebiliriz."", ""Pişen dolmalarımızı ilk sıcaklığı çıktıktan sonra istediğimiz gibi servis edebiliriz. Afiyet olsun.""]"
94ac4f5c-4f5f-4da1-b564-c82639fc4d71,Fırında Ispanak Köftesi,Turkey,"Sağlıklı ve lezzetli fırında ıspanak köftesi, hem pratik hem de doyurucu bir seçenek",Et Yemekleri,"[""1/2 kilogram ıspanak"", ""100 gram kıyma"", ""1 adet soğan"", ""1 adet yumurta"", ""1 su bardağı (2 parmak eksik) un"", ""1/2 çay bardağı galeta unu"", ""1 çay bardağı rendelenmiş kaşar peyniri (isteğe bağlı)"", ""1 çay kaşığı tuz"", ""1 çay kaşığı karabiber"", ""1 tatlı kaşığı köfte baharı""]","[""Ispanakları kumu gidene kadar tertemiz yıkıyoruz. Kalın dalları çıkartıyoruz. Köftede içinden çıkabilir. Yaprakları tercih ediyoruz."", ""Süzgece koyup suyunu süzüyoruz. Ayrı bir kaba alıyoruz.Üzerine çok sıcak su ekleyip ıspanakların çökmesini sağlıyoruz,. Daha sonra suyunu iyice sıkıp çok küçük şekilde doğruyoruz. Soğanı da aynı şekil"", ""Yoğuracağımız diğer malzemeleri ve baharatları ekleyip, unu yavaş yavaş katıyoruz. Hepsini yoğurarak köfte olacak şekilde hazırlıyoruz. Vaktiniz varsa dinlendirin."", ""Ceviz büyüklüğünde parçalar koparıp yassı köfteler yapıyoruz. Fırın tepsisi yada borcama dizip fırça ile üzerini yağlayıp 180 derece ısınmış fırına veriyoruz."", ""Una, yumurtaya batırıp tavada da kızartılıyor ama böylesi daha hafif. Özellikle çocuklar ve diyet yapanlar için.."", ""Önlü arkalı kızartıp patates kızartması ya da sarımsaklı yoğurtla servis yapıyoruz Afiyet olsun.""]"
75688d58-9fe3-403e-b15e-06865f551f32,Artan Pilavdan Sütlaç,Turkey,Artan pilavınızı değerlendirerek hazırlayacağınız pratik ve lezzetli bir sütlaç tarifi,Ye,"[""1 litre süt"", ""1 su bardağı pilav (önceki günden kalma)"", ""1 su bardağı şeker"", ""1 yemek kaşığı nişasta"", ""1 tatlı kaşığı toz tarçın (servis için)""]","[""Öncelikle kalan pilavın tuzundan arınması için suyun içinde bekletin ve iyice yıkayarak süzün. Tencerenize sütü ve pirinci alarak altını yakın."", ""Bir süre bu şekilde kaynatın. Yaklaşık 8 dakika kadar."", ""Kaynadıktan sonra şekeri ilave ederek karıştırın. Ardından nişastayı bir miktar su ile açarak sütlaca ilave edin ve karıştırın."", ""Kaynadıktan sonra kısık ateşte 5 dakika kadar pişirin. Kaselere pay ederek soğuduktan sonra dolaba kaldırın."", ""Sıcak tercih edecekler soğutmadan da tüketebilirler. Üzerini dilediğiniz gibi süsleyebilirsiniz. Bizler toz tarçın tercih ettik. Afiyet olsun!""]"
5d9c92d2-e3b2-4a4f-a0e7-ac4495abe4a3,Domatesli Galette,Turkey,"Taze domateslerin ve tereyağlı hamurun birleştiği, lezzetli ve rustik bir Fransız turtası",Et Yemekleri,"[""100 gram soğuk tereyağı"", ""2,5 su bardağı un"", ""1/2 çay bardağı süt"", ""1 çay kaşığı tuz""]","[""Hamur için malzemeleri genişçe bir kaba alıp, hamur kendini toplayana kadar yoğuruyoruz. Streç filme sarıp 40 dakika buzdolabında dinlendiriyoruz."", ""Sonra hamuru yağlı kağıt üzerine alıp oklava ile yuvarlak şekil vererek ince bir şekilde açıyoruz."", ""Hamurun tam ortasına krem peyniri sürerek, kaşar peyniri, domatesleri, soğanı ve biberi ekliyoruz."", ""Üzerine zeytinyağı, tuz ve kekik karışımını sürüp, hamuru kenarlardan katlıyoruz."", ""Hamurun kenarlarına fırına vermeden önce yumurta sarısı, susam ve çöre kotu ekliyoruz."", ""180 dereceye ayarlı önceden ısıtılmış fırında üzeri ve alt tabanı kızarana kadar pişiriyoruz. Afiyet olsun.""]"
fee8563b-858a-461e-9134-a5450c319815,Muzlu Rulo Pasta,Turkey,"Muzlu Rulo Pasta, yumuşacık ve pratik bir tatlı seçeneği",Tatlı,"[""4 adet yumurta"", ""1 su bardağı şeker"", ""1 çay bardağı su"", ""1 paket vanilya"", ""1/2 paket kabartma tozu"", ""2 su bardağı un""]","[""Önce pandispanya yapıyoruz. Şeker ve yumurta köpürene kadar çırpılır. Diğer malzemeler de eklenir. Sıvı bir harç elde edilir. Yağlı kağıt serili tepsiye dökülür. 180 derecede kontrollü olarak pişirili"", ""Krema için şanti hariç bütün malzemeler bir tencerede koyu bir kıvam alana kadar pişirilir. Ocaktan alınır ve krem şanti eklenir, iyice çırpılır."", ""Kek fırından alınır. İlk sıcaklık çıkınca yağlı kağıdı ile beraber rulo yapılır ve öyle bir 10 dakika bekletilir. Kremayı o esnada pişirebilirsiniz."", ""Kek yavaşça açılır ve kağıttan ayrılır . Krema güzelce yayılır. Kekin en baş kısmına yatay bir şekilde muz dizilir. Tekrar yavaşça rulo yapılır."", ""Üzeri için krema ocakta kaynama noktasına geldiğinde ocaktan alınır ve içerisine çikolatalar eklenir eriyene kadar karıştırılır."", ""Pastanın üzerine yavaşça gezdirilir. Dolaba kaldırılır. En son benmari usulü eritilmiş sütlü çikolata ile süslenir.""]"
a4617c4b-6345-4865-9da9-d3bf07e38555,Elmalı Muhallebi,Turkey,"Tarçınlı elmalarla hazırlanan, lezzetli ve ferahlatıcı bir tatlı",Ye,"[""6-7 adet elma"", ""1 su bardağı şeker"", ""1/2 çay kaşığı tarçın"", ""1 çay bardağı ceviz"", ""1 litre süt"", ""3 yemek kaşığı şeker"", ""1/3 su bardağı nişasta"", ""2/3 su bardağı un"", ""125 gram tereyağı veya margarin"", ""1 paket vanilya""]","[""Elmaları soyup rendenin kalın tarafıyla rendeleyelim."", ""Rendelenen elmaları bir tencereye koyalım. Üzerine 1 bardak toz şekeri dökelim."", ""Tencerenin üzerini kapatıp buzdolabına koyalım. En az bir saat dinlendirelim. Bu sırada elmalar suyunu salacaktır."", ""1 saat sonra tencereyi ocağa alalım. Suyunu çekinceye kadar elmaları pişirelim."", ""Ocağın altını kapattıktan sonra tarçını ve dövülmüş cevizi ekleyip karıştıralım. üzerini bir kapakla kapatıp bir kenara alalım."", ""Derin bir tencere alıp 1 litre sütün yarısını koyalım. İçine unu ve nişastayı eleyip güzelce karıştıralım. Kalan sütü de ekleyip karıştıralım."", ""Tencereyi ocağa alıp altını yakalım. Kaynamaya başlayıncaya kadar yüksek ateşte sürekli karıştırarak pişirelim. Kaynamaya başlayınca altını kısıp 1-2 dakika daha karıştırarak pişirelim."", ""Tencenin altını kapatıp içine tereyağı ve vanilyayı koyup mikserle birkaç dakika çırpalım."", ""Kaselere ilk önce pişen elmaları paylaştıralım. Sonra muhallebiyi paylaştıralım."", ""Dilerseniz muhallebinin üzerine pişen elmayı koyabilirsiniz. Hindistan cevizi ile süsleyip servis edebilirsiniz.""]"
79e552bf-c2db-4d41-b13c-f8923fe3bbad,Sahur Böreği,Turkey,"Sahur sofralarınız için pratik ve lezzetli bir seçenek olan bu börek, hem doyurucu hem de kolay hazırlanır",Ye,"[""3 adet yufka"", ""400 gram beyaz peynir"", ""1/2 su bardağı yoğurt"", ""1 yemek kaşığı zeytinyağı"", ""1 adet yumurta""]","[""Yoğurt, zeytinyağı ve yumurtayı bir kase içinde çırpın ve bir fiske tuz ilave edin."", ""Beyaz peynirleri kaşıkla ezin ve kıyılmış maydanozu ekleyin."", ""Bir tane yufkayı fazlalıkları dışarda kalacak şekilde tavaya yerleştirin ve iç harcı ilave edin."", ""Diğer yufkayı kopararak iç harcın üzerini kaplayın, ve tekrar iç harcı ekleyin."", ""Son yufkayı da parçalayarak iç harcı kapatın. En son tavanın dışında kalan yufkaları da böreğin üzerine kapatın ve kısık ateşte 15 dakika önce bir yüzünü, daha sonra kapak veya tabak yardımı ile çevir""]"
a3909206-9ae9-4d6d-8cd5-5edda2a8c4f9,Pudingli Çatlak Kurabiye,Turkey,"Çikolatalı puding lezzetiyle çatlayan, yumuşacık ve pratik bir kurabiye tarifi",Ye,"[""100 gram tereyağı"", ""1 paket toz kakaolu puding"", ""1 adet yumurta"", ""1 paket kabartma tozu"", ""2.5 su bardağı un"", ""1 çay bardağı sıvı yağ""]","[""Oda sıcaklığındaki tereyağının üzerine sıvı yağ ve yumurta eklenerek karıştırılır."", ""Sonrasında üzerine toz puding ve kabartma tozu da eklenerek iyice karıştırılır."", ""Yaklaşık 2,5 su bardağı un azar azar eklenerek yoğurulur."", ""Kulak memesi yumuşaklığına gelen hamurumuz az yağlanmış tepsiye ceviz büyüklüğünde toplar oluşturularak dizilir."", ""180 derecede ısıtılmış fırında 15-20 dakika kurabiyeler çatlayana kadar pişirilir."", ""Son olarak üzerine erimiş çikolata ya da tercihe göre pudra şekeriyle süsleyerek servis yapabiliriz. Afiyet olsun.""]"
4699b1a4-a7b8-4307-809a-8f4a3da722ef,Patatesli Köfte Dizmesi,Turkey,"Patatesli köftelerin lezzetli ve pratik dizmesi, sofralarınızın vazgeçilmezi olacak",Ye,"[""1 adet orta boy soğan"", ""3 yemek kaşığı bayat ekmek kırıntısı"", ""1 adet yumurta"", ""500 gram kıyma (tercihen dana ve kuzu karışık)"", ""2 çay kaşığı tuz"", ""1,5 çay kaşığı karabiber"", ""1 çay kaşığı kimyon""]","[""Soğanı ve sarımsağı geniş bir karıştırma kabına rendeleyin. Üzerine yumurta, ekmek kırıntısı ve ince ince doğradığınız maydanozları ekleyerek güzelce karıştırın."", ""Ardından kıymayı içine ekleyin ve tuz, kimyon, karabiberi serpiştirin."", ""3-4 dakika bu şekilde köfte harcını yoğurun. Ardından üzerini örterek en az 30 dakika buzdolabında dinlendirin."", ""Köfte harcı dinlenirken patateslerinizi soyun ve yuvarlak olacak şekilde dilimleyin. Çok kalın olmamasına özen gösterin. En fazla 1 cm kalınlığında kestiğinizden emin olun, aksi takdirde köfte ile ayn"", ""Köftelere şekil vermeden önce patatesler bekleyecekse, suyun içerisine alın ki kararmasın."", ""Bu sırada köfte harcından ceviz büyüklüğünden parçalar alın. Elinizde yuvarlayın ve iyice bastırarak yayvan bir şekil verin. Çok toplu ve sıkı olursa içi pişmeyebilir. Şekil verirsen elinizi suyla ısl"", ""Son olarak sosu için salça, püre, ılık su ve zeytinyağını bir kase içerisinde karıştırın. Eğer salçanız tuzlu değilse sosun içerisine tuz da ekleyebilirsiniz."", ""30x30 büyüklüğünde bir borcama veya fırın kalıbına patates-köfte olacak şekilde 3 sıra halinde dizin. Sıraların aralarında kalan boşluğa 8 dilime böldüğünüz domates dilimlerini yerleştirin."", ""3 parçaya ayırdığınız yeşil biberleri de aralarına ekleyin. Son olarak sosunu üzerine yavaş yavaş gezdirerek dökün ve yağlı bir kağıtla üzerini kapatarak 200 derece fırında 40 dakika üzeri kapalı olar"", ""Fırından çıkardıktan sonra 5-10 dakika kadar dinlendirin. Ardından servis edin, afiyet olsun.""]"
ddd0b5d6-7fb0-4346-9e32-7ae38daa6ee8,Sıcak Ot,Turkey,Zeytinyağı ve tuzla hazırlanan pratik ve lezzetli bir atıştırmalık,Ye,"[""5 yemek kaşığı zeytinyağı"", ""1 çay kaşığı tuz"", ""2 yemek kaşığı zeytinyağı"", ""1 tatlı kaşığı toz biber"", ""Etimek Tatlısı Tarifi"", ""Damla Çikolatalı Kurabiye"", ""Tatlı Tarifleri Spoonful Mozaik Pasta Çikolatalı Sufle İrmik Helvası Fırın Sütlaç Profiterol Revani Magnolia"", ""Kahvaltılık Tarifler Pancake Krep Pişi Kuymak Kaygana Kahvaltılık Sos Menemen Muhlama Yumurtalı Ekmek Omlet"", ""Omlet""]","[""Derin bir tencereye bolca su koyun ve kaynatın, kaynamaya başlayan suyun içerisine 4 diş sarımsağı kabuğuyla birlikte atın."", ""İki demet deniz börülcesini de içerisine atın. Bu şekilde, börülceler yumuşayana dek 15 dakika kaynatın."", ""Börülceler pişince onları kaynar suyun içinden alın soğuk suyun altından geçirin, böylece yeşil renklerini koruyacaklardır. Kaynarken içerisine attığınız sarımsakları alıp, bir kenara ayırın."", ""Pazıları yıkayın ve ince ince doğrayın. Yanmaz tabanlı bir tencerede yağı ısıtın ve pazıları içerisine atıp, tencerenin kapağını kapatın. Ara ara karıştırarak pazılar pişene dek kavurun."", ""Kavurup, pişirdiğiniz pazıların içine haşladığınız deniz börülcelerini koyun ve güzelce karıştırın. Tuzunu da ilave edin."", ""Ayrı bir kabın içine yoğurdu alın, pişirmiş olduğunuz sarımsakları ezerek yoğurdun içine katın. Daha keskin bir tat vermesi için bir diş çiğ sarımsağı da döverek yoğurda karıştırın."", ""Pazı ve deniz börülcesi karışımını ılık ılık, bir servis tabağına alın. Üstüne sarımsaklı yoğurdu gezdirin ve en üstüne zeytinyağında kızdırdığınız kırmızı biberi de gezdirerek servis edin.""]"
f9fddd62-0e39-4748-a699-846e6ac9601f,Balık Dürüm,Turkey,"Uskumru filetosunun harika lezzetini, pratik ve doyurucu bir dürümle birleştiren nefis bir sokak lezzeti",Ye,"[""2 adet uskumru (fileto)"", ""2 yemek kaşığı sıvı yağ"", ""2 adet soğan"", ""2 yemek kaşığı sıvı yağ"", ""1 tatlı kaşığı toz şeker"", ""1 yemek kaşığı nar ekşisi""]","[""Isınmış tavaya sıvı yağı ekleyin ve balıkları arkalı önlü pişirin."", ""Soslu karamelize soğan için bir tencereye ay şekilde doğranmış soğanları ekleyin ve sıvı yağda yumuşayana kadar kavurun."", ""Ardından toz şekeri ilave edip kavurmaya devam edin. Son aşamada baharatlarını ilave edip ocaktan alın."", ""Bir kaseye aldığınız karamelize soğanların üzerine nar ekşisini ve kıyılmış maydanozu ilave edin."", ""Salatası için rendelenmiş havuç ve kırmızı lahanayı bir kaseye alın. İri doğranmış roka ve marulu da üzerine koyun."", ""Lavaşı tavada ısıtın ve üzerine karamelize soğandan sürün."", ""Üzerine balıkları yerleştirin."", ""Salatayı serpiştirin."", ""Bir kasede zeytinyağı, nar ekşisi, sumak ve tuzu karıştırın ve üzerine dökün."", ""Dürüm şeklinde sarın."", ""Üzerine kalan nar ekşili sostan sürün."", ""Tavaya tekrar alın ve üzerini hafifçe kızartın."", ""Kalan salata ile balık dürümü servis edin. Afiyet olsun!""]"
f7927620-74bf-4f2b-b9b6-2e30907e8e64,Somonlu Lavaş Sushi,Turkey,Pratik ve lezzetli bir alternatif: Somonlu Lavaş Sushi ile Japon mutfağını modern bir dokunuşla deneyin,Ye,"[""4 adet lavaş"", ""4 yemek kaşığı labne"", ""1 çay kaşığı taze zencefil (rendelenmiş)"", ""2 adet salatalık""]","[""Bir kasede labne, sarımsak ve dereotunu karıştırın."", ""Lavaşların iç kısmına bu karışımı sürün. Somon fümelerin üzerine dereotu ve zencefil rendesinden serpiştirin. Ardından lavaşın içerisine güzelce yayın."", ""Jülyen ince kesilmiş salatalıkları da lavaşa yaydıktan sonra rulo halinde sarın. Aynı işlemin tersini somon üstte kalacak şekilde hazırlayın ve sushi gibi 2 farklı çeşit elde ederek servis edin.""]"
707cc006-84a3-47fc-8b35-5b998fdab6ca,Dövme Pilavı,Turkey,"Tavuk ve sebzelerle zenginleştirilmiş, lezzetli ve doyurucu bir pilav",Ye,"[""2 adet tavuk göğsü"", ""1 adet soğan"", ""1 adet havuç"", ""2 yemek kaşığı tereyağı"", ""1 yemek kaşığı zeytinyağı"", ""1 tatlı kaşığı tuz"", ""1/2 adet limon""]","[""Öncelikle buğdayı üstünü geçecek kadar sıcak suda ıslatın. Sabaha kadar buğday şişecek ve suyunu çekecektir."", ""Tencereye tavuk göğüsleri ile birlikte soğan, havuç ve limonu koyup, üzerine su ekleyin. Hepsini birlikte haşlayın."", ""Haşlanan tavukları bir kenara alıp soğumaya bırakın. Süzdüğünüz tavuk suyunu da bir kenara alıp, bekletin. Bu sırada soğuyan tavukları didikleyin."", ""Tencerenizi yeniden ocağa alın. Bir gece öncede ısladığınız buğdayı, tavukları, yağı ve tuzu ekleyin. Üzeri geçene kadar su ilave edin. Kaynamaya başlayınca ocağın altını kısın ve 15-20 dakika daha pi"", ""Belli aralıklarla kapağı açıp, karıştırın. Suyunu çektiyse azar azar su ekleyip, pişirmeye devam edin. Son 10 dakika haşlanmış nohutları ekleyip, biraz daha su ekleyip nohutları ezmeden karıştırın ve"", ""Pişen dövme pilavını biraz dinlendirdikten sonra tabaklara alıp, sıcak sıcak servis edin.""]"
e7056b2f-c5bd-4199-97b6-d4ae2af1e8e5,Kaşarlı Mini Muffinler,Turkey,"Pratik ve lezzetli kaşarlı mini muffinler, çay saatlerinin ve atıştırmalıkların vazgeçilmezi",Ana Yemek,"[""2 adet yumurta"", ""1 çay bardağı sıvı yağ"", ""1,5 su bardağı rendelenmiş kaşar peyniri"", ""2 su bardağı un"", ""1 paket kabartma tozu"", ""1 çay kaşığı tuz""]","[""Öncelikle boş bir kapta yumurtamızı güzelce çırpıyoruz."", ""Daha sonra süt ve sıvı yağınıda ekleyip çırpmaya devam ediyoruz."", ""Unumuzu kabartma tozunu ve tuzu da karışımımıza ekliyoruz ve çırpmaya devam ediyoruz."", ""Son olarak karışımımıza kaşarımızıda ekliyoruz."", ""Karışımımız hazır olduktan sonra fırına giren herhangi bir kabı yağlıyoruz.Karışımımızı yağladığımız kek kalıplarına döküyoruz."", ""180 derecelik fırında 25 dakika pişiriyoruz. Afiyet olsun...""]"
5d0a4175-2dd1-49ac-bfef-6fdb35e2f535,İki Malzemeli Fit Gofret,Turkey,Sadece iki malzemeyle hazırlanan pratik ve lezzetli fit gofret tarifi,Et Yemekleri,"[""1 çay bardağı bulgur"", ""80 gram bitter çikolata"", ""Etimek Tatlısı Tarifi"", ""Damla Çikolatalı Kurabiye"", ""Tatlı Tarifleri Spoonful Mozaik Pasta Çikolatalı Sufle İrmik Helvası Fırın Sütlaç Profiterol Revani Magnolia"", ""Kahvaltılık Tarifler Pancake Krep Pişi Kuymak Kaygana Kahvaltılık Sos Menemen Muhlama Yumurtalı Ekmek Omlet"", ""Omlet""]","[""Bulgurları teflon tavaya alıp kısık ateşte rengi dönene kadar kavurup patlatıyoruz."", ""Kavrulan bulgurlarımızı ocaktan alıp içine çikolatayı ekliyoruz."", ""Çikolata eriyince yağlı kağıt serili tepsiye yerleştirip istediğimiz şekli veriyoruz."", ""Buzdolabında 30 dakika kadar bekletiyoruz. Afiyet olsun.""]"
a28be96a-55ad-44e9-99f0-a6e254b326fc,Şipşak Un Kurabiyesi,Turkey,"Hızlı ve pratik, eriyerek ağızda dağılan lezzetli un kurabiyesi",Tatlı,"[""1 paket margarin (250 gr)"", ""2,5 su bardağı un (Aslında ununuzun yoğunluğuna bağlı değişiyor bardak sayısı)"", ""1 su bardağı pudra şekeri""]","[""Oda sıcaklığında olan margarinimizi karıştırma kabına koyuyoruz."", ""Üstüne pudra şekerini ekleyip krema kıvamına gelene kadar karıştırıyoruz."", ""Kıvamı olunca yavaş yavaş ununu ekleyip çok katı ve ele yapışmayacak şekilde bir hamur elde ediyoruz. İstediğimiz şekli verip önceden ısıtılmış 180 derecelik fırına atıyoruz. Afiyetle servis edebilir""]"
3005e0c3-6d76-4dad-b69f-de9359c2cb68,Yaprak Sarması,Turkey,"Lezzetli ve pratik yaprak sarması, sofra klasiklerinizden olacak",Ana Yemek,"[""1 adet soğan"", ""1,5 bardak pirinç"", ""1 adet domates"", ""1 tatlı kaşığı nane"", ""1/2 çay kaşığı karabiber"", ""1/2 çay kaşığı kimyon"", ""1 çay kaşığı pul biber"", ""1-1,5 çay kaşığı tuz"", ""1 tatlı kaşığı nar ekşisi"", ""1 su bardağı su"", ""3/4 su bardağı zeytinyağı""]","[""Zeytinyağını kızdırın. Üzerine rendelenmiş sarımsak ve küçük doğranmış soğanı ekleyip kavurun."", ""Üzerine pirinci, nar ekşisini ve baharatları ekleyin, sonra suyunu ekleyin. Suyunu çekene kadar pişirin."", ""Altını kapatıp küçük doğranmış domatesleri ekleyip karıştırın."", ""Yaprakları sarıp tencereye dizin ve kısık ateşte 1 saat kadar pişirin. Arada üzerine su ekleyip kontrol edin. Afiyet olsun.""]"
65ec0768-e14e-4af2-9080-ba0cc6b3e7c3,Kahvaltılık Pankek,Turkey,"Lezzetli ve pratik kahvaltılık pankekler, misafirlerinizi ve sevdiklerinizi şaşırtmak için ideal",Tatlı,"[""2 adet yumurta"", ""2 yemek kaşığı şeker"", ""1 su bardağı süt"", ""1,5 su bardağı un"", ""1 paket kabartma tozu"", ""1 paket vanilya"", ""1 tatlı kaşığı sıvı yağ (pişirmek için)""]","[""Yumurta ve şekeri karıştırma kabına alıyoruz ve iyice çırpıyoruz."", ""Daha sonra içine süt, un, kabartma tozu ve vanilyalı ilave edip karıştırıyoruz."", ""Kek hamurundan biraz daha kıvamlı bir harç olacak."", ""Teflon, yapışmaz veya krep tavasını ısıtıp çok az yağ koyuyoruz."", ""Yapışmaması için ve bir kaşık yardımı ile kızgın tavaya pankekleri döküp pişiriyoruz."", ""Üzerleri göz göz olduktan sonra ters çevirerek diğer yüzünü de pişirelim. Harcımız bitene kadar bu işlemi yapalım."", ""Hepsi piştikten sonra istediğimiz şekilde servis edip yiyebilirsiniz. Afiyet olsun.""]"
d687fec7-d364-4914-9019-cddf3a8250cd,Brownie Tadında Kurabiye,Turkey,"Kakao ve fıstıkla zenginleştirilmiş, damaklarda unutulmaz bir lezzet bırakan brownie tadında kurabiye",Tatlı,"[""1 su bardağı su"", ""1 su bardağı toz şeker"", ""125 gram oda sıcaklığında tereyağı"", ""1 çay bardağı pudra şekeri"", ""1 çay bardağı sıvı yağ"", ""1 paket vanilin"", ""1 paket kabartma tozu"", ""1 adet yumurta"", ""3 su bardağı un"", ""3 yemek kaşığı kakao""]","[""İlk olarak kurabiyenin şerbetiyle başlayalım. Tencereye su ve şekeri alarak karıştıralım ve kaynamaya bırakalım. 5-6 dakika kaynattıktan sonra içerisine bir tarçın kabuğu ekleyip soğuması için ayrı ka"", ""Kurabiye hamuru için yoğurma kabına tüm malzemeleri alalım. Unu azar azar ilave ederek karıştırmaya başlayalım."", ""Toparlanan hamuru pişirme kağıdına ceviz büyüklüğünde parçalar kopartarak şekillendirelim. Yaklaşık olarak 30 adet kurabiye çıkıyor."", ""Önceden ısıtılmış 200 derece fırında 10 dakika pişirelim. Fırından çıkan kurabiyeler biraz soğuduktan sonra şerbet içerine batırıp servis tabağına dizelim. Üzerlerini süslemek için ceviz kullanabilirs""]"
4fb55b7b-1528-427c-adc6-49683ac63773,Tuzlu Kurabiye Tarifleri,Turkey,Pratik ve lezzetli tuzlu kurabiye tarifleriyle atıştırmalıklerinizi şenlendirin,Tatlı,"[""Etimek Tatlısı Tarifi"", ""Damla Çikolatalı Kurabiye"", ""Tatlı Tarifleri Spoonful Mozaik Pasta Çikolatalı Sufle İrmik Helvası Fırın Sütlaç Profiterol Revani Magnolia"", ""Kahvaltılık Tarifler Pancake Krep Pişi Kuymak Kaygana Kahvaltılık Sos Menemen Muhlama Yumurtalı Ekmek Omlet"", ""Omlet""]","[""Bir tepsi dolusu nefis susamlı çıtır çıtır kurabiye pişirmeye ne dersiniz? Kandil simidini andıran, kıyır kıyır ağızda dağılan, çaya nefis bir eşlikçi olan bu tuzlu kurabiyeyi denemek için sebebiniz ç"", ""Kurabiye yapmak demek yağ, şeker, un ve kabartma tozunu karıştırmaktan ibaret değil. Çok kolay gözükse de ağızda dağılan, kıyır kıyır, harika pişmiş kurabiyeler için püf noktaları ve teknik de önemli.""]"
c159bfeb-8e98-43e0-926d-ab3c7b04969b,Rulo Omlet,Turkey,"Yumuşacık ve lezzetli rulo omlet, pratik kahvaltıların vazgeçilmezi",Et Yemekleri,"[""5 adet yumurta"", ""1 çay kaşığı tuz"", ""1/2 çay kaşığı karabiber"", ""1/2 çay bardağı süt"", ""1 adet küçük boy domates (çekirdekli kısmı çıkarılmış)"", ""1 su bardağı rendelenmiş kaşar peyniri"", ""1/2 çay bardağı sıvı yağ (ayçiçek veya zeytinyağı)""]","[""Yumurtaları geniş bir kaseye teker teker kırın."", ""İçerisine tuz, karabiber ve sütü ekleyip hafifçe kabarıncaya kadar çırpıcı veya mikser ile çırpın."", ""İnce ince doğradığınız maydanozları ekleyin."", ""Sulu çekirdekli kısmını çıkardığınız domatesleri minik küpler halinde doğrayın ve onları da kasedeki yumurtaları karışıma ekleyin."", ""Pişirmeden önce son bir kez daha karıştırın."", ""Ocakta kısık-orta ateşte ısıttığınız yapışmaz bir tavaya sıvıyağdan bir yemek kaşığı dökün."", ""2 kepçe kadar çırpılmış yumurtalı karışımı tavada dökün."", ""Alt kısmı iyice piştiğinde rendelenmiş kaşarı üzerin serpin ve ardından bir spatula yardımıyla tavanın içerisinde rulo şeklinde sarın."", ""Rulo haline getirdiğiniz ilk omleti tavanın kenarına doğru yerleştirin ve biraz daha sıvıyağ dökerek tekrar karışımdan tavaya ekleyin."", ""Tekrar rendelenmiş kaşarı üzerine serpin ve rulo halinde sarmaya devam edin."", ""Elinizdeki çırpılmış yumurta karışımı bitene dek bu işlemleri tekrar edin."", ""Tavadaki rulo omletiniz istenilen büyüklüğü ulaştığında kapağını kapatarak 30-40 saniye daha pişirin."", ""Servis etmeden önce bir kesme tahtası üzerine alarak omletinizi dilimleyin. Afiyet olsun!""]"
f5ca4dad-a447-450b-b1da-17b506f74324,Kuru Domates ve Pırasalı Tam Buğday Poğaça,Turkey,"Tam buğday unu, kuru domates ve pırasa ile hazırlanan sağlıklı ve lezzetli poğaça tarifi",Börek & Hamur İşi,"[""1 çay kaşığı tuz"", ""2 adet yumurta (1 tanesinin sarısından üzerine sürmek için bir parça ayırın)"", ""3 su bardağı tam buğday unu"", ""1 tatlı kaşığı susam ve çörek otu karışımı""]","[""Yumurta ile yoğurtu iyice karıştırın."", ""Zeytinyağını ekleyin karıştırın."", ""Sebzeleri yıkayıp kurutun ve ince ince doğrayın."", ""Beyaz peyniri ezin ve lor peyniri ile birlikte ekleyin, karıştırın ve biber salçasını ekleyin tekrar karıştırın."", ""Tuzu ve kabartma tozunu da ekleyip karıştırdıktan sonra unu yavaş yavaş karıştırarak ilave edin, elinizle yoğurun."", ""Normal poğaça hamurundan biraz daha yapışkan bir hamur elde edin."", ""30 dakika oda sıcaklığında dinlenmeye bırakın, dinlenen hamura dilediğiniz gibi şekil verin."", ""Fırına tepsisine aralıklı dizin, üzerine yumurta sarısı sürüp çörek otu ve susamı ekleyin."", ""180 derecede yaklaşık 25 dakika pişirin.""]"
f915e7bd-1bfa-414b-97e9-a60500210eb4,İtalyan Usulü Domates Çorbası,Turkey,Taze domateslerin ve sarımsağın harmanlandığı lezzetli ve sıcak bir İtalyan klasiği,Çorba,"[""1 adet sarımsak"", ""5 adet yarımsoğan"", ""2 yemek kaşığı sıvı yağ"", ""700 gram domates"", ""2 yemek kaşığı domates salçası"", ""500 gram su"", ""20 gram krema"", ""1 çay kaşığı tuz"", ""1 çay kaşığı karabiber""]","[""Sarımsakla soğanı sıvı yağda kavuralım."", ""Kavurduktan sonra domatesleri soyalım ve rendeleyelim, soğanların içine alalım."", ""Salçayı, suyu ve baharatları da içine alalım. 40 dakika kaynasın pişsin.""]"
f1a9746d-2eb6-4ad8-95ba-9fcab68c609a,Crinkle Cookie,Turkey,"Dışarı çıtır içi yumuşak, çikolata parçacıklı krakerli kurabiye",Ana Yemek,"[""110 gram tuzsuz tereyağı"", ""1 su bardağı şeker"", ""1 adet yumurta"", ""4 yemek kaşığı kakao"", ""1 paket kabartma tozu"", ""1 paket vanilya"", ""2 su bardağı un (gerekirse ilave)"", ""1 su bardağı bitter çikolata""]","[""Tereyağı, şeker ve yumurtayı krema olana kadar mikser ile çırpalım."", ""Kakao, vanilya ve 1 su bardağı unu ekleyip 2-3 dakika daha mikserle çırpalım."", ""Kalan unu ekleyerek elle yoğurma işlemine geçelim. Hamur ne çok cıvık ne çok katı olmalı."", ""Harcı hazırladıktan sonra içerisine bitter çikolata kırıntılarını ekleyip buzdolabında 1 saat kadar bekletelim."", ""Bekleyen hamuru cevizden biraz büyük parçalar halinde yuvarlayıp bol pudra şekerine bulayıp fırın tepsisine aralıklı dizelim."", ""Önceden ısıtılmış fırında 180° 8-10 dakika pişirelim."", ""Fırından çıkarınca hemen ellemeyin, tepside pişmesine devam etsinler. Afiyet olsun.""]"
556be3ba-c8d3-40f0-a90a-e06240b16fd8,Karamelize Soğanlı Peynirli Enginar,Turkey,Karamelize soğanların tatlılığı ve peynirin zenginliğiyle buluşan lezzetli bir enginar yemeği,Ana Yemek,"[""4 adet enginar"", ""1 yemek kaşığı şeker"", ""1 çay kaşığı tuz"", ""2 adet orta boy soğan"", ""4 yemek kaşığı zeytinyağı"", ""1 tatlı kaşığı şeker"", ""250 gram krem peynir""]","[""Enginar çanaklarını zeytin yağı, tuz ve şekerle ovun."", ""Ardından sığ ve kapaklı bir tencereye alın, üzerini geçecek kadar sıcak su ekleyin. Tencerenin ağzını kapatın. Pişmeye başlasınlar."", ""Enginarlar pişmeye devam ederken bir yandan piyazlık doğradığınız soğanları şeker ile karamelize edin."", ""Ardından bu karamelize soğanları yumuşamaya başlayan enginar çanaklarının üzerlerine koyun. Tencerenin ağzını kapatıp harlı ateşte pişmeye bırakın."", ""Enginarlar yaklaşık 45-50 dakika lokum gibi olana kadar pişecekler. Bu aşamada suyu azaldıkça ekleyebilirsiniz. Süre dolmadan bezelyeleri ekleyin."", ""Piştikten sonra bir enginarı ayrı bir tabağa alıp krem peynir ile çatalla ezin."", ""Diğer enginarları sunum tabağına alıp üzerilerine krem peynirli enginar karışımını paylaştırın, sonra da karamelize soğan ve bezelyeleri paylaştırın. Afiyet olsun.""]"
6c94a322-2fcb-4937-9d6b-a93fc0f185eb,Frambuazlı Muhallebi,Turkey,"Taze frambuazların ferahlatıcı tadıyla buluşan, kremsi ve lezzetli bir muhallebi tarifi",Tatlı,"[""250 gram frambuaz"", ""5 yemek kaşığı şeker (sos için)"", ""2 yemek kaşığı mısır nişastası (1 çay bardağı suyla açılır)"", ""1 su bardağı su"", ""1 paket vanilya (sos için)"", ""1 litre süt"", ""1 paket vanilya""]","[""Sosu için frambuaza şekeri ve suyu ilave edip dolapta bir saat bekletiyoruz. Ocağa alıyoruz. Bir çay bardağı soğuk suyla mısır nişastasını eritip, içine ilave edip kaynatmaya başlıyoruz."", ""Kaynayınca kısık ateşte 5 dakika daha kaynatıp ocaktan alıpyoruz. Vanilyasını ilave ediyoruz, ılıyana kadar kabuk tutmaması için hafif karıştırıyoruz ve soğumaya bırakıyoruz."", ""Muhallebi için süt, un, nişasta, vanilya ve şekeri bir tencerede kaynayana kadar karıştırıyoruz. Kaynadıktan sonra bir borcama dökülyoruz. Soğuduktan sonra üzerine sosumuzu döküyoruz. Afiyet olsun.""]"
c273230f-cfe5-4348-8909-49ea00689f45,Gaziantep Usulü Nohut Dürüm,Turkey,"Gaziantep'in lezzetli ve doyurucu sokak lezzeti nohut dürüm, evde kolayca yapabileceğiniz pratik bir tarif",Sebze Yemekleri,"[""1/2 çay bardağı zeytinyağı"", ""2 su bardağı nohut (bir gece önceden ıslatılmış)"", ""1 adet ilikli kemik"", ""1,5 çay kaşığı kimyon (1 çay kaşığı nohutu pişirmek için)"", ""1 çay kaşığı tuz"", ""1/2 çay kaşığı karabiber"", ""1 çay kaşığı kırmızı toz biber"", ""1 çay kaşığı pul biber""]","[""Nohutları üzerini 3-4 parmak geçecek kadar kaynar su ve 1 yemek kaşığı tuzla birlikte geniş bir kaseye koyun ve 1 gece bu şekilde bekletip nohutların şişmesini sağlayın."", ""Ertesi gün şişen nohutları ilikli kemik, kimyon ve suyla birlikte yumuşayana kadar pişirin."", ""Pişen nohutları yağı kızdırdığını tavaya alın. Üzerine tuz, karabiber, kimyon, karabiber ve toz kırmızı biberi ekleyip çıtırlaşana kadar kavurun ve ocaktan alın."", ""Dürümü hazırlamak için önceden kıvırcık ve domatesleri doğrayın. Soğan ve maydanozu karıştırın. Ev yapımı patatesş kızartın ve baharatları hazırlayın."", ""Tandır lavaşına hazırladığınız nohutla birlikte zevkinize göre yeşillik ve soğan ekleyip dürüm şeklini verin ve afiyetle tüketin.""]"
6d69e28f-0500-4df6-9c42-b72e5e80c238,Çikolatalı Pasta,Turkey,Lezzetli ve pratik çikolatalı pasta tarifimizle misafirlerinizi şaşırtın,Tatlı,"[""5 adet yumurta"", ""1 su bardağı toz şeker"", ""1 su bardağı (1 yemek kaşığı fazla) un"", ""1 yemek kaşığı nişasta"", ""1/2 çay bardağı sıcak su"", ""1 paket kabartma tozu"", ""1 paket vanilin""]","[""Öncelikle mikser kabına oda sıcaklığındaki yumurtaları kırın, mikseri açıp en düşük ayarında yumurtaları ve toz şekeri çırpın."", ""Yumurtanın rengi hafif dönmeye başladığında sıcak suyu yavaş yavaş ilave edip,mikserin devrini yükseltin."", ""Yüksek ayarda yumurta ve şeker beyaz ve yoğun kıvam alana kadar çırpma işlemine devam edin."", ""Bir kapta un, kabartma tozu, vanilyayı elekten geçirin. Yumurtalar beyazladığında mikseri kapatın ve kuru malzemeleri 3 aşamada ilave ederek saat yönünde karıştırın."", ""21 cm lik kelepçeli kalıba pandispanya harcını döküp 160° lik ılık fırına verin.35 ile 40 dakika kadar pişirin."", ""Piştikten sonra fırından çıkarıp, ızgara telinin üzerine ters çevirip soğumaya bırakın. Soğuduktan sonra kalıptan çıkarıp dilimleyin."", ""Pastacı kreması için tencereye, vanilya, tereyağı ve toz krem şanti hariç tüm malzemeyi ekleyin. Ocağa almadan önce tel çırpıcı ile karıştırın."", ""Ocağa alıp orta hararetli ateşte sürekli karıştırarak pişirin. Kaynamaya başladıktan sonra ocağın altını kısıp 2-3 dakika daha pişirin."", ""Ocağın altını kapatıp vanilyayı ve tereyağı ekleyip karıştırın. Geniş bir kaba aktarıp, üzerini streç film ile kapatıp soğumaya bırakın."", ""Soğuduktan sonra çırpma kabına alıp, krem şantiyi ekleyip yüksek devirde 3 dakika çırpın. Sıkma torbasına alıp buzdolabı kaldırın."", ""Keki dilimlere ayırdıktan sonra alt tabanı servis edeceğimiz tabağa yerleştirin. Pandispanyanın alt tabanına kremayı sürün, arasına damla çikolata ve dilimlenmiş muz yerleştirin."", ""2.kek katmanını üzerine kapatıp aynı işlemi tekrarlayın. Ta ki son kata kadar. Son katmanı yerleştirdikten sonra, pastayı dolapta 1 saat dinlendirmeye bırakın."", ""Çırpma kabında dış kaplaması için 1,5 paket krem şantiyi ve sütü ekleyip, katılaşana kadar mikserin yüksek devrinde çırpın."", ""Pasta soğuduktan sonra dış kısmını şanti ile kaplayıp, süslemesini yapıp, servis edebilirsiniz.""]"
92ad76cc-e692-4323-817c-b3b893565d7f,Safranlı Zerde,Turkey,"Safranlı Zerde, safranın eşsiz aromasıyla zenginleştirilmiş, geleneksel ve ferahlatıcı bir Türk tatlısıdır",Ana Yemek,"[""1 çay bardağı baldo pirinç"", ""1 su bardağı şeker (+1/4 su bardağı)"", ""6 su bardağı su"", ""2 yemek kaşığı nişasta"", ""1 çay kaşığı ucusafran"", ""1 yemek kaşığı gül suyu"", ""1 yemek kaşığı kuş üzümü"", ""1 yemek kaşığı dolmalık fıstık""]","[""Önce safranımızı yarım çay bardağı kaynar su içerisin de rengini vermesi için bekletelim."", ""Pirincimizi iyice yıkayıp suyunu akıtalım ve tencereye alalım."", ""Suyunu ve şekerini ilave edip yumuşayana kadar pişirelim."", ""Pişen pirinçlere artık kuş üzümü, dolmalık fıstık ve safranın suyunu katalım."", ""Nişastayı yarım çay bardağı su ile karıştırıp pirinçlere ilave edelim."", ""En son gül suyunu da ekleyelim ve kıvam alana kadar pişirip altını kapatalım."", ""Kaselere pay edip soğuduktan sonra servis edelim. Afiyet olsun.""]"
8aa37a94-9193-405c-9492-a78cb6719083,Krep Kanepe,Turkey,"Hafif ve lezzetli krep kanepeler, pratik atıştırmalıklar için idealdir",Ana Yemek,"[""1 su bardağı un"", ""1/2 su bardağı süt"", ""1/2 su bardağı su"", ""2 adet yumurta"", ""1 çay kaşığı tuz""]","[""Kabımızın içerisine un, süt, su, tuz, yumurtayı koyup güzelce karıştırıyoruz."", ""Tavamızın içerisine büyük bir kaşık yardımıyla krebimizi döküp tavanın her yerine gelecek şekilde tavayı yaydırıyoruz. Ocakta 1 dakika çevirerek arkasını ve önünü pişiriyoruz."", ""Krebimizin içerisine krem peyniri sürüyoruz. Patates soyma aparatımızla salatalığımızın iç kısmını ince dilimler halinde soyuyoruz ve krem peynirimizin üzerine sırasıyla gelecek şekilde diziyoruz."", ""Krebimizi güzel bir şekilde sarıyoruz ve aralıklarla kesiyoruz."", ""Süslemesi için küçük domatesler, salatalık, kaşar ve zeytinle kürdan yardımıyla süslüyoruz. Afiyet olsun.""]"
7065b686-3252-4963-8aea-82e5900f040e,İki Renkli Yumuşak Kek,Turkey,"Kakao ve vanilyalı hamuruyla göz dolduran, iki renkli ve yumuşacık bir kek tarifi",Tatlı,"[""3 adet yumurta"", ""1 su bardağı toz şeker"", ""2,5 yemek kaşığı kakao"", ""1 paket kabartma tozu"", ""2 paket vanilya"", ""1 su bardağı sıvı yağ"", ""1 su bardağı yoğurt (sulu kıvamlı)"", ""3,5 - 4 su bardağı un"", ""2-3 damlalimon""]","[""Bir kabın içerisine yumurtaları kırın. Üzerine toz şeker ilave ederek çırpın."", ""Ardından yoğurdu, sıvı yağı ekleyerek çırpmaya devam edin."", ""Soda, kabarma tozu, vanilya ve birkaç damla limon ilavesini de ekleyerek çırpmaya devam edin."", ""Ardından unu eleyerek azar azar ilave edin ve spatula yardımıyla harca yedirin."", ""Harcın bir kısmını ayırın. Ayırdığınız kısma kakao ilave ederek çırpın."", ""Yağlanmış unlanmış orta boy bir kek kalıbının tabanına kakaolu harcı aktarın. Üzerine de sade olan harcı ilave edin."", ""Önceden ısıtılmış 180 derecelik fırında ortalama 30-35 dakika kadar pişirin. Çıkarıp oda sıcaklığında dilerseniz üzerine çikolata sos gezdirin ve dilimleyerek servis edin.""]"
8c6f8a41-2768-40ef-94b0-105b42a6ea86,Biscotti,Turkey,"İkili pişirme yöntemiyle hazırlanan, çay ve kahve ile mükemmel uyum sağlayan çıtır İtalyan bisküvisi",Ana Yemek,"[""3 adet yumurta"", ""1 su bardağı toz şeker"", ""3 yemek kaşığı tereyağı"", ""1 çay bardağı kuru kayısı"", ""2 su bardağı fındık içi"", ""100 gram damla çikolata"", ""1 yemek kaşığı portakal kabuğu rendesi"", ""2 su bardağı un"", ""1 paket vanilin"", ""1 paket kabartma tozu""]","[""Oda sıcaklığında olan tereyağı ve şekeri derin bir kabın içerinde çırpın. Karışımın içine vanilini ekleyin."", ""Karışıma teker teker yumurtaları ekleyin. Her yumurta sonrasında karışımı çırparak yumurtayı karışıma yedirin."", ""Un ve kabartma tozunu da karışıma ekleyin. Akışkan bir hamur elde edeceksiniz. Hamurun içine aroma vermesi için dilerseniz rendelenmiş portakal kabuğu ekleyin."", ""Hamurun yarısını ayrı bir kaba alın. Kuru kayısıları doğrayın. Fındıkları dövün."", ""Hamurun yarısına kuru kayısı ve fındık, diğer yarısına damla çikolata ve fındık karışımını ekleyerek spatula yardımıyla hamurları ayrı ayrı karıştırın."", ""2 ayrı fırın tepsisine yağlı kağıt serin. Hamurları ayrı tepsilere rulo şekli vererek aktarın. Hamurlar pişerken yayılacaktır."", ""Önceden ısıtılmış fırında 160-170 derecede 15-20 dakika kontrollü olarak pişirin."", ""Hafif renk alan biscottileri fırından çıkarıp 15 dakika oda sıcaklığında bekletin. Soğuduklarında tırtıklı bıçak yardımıyla parmak kalınlığında keserek ızgara tellerin üzerine dizin."", ""Tellerin üzerinde renkleri dönene kadar yaklaşık 15 daha pişirin.Izgara tel yerine normal tepside 10 dakika bir yüzünü, 10 dakika diğer yüzünü fırınlayabilirsiniz."", ""Biscottileri fırından çıkarıp soğutarak tüketebilirsiniz. Afiyet olsun.""]"
f4301ae7-0817-4a02-b822-197f6000bed1,Çilekli Manolya Tatlısı,Turkey,Yulaflı bisküviler ve taze çileklerle hazırlanan pratik ve lezzetli bir tatlı,Tatlı,"[""2 paket yulaflı bisküvi"", ""1 adet yumurta sarısı"", ""10 adet çilek"", ""1 litre süt"", ""1 su bardağı (tepeleme) şeker"", ""2 tepeleme yemek kaşığı un"", ""2 paket vanilya"", ""1 paket krema""]","[""Muhallebisini hazırlamak için; vanilya ve krema hariç un, şeker, süt, yumurta sarısı, nişasta pişirilir."", ""Piştikten sonra vanilya ilave edilir ve soğumaya bırakılır."", ""Soğuduktan sonra krema eklenip 1 dakika daha çırpılır. Bisküviler rondodan geçirilir, çilekler yıkanıp kurutulur."", ""Servis kuplarının içerisine önce bisküvi, çilekler ve muhallebi pay edilir, buzdolabında soğuttuktan ve süsledikten sonra servis edilir. Afiyetler olsun!""]"
aba57430-9ec5-47f7-a323-c37ea7516a01,Pofuduk Mısır,Turkey,"Pratik ve lezzetli atıştırmalık için sadece üç malzemeyle hazırlanan, çıtır çıtır pofuduk mısır tarifi",Ana Yemek,"[""1 su bardağı konserve mısır"", ""2 adet yumurta"", ""30 gram rendelenmiş mozzarella peyniri"", ""1 çay kaşığı tuz"", ""1/2 çay kaşığı karabiber"", ""1/2 çay kaşığı toz kırmızı biber"", ""2 çay kaşığı kekik"", ""1/2 paket kabartma tozu"", ""1 yemek kaşığı sıvı yağ"", ""4 yemek kaşığı un""]","[""Tüm malzemeleri bir kase içerisine alarak güzelce karıştırın."", ""Harcı birer yemek kaşığı olacak şekilde porsiyonlayın, tost makinesinde her iki tarafınında da 7 dakika kadar pişirin ve ardından servis edin. Afiyet olsun.""]"
b9717316-ad99-4826-816c-96c0cee46799,English Muffin,Turkey,"Ev yapımı İngiliz Muffin'lar, kahvaltılarınız için mükemmel, çıtır ve delikli bir lezzet sunar",Ana Yemek,"[""15 gram yaş maya"", ""180 mililitreılık su"", ""22 gram şeker"", ""5 gram tuz"", ""30 gram yumurta"", ""340 gram un"", ""42 gram yumuşak tereyağı""]","[""Mayayı su ile çözdürün. Yumurta, şeker ve tuzu sırayla dökün ve karıştırmaya başlayın."", ""Un ve tereyağını ekleyip yoğurmaya devam edin."", ""Yuvarlak toplar halinde yuvarlayıp mayalandırmaya bırakın. 10 adet yuvarlak elde edebilirsiniz, ben bilerek büyük 4 parça yaptım."", ""Mayalandıktan sonra ocakta kısık ateş üzerinde tavada çevirerek pişirin. Şimdiden afiyet olsun.""]"
bd79399e-7011-498f-b1df-08426daf9cf4,Frambuazlı Brownie,Turkey,"Çikolatalı brownienin içine ferahlatıcı frambuazların eklendiği, lezzetli ve pratik bir tatlı tarifi",Ana Yemek,"[""3 adet yumurta"", ""1/2 su bardağı şeker"", ""1 tatlı kaşığı vanilya"", ""1/2 su bardağı un"", ""1 yemek kaşığı kakao"", ""150 gram bitter çikolata"", ""100 gram tereyağı""]","[""Tereyağı ve bitter çikolatayı benmari usulü eritiyoruz."", ""Ayrı bir kapta yumurta, şeker ve vanilyayı 3-4 dakika mikserle çırpıyoruz."", ""Üzerine elenmiş un ve kakaoyu ekleyip hafifçe karıştırıyoruz."", ""Son olarak çikolatalı karışımı ilave edip spatula yardımıyla karıştırıyoruz."", ""Yaklaşık 20x20 cm ebatında yağlı kağıt serilmiş fırın kabına karışımı döküyoruz."", ""Üzerine frambuazları ekleyip 165 derece fırında içi nemli kalacak şekilde yaklaşık 10-15 dakika pişiriyoruz. Afiyet olsun.""]"
6dd37352-6653-4835-a27d-c5329055cd4f,Peynirli Omlet,Turkey,"Lezzetli ve pratik bir kahvaltı seçeneği olan peynirli omlet, hem doyurucu hem de çok kolay hazırlanır",Et Yemekleri,"[""3 adet büyük boy yumurta"", ""1/2 çay kaşığı tuz"", ""1 tatlı kaşığı zeytinyağı"", ""1 yemek kaşığı tereyağı""]","[""Yumurtaları bir kaseye kırın ve bir çatal ya da çırpıcı ile çırpın."", ""Ardından karabiberi ilave edin."", ""Geniş bir tavaya zeytinyağı ve tereyağını ekleyerek ocağa alın. Kısık ateşte yağı eritmeye başlayın."", ""Yağ eridiğinde yumurtayı ilave edin ve 1-2 dakika pişmeye bırakın."", ""Omletin altı pişmeye başladığında parçaladığınız peynirleri omletin bir yarısına koyun."", ""Bir spatula peynirsiz kısımı kaldırarak omleti katlayın."", ""1 dakika daha katlı şekilde pişirdikten sonra ocaktan alın."", ""Taze otlarla ya da kahvaltılıklarla birlikte, sıcak sıcak servis edin. Afiyet olsun!""]"
596c12bb-c886-4c7e-a3d8-d8556c0a5261,Çikolatalı Külah,Turkey,"Kıtır milföy hamurlarıyla hazırlanan, bol çikolatalı ve lezzetli bir tatlı",Tatlı,"[""6 adet milföy hamuru"", ""1 paket kuvertür bitter çikolata"", ""1 adet yumurta akı"", ""1 yemek kaşığı toz şeker""]","[""Milföy hamurlarını biraz unlayarak dikdörtgen olacak şekilde açıp 5 ince uzun parçaya bölüyoruz."", ""Parçaları külah şeklinde bir metale kat kat sarıyoruz."", ""Ayırdığımız yumurta akını çırpıp milföy hamurlarının üzerine sürüyoruz ve toz şeker serpiyoruz. 200 derece 20 dakika pişiriyoruz."", ""Metalleri hamurdan ayırdıktan sonra her bir külaha 3 adet kuvertür çikolata koyup fırının ısısıyla eritiyoruz. Afiyet olsun.""]"
cbfd1075-7b07-4803-b1df-6df4e47cfb82,Dantel Kurabiye,Turkey,"Hafif ve çıtır dantel kurabiyeler, çay saatlerinin vazgeçilmezi",Tatlı,"[""440 gram un"", ""225 gram tereyağı"", ""180 gram şeker"", ""1 adet yumurta"", ""1 çay kaşığı vanilya özütü""]","[""Oda sıcaklığında krema kıvamındaki terayağını ve toz şekeri beyazlaşıncaya kadar çırpın. Yumurtayı ve vanilyayı ekleyip çırpmaya devam edin."", ""Elediğiniz unu mikserin hızını düşürdükten sonra azar azar ekleyin. Hamuru streç filme sarıp en az 1 saat buzdolabında dinlendirin."", ""Buzdolabından çıkan hamuru ikiye bölün. Hafifçe unladığınız tezgah üzerinde hamuru dikkatlice 0.5-0.8mm kalınlığında açın."", ""Üzerine hafifçe unlayıp dantelinizi yerleştirip merdane ile üzerinden geçerek dantel deseni elde edin. (silikon dantel kalıbı veya şekilli ahşap merdane de kullanabilirsiniz)"", ""Dilediğiniz şekilde kesip, bir spatula yardımıyla şeklini bozmadan yağlı kağıt serdiğiniz tepsinizin üzerine yerleştirin."", ""Tepsileri fırına vermeden bir 10 dakika daha buzdolabında bekletebilirsiniz. 180 derecede ısınmış fırında yaklaşık 14-16 dakika pişirin."", ""Kenarları renk almaya başladığında kurabiyeleriniz pişti demektir. Yarı zamanda eşit pişmeleri için tepsileri çevirmeyi unutmayın. Ardından çıkarıp soğuttuktan sonra servis edebilirsiniz. Afiyetler ol""]"
a4cf04d8-5aa7-40b0-babd-062ced8c2590,Kolay Lahmacun,Turkey,"Evde pratik bir şekilde yapabileceğiniz, lezzetli ve doyurucu lahmacun tarifi",Ye,"[""10 adet yufka"", ""400 gram dana kıyma"", ""3 adet yeşil biber"", ""2 adet kapya biber"", ""2 adet domates"", ""1 adet soğan"", ""1/4 adet maydanoz"", ""2 tatlı kaşığı pul biber"", ""2 çay kaşığı tuz"", ""1 çay kaşığı karabiber"", ""1 tatlı kaşığı domates salçası"", ""1 tatlı kaşığı biber salçası""]","[""1 tane yufkayı tezgaha serin. Sıvı yağ ve suyu karıştırın. Bu karışımı yufkanın üzerine sürün."", ""2. yufkayı üstüne kapatıp kaseyle yuvarlaklar çıkarın."", ""İç harcı için kıymanın içine rondodan geçirilmiş 1 tane soğan 2 sıvrı biber 1 adet kırmızı biber maydanoz ve tuz ekleyin. Güzelce yoğurun."", ""Yufkaların üzerine kıymayı pay edin. Yağlı kağıt serili fırın tepsisine dizin. 180 dereceye ayarlı önceden ısıtılmış fırında 20-25 dakika kadar pişirin. Çıkarıp oda sıcaklığında servis edin. Afiyetler""]"
f4ae8289-040d-4cc1-ac4c-8fbb6541bc58,Mantarlı Karıştırma,Turkey,Tereyağı ve zeytinyağıyla kavrulan lezzetli kültür mantarlarından yapılan pratik ve doyurucu bir tarif,Ana Yemek,"[""400 gram kültür mantarı"", ""1 yemek kaşığı tereyağı"", ""2 yemek kaşığı zeytinyağı"", ""1 su bardağı süt"", ""2,5 yemek kaşığı un"", ""1 çay kaşığı tuz""]","[""Tavaya zeytinyağını alın. Mantarları ince ince doğrayın ve tavaya ilave edin. Mantarlar suyunu dalıp çekene kadar kavurun."", ""Tereyağını ekleyip karıştırın."", ""Unu da ekleyip kokusu çıkana kadar kavurun."", ""Sütü ilave edin ve kıvam alana kadar karıştırın."", ""Kıvam alınca ocaktan alın."", ""Üzerine toz biberli yağ gezdirip servis edelim.""]"
fa093d30-f08c-4290-832a-87992b96e86b,Bol Vişneli Fırınlanmış Yulaf,Turkey,Vişne ve yulafın lezzetli birleşimiyle hazırlanan pratik ve sağlıklı bir tatlı,Ana Yemek,"[""1 adet olgun muz"", ""1/3 su bardağı Hindistan cevizi şekeri (ya da esmer şeker)"", ""1/3 su bardağı süt"", ""2 adet yumurta"", ""2 yemek kaşığı fıstık ezmesi (ya da tahin)"", ""2 su bardağı glutensiz yulaf ezmesi"", ""1 tatlı kaşığı tarçın""]","[""Muzu püre haline getirin, vişne hariç tüm malzemeleri ekleyip iyice karıştırın."", ""Bir borcama yağlı kağıt serdikten sonra harcı aktarın, yayın. En son üzerini biraz daha goji berry ve bolca vişneyle süsleyin."", ""180 derecelik fırında 20-25 dakika pişirin. Tamamen soğuduktan sonra dilimleyin, ister soğuk, ister biraz ılıtıp servis edin. Afiyetler olsun!""]"
65167772-31cb-4041-b5e0-94e7ca7e9479,Yağlı Ev Turşusu,Turkey,"Ev yapımı yağlı turşu, lezzetli ve pratik bir tarif ile sofralarınızı şenlendirin",Ana Yemek,"[""1/2 adet lahana (lahana sert olmalı, dolmalık olmamalı)"", ""1/2 kilogram çengelköy salatalık"", ""1/2 kilogram sivri biber"", ""1/2 kilogram havuç""]","[""Tüm sebzeleri yıkayın ve iri lokmalar olarak doğrayın."", ""1 baş sarımsağı ayıklayın, ister bütün ister ikiye bölerek tüm sebzelerle birlikte büyük kapta karıştırın."", ""6 çorba kaşığı kaya tuzu ekleyin ve karıştırın. Tuz miktarını kendiniz de ayarlayabilirsiniz. 3 saat dinlendirin."", ""Daha sonra kavanozlara üstünden bastırarak sıkıca doldurun."", ""Buzdolabında 3 ay bozulmadan durabilir.""]"
f0550867-6433-4af0-8935-5cf571477306,Borcamda Malaga Pasta,Turkey,"Malaga Pasta, pratik ve lezzetli bir borcam tatlısıdır",Tatlı,"[""3 adet yumurta"", ""1 su bardağı toz şeker"", ""1/2 su bardağı süt"", ""1 çay bardağı sıvı yağ"", ""3 yemek kaşığı kakao"", ""1,5 su bardağı un"", ""1 paket vanilin"", ""1 paket kabartma tozu""]","[""İlk olarak keki hazırlayalım. Sırasıyla bütün malzemeleri ekleyip karıştıralım ve borcama dökelim. 180 derece fırında alt üst pişirelim."", ""Kek pişerken muhallebi yapımına geçelim. Sırasıyla un, şeker, nişasta ve yumurta sarısını ekleyerek kaynayana kadar karıştıralım."", ""Pişen muhallebiye tereyağı ve vanilya ekleyerek ocağın altını kapatalım. Soğuduktan sonra toz krem şanti ekleyerek mikser ile çırpalım."", ""Pişen keke 1 çay bardağı soğuk süt dökelim. Daha sonra kremamızı kekin üzerine dökelim. Dolapta 1 saat bekletelim."", ""En son üzerine muz ekleyelim, ısıttığımız kremaya bitter çikolata koyalım ve karıştıralım."", ""Muzların üzerine dökelim. Tekrar dolapta bekledikten sonra servis yapabilirsiniz. Afiyet olsun.""]"
f02a69e1-e6a7-4abd-8102-15bb281f17be,Nokul,Turkey,"Yumuşacık ve lezzetli bir hamur işi olan nokul, çay saatlerinin vazgeçilmezi",Ana Yemek,"[""1 adet yumurta (sarısı üzeri için)"", ""2 yemek kaşığı yoğurt"", ""1 çay bardağı sıvı yağ"", ""1 su bardağı ılık su"", ""1 yemek kaşığı sirke (üzüm veya elma)"", ""1 paket instant maya"", ""1 çay kaşığı karbonat"", ""5,5 su bardağı un"", ""1 yemek kaşığı toz şeker""]","[""Hamur için su, şeker ve mayayı aktive edin."", ""Un dışındaki malzemeleri ekleyin."", ""Azar azar unu ilave edin ve yoğurun."", ""30 dakika dinlendirin."", ""İç harç için malzemeleri karıştırın."", ""Dinlenen hamuru 4 parça bölün."", ""Merdane yardımıyla açarak üstüne tereyağı sürün ve cevizli karışımdan serpiştirin."", ""Diğer hamurları da aynı şekilde yaparak üst üste dizin."", ""2 parmak kalınlığında kesin ve fırın tepsisine dizin."", ""Yumurta sarısı sürün. 180 derecede 30 dakika kadar pişirin."", ""Nokul tarifiniz hazır. Afiyet olsun!""]"
77efacff-a858-4a6e-a38b-9eabb41a3657,Kalpli Elmalı Pasta,Turkey,"Vanilyalı pudingin yumuşaklığı ve elmanın ferahlatıcı tadıyla birleşen bu kalp şeklindeki pasta, sevdiklerinizi mutlu etmek için mükemmel bir seçim",Tatlı,"[""500 gram un"", ""1 su bardağı toz şeker"", ""1,5 yemek kaşığı vanilyalı puding (toz şeklinde)"", ""200 gram tereyağı"", ""4 yemek kaşığı labne"", ""4 yemek kaşığı limon suyu"", ""1 kg elma"", ""1 su bardağı dondurulmuş vişne"", ""2 adet yumurta"", ""1 adet yumurta sarısı"", ""1 paket vanilin"", ""1 yemek kaşığı sıvı yağ""]","[""Unu, 1 su b.+ 1yemek k. toz şekeri, vanilin şekeri, tereyağını, labne ve 2 adet yumurtayı bir kaba alın ve yoğurun. Unlanmış tezgaha alarak, üzerine un serpin ve tekrar yoğurun. Pürüzsüz bir hamur el"", ""Vişneleri elekte iyice süzerek suyunu çıkarın."", ""Elmaları küçük küp doğrayın. Limon suyunu elmalara dökün ve karıştırın. Vişnenin suyunu bir tencereye alın ve kaynatın."", ""Bu arada vanilyalı puding tozunu, 3 yemek k. toz şekeri, 6 yemek k. suyu birlikte çırpın ve kaynayan vişne suyuna ilave edin. Kaynamaya başladıktan sonra 1 dakika kadar pişirin.Ocağın altını söndürün."", ""Kek kalıbını yağlayın ve yarıya bölünmüş yağlı kağıtları yıldız şeklinde yerleştirin.Unlanmış tezgaha hamuru alın ve yarıya bölün. Hamurun bir tanesini merdaneyle 34 cm çaplarında açın ve merdane yard"", ""Elmalı harcı kalıba dökün.Diğer hamuru biraz daha büyük açın ve kalpli kalıbı bastırarak şekiller elde edin.Kalplerin alta bakan tarafını suyla fırçalayın ve dıştan içe doğru biraz üst üste gelecek şe"", ""175° önceden ısıtlılmış fırının en alt rafında 50-55 dakika pişirin ve fırından çıkarın. Yumurta sarısına 2 yemek kaşığı su ekleyip karıştırın ve fırça yardımıyla kalplerin üzerlerine sürün."", ""20 dakika daha fırının orta rafında pişirin. Fırından çıkarın, soğutun ve kenar kısımlarına pudra şekeri serpin. Afiyet olsun.""]"
77c24579-f069-44f4-872e-bc2b2361b730,Antep Fıstıklı Kadayıf,Turkey,"Tel kadayıfın bol Antep fıstığı ve tereyağıyla buluştuğu, çıtır çıtır ve lezzetli bir tatlı",Tatlı,"[""500 gram tel kadayıf"", ""3 su bardağı Antep fıstığı (iri çekilmiş)"", ""250 gram tereyağı""]","[""Su ve şekeri tencereye alıp koyulaşıncaya kadar pişirin. Limon suyunu ekleyip ocaktan alın ve soğumaya bırakın. Tereyağını eritin. Kadayıfı geniş bir tepsiye alıp elinizle didikleyerek tel tel ayırın."", ""Üzerine tereyağını gezdirerek dökün. Kadayıfın yağı iyice çekmesi için elinizle iyice ovun. Kadayıfı ikiye ayırın. 35 santimlik alüminyum tepsiyi yağlayın."", ""Kadayıfın yarısını tepsinin alt kısmına elinizle bastırıp sıkıştırarak yayın. Üzerine fıstığı serpiştirin. Kalan kadayıfı fıstığın üzerine serpip elinizle iyice bastırarak yayın."", ""180 dereceye ayarlı fırında iyice kızarana kadar pişirin."", ""Soğuk şerbeti sıcak tatlının üzerine dökün. Tepsinin üzerini örtüp 1 saat bekletin. Fıstık ve kaymakla süsleyip servis yapın. Afiyet olsun.""]"
4fbf2dcd-2df7-48c6-a44b-b023d180cc8a,Haşhaşlı Çıtır Börek,Turkey,"Haşhaşlı çıtır börek, çıtır çıtır hamurun iç harcıyla buluştuğu, çay saatlerinin vazgeçilmez lezzetidir",Börek & Hamur İşi,"[""2 adet yufka"", ""1 çay bardağı sıvı yağ"", ""1 çay bardağı dövülmüş ceviz"", ""3 yemek kaşığı haşhaş"", ""3 yemek kaşığı toz şeker""]","[""Haşhaş ve sıvı yağı iyice karıştırın."", ""Ceviz ve şekeri de ekleyip iyice karıştırın. İç harcı hazır. Yufkayı tezgaha serin."", ""Her yerini kaplayacak şekilde harcın yarısını sürün."", ""Diğer yufkayı da üzerine kapatın."", ""Üstüne kalan iç harcı her tarafına gelecek şekilde sıvayın."", ""2 kaşık kadar harçtan ayırın ve üzerilerine de sürmek için."", ""Yufkayı önce dörde, sonra her bir bölümü sekize bölün."", ""Küçük dilimler halindeki yufkayı sarın."", ""Üzerine ayırdığımız harçtan da sürün. Fırını 200 dereceye ısıtın. Afiyet olsun.""]"
f8c208ff-1f33-4128-afd5-cba3b9f12e79,Cennet Hurmalı ve Elmalı Glutensiz Kek,Turkey,"Glutensiz ve sağlıklı bir atıştırmalık arayanlar için, doğal tatlılığıyla büyüleyen hurma ve elmalı kek",Tatlı,"[""1 adet yumurta"", ""3 yemek kaşığı Hindistan cevizi şekeri"", ""1 adet cennet hurması (olgun)"", ""1 adet yeşil elma"", ""3 yemek kaşığı badem unu"", ""3,5 yemek kaşığı Hindistan cevizi unu"", ""4 yemek kaşığı sıvı yağ"", ""1/2 çay bardağı su"", ""1 çay kaşığı kabartma tozu"", ""1/2 paket vanilin"", ""1/3 çay kaşığı karbonat""]","[""Yumurta ve şeker iyice çırpılır. Püre hurma ilave edilir ve tekrar çırpılır. Sıvı yağ ve su eklenir, karıştırılır."", ""Unlar, vanilin, kabartma tozu ve karbonat eklenerek spatula yardımıyla karıştırılır. Pişirme kabına tereyağı sürülür."", ""Hindistan cevizi şekeri ve badem unu çok az serpiştirilir. Harç, kaba aktarılır ve üzerine kabukları soyulup ince ince dilimlenen elmalar arzu edilen şekilde yerleştirilir."", ""Önceden ısıtılmış 175 derecelik fırında pişirilir. Afiyet olsun.""]"
d067dee8-3d7c-48be-b945-cecf32c97585,Begova Çorbası,Turkey,"Begova Çorbası, tavuk ve sebzelerin zengin lezzetini bir araya getiren doyurucu bir Bosna klasiğidir",Çorba,"[""3 adet tavuk göğsü"", ""1 adet havuç (küp doğranmış)"", ""2 adet patates (orta boy, küp doğranmış)"", ""1 su bardağı bamya (kurutulmuş)"", ""1 adet defne yaprağı"", ""1 yemek kaşığı un"", ""3 yemek kaşığı margarin""]","[""Begova çorbası için tavuk göğüslerini defne yaprağı ile beraber haşlayın. Haşlandıktan sonra süzdürün ve suyunu çorba için saklayın."", ""Başka bir tencerede limonlu su ile kurutulmuş bamyaları haşlayın."", ""Haşlanan tavukları didikleyin."", ""Çorbayı yapacağınız tencerede margarin ile unu kavurun."", ""Üzerine tavuk suyu ilave ettikten sonra iyice karıştırın ve kaynamaya bırakın."", ""Kaynayan tavuk suyuna didiklediğiniz tavukları, havuçları, patatesleri ve haşlayıp süzdürdüğünüz bamyaları ekleyin."", ""Sebzeler yumuşayıncaya kadar orta ateşte pişirin."", ""Terbiyesi için bir kapta krema, yumurta, un, limon su, tuz ve karabiberi çırpın."", ""Çorbadan 1 kepçe alıp terbiyenin bulunduğu kaba azar azar ilave ederek karıştırın."", ""Sıcaklığı çorba ile eşitlenen terbiyeyi, çorbaya yavaş yavaş karıştırarak katın."", ""5 dakika daha kısık ateşte pişirdiğiniz çorbayı ocaktan alın ve sıcak servis edin. Begova çorbası hazır. Afiyet olsun.""]"
1248894b-0b81-4883-920a-331bc17b168a,Patatesli Kabaklı Fırın Mücver,Turkey,Fırında pişen lezzetli ve pratik patatesli kabaklı mücver,Sebze Yemekleri,"[""4 adet patates"", ""2 adet kabak"", ""1 adet soğan"", ""2 adet yeşil soğan""]","[""Patates ve kabaklar rendelenir ve suyu sıkılıp karıştırma kabına alınır."", ""İnce doğranmış kuru nane, taze soğan, maydanoz ve dereotu da eklenir."", ""Sos malzemeleri de eklenir. Hepsi karıştırılır."", ""Yağlı kağıt serilmiş dikdörtgen borcama yayılıp 180 derece önceden ısıtılmış fırına konulur."", ""Piştikten sonra dilimlenip sarımsaklı yoğurtla servis yapılır.""]"
214a3416-4c67-472f-86b6-05b08d853908,Kayısı Reçeli,Turkey,"Güneşin tadını saklayan, lezzetli ve parlak bir kayısı reçeli tarifi",Ana Yemek,"[""1 kilogram kayısı"", ""1 kilogram şeker"", ""1 silme çay kaşığı limon tuzu"", ""1 tatlı kaşığı tereyağı""]","[""Öncelikle çekirdeklerinden ayrılmış ve doğranmış kayısıları derin bir tencereye alıyoruz."", ""Üzerine toz şekeri ekliyoruz ve bir geve önceden serin bir yerde suyunun çıkması için bekletiyoruz."", ""Tencereyi ocağa alıyoruz. 15 dakika kadar orta ateşte kaynatıyoruz."", ""Limon tuzunu ve tereyağını da ekleyip 5 dakika daha kaynatıyoruz ve ocaktan alıyoruz."", ""İlk sıcaklığı gittikten sonra kavanozlara paylaştırabilirsiniz. Afiyet olsun.""]"
d7c6dc08-1d55-4533-9615-cdef24a8402b,Kızarmış Dondurma,Turkey,Sıcak ve soğuk lezzeti bir araya getiren şaşırtıcı ve lezzetli bir tatlı,Tatlı,"[""2 adet yumurta akı"", ""2 su bardağı mısır gevreği"", ""75 gram çekilmiş badem"", ""75 gram çekilmiş fındık"", ""2 yemek kaşığı Hindistan cevizi"", ""2 yemek kaşığı susam"", ""75 gram panko (galeta unu da kullanılabilir)""]","[""Maraş dondurmasından iki top alarak streç film üzerine koyalım. Ellerimizle yuvarlayarak top şekline getirelim. Bu şekilde buzlukta 1-2 saat donduralım."", ""Dış kaplaması için mısır gevreğini robottan geçirelim."", ""Bir karıştırma kabında mısır gevreği, toz fındık, toz badem, susam, Hindistan cevizi ve galeta ununu birleştirelim. Güzelce karıştıralım."", ""Top şeklindeki dondurmamız donduktan sonra buzluktan çıkarıp önce yumurta akına, daha sonra kaplama karışımına bulayalım. Aynı işlemi bir kere daha tekrarlayalım."", ""Bu şekilde tekrar donduralım. Dondurmamızı derin yağda kızartalım. Altın sarısı renk alınca sıcak sıcak servis edelim."", ""Tabak sunumunda tutuculuk için tabağın zeminine bal sürelim. Üzerine çikolata sos ve antep fıstığı ilavesi ile servis edebiliriz.""]"
5d50e4bc-9c7a-48bd-90a4-17ddc5fbf893,Kırmızı Pancar Salatası,Turkey,"Renkli ve lezzetli bir başlangıç, kırmızı pancar salatası hem göz doldurur hem sağlıklı bir atıştırmalık sunar",Salata,"[""3 adet küçük boy kırmızı pancar"", ""1 su bardağı mısır"", ""4 adet kornişon salatalık turşusu"", ""1 çay kaşığı tuz"", ""3 yemek kaşığı zeytinyağı"", ""1/2 adet limon suyu""]","[""Kırmızı pancar salatası için pancarı soyun ve tencereye alın. Üzerini geçecek kadar su ekleyip yumuşayana kadar yaklaşık 15 dakika haşlayın."", ""Pancarları iri şekilde küp küp doğrayın."", ""Üzerine mısır, kıyılmış dereotu ve küp küp doğranmış kornişon turşuyu ekleyin."", ""Limon suyu, ezilmiş sarımsak, tuz ve zeytinyağını ekleyin."", ""Üzerini kıyılmış dereotu ve dereotu yapraklarıyla süsleyebilirsiniz. Kırmızı pancar salatası hazır. Afiyet olsun!""]"
928d8555-256b-42d1-9790-20d1e36acc89,Çikolatalı Kurabiye,Turkey,"Mis gibi kokan, çikolatalı ve lezzetli kurabiye tarifimiz",Tatlı,"[""200 gram tereyağı"", ""2 bardak un"", ""2 adet yumurta"", ""1/2 bardak toz şeker"", ""1/2 bardak esmer şeker"", ""1 tatlı kaşığı karbonat"", ""1 tatlı kaşığı vanilya özütü"", ""1 bardak damla çikolata"", ""1 bardak çikolata ezmesi""]","[""Fırını 170 dereceye ayarlayın."", ""Bir kasede un, kakao, karbonat ve tuzu karıştırın."", ""Derin bir kapta tereyağı ve şekeri krema haline gelene kadar çırpın. Yumurtaları teker teker ilave edip çırpmaya devam edin. Bu aşamada vanilyayı da ekleyip karıştırın."", ""Hazırladığınız kuru malzemeleri de karışıma ekleyip spatula ile karıştırmaya devam edin. Hamuru buzdolabında yarım saat kadar dinlendirin."", ""Hamurdan ceviz büyüklüğünde toplar yapıp parmağınızla çukur açın ve içine bitter çikolatalı fındık ezmesinden 1 çay kaşığı kadar yerleştirin."", ""Dikkatlice kapatın ve tekrar yuvarlayın. Üzerini damla çikolata ile süsleyin."", ""Fırın tepsisine aralıklı olarak yerleştirin. Yaklaşık 10-12 dakika üstü sertleşene kadar pişirin.""]"
c69532da-4667-4417-be16-c89ba3fc270c,Güveçte Köfteli Patlıcan,Turkey,Fırında pişen lezzetli köfteli patlıcan yemeği,Et Yemekleri,"[""3 adet patlıcan"", ""200 gram kıyma"", ""1 adet rendelenmiş soğan"", ""1 yemek kaşığı salça"", ""1/2 çay bardağı su"", ""2 yemek kaşığı sıvı yağ""]","[""İlk olacak patlıcanları yıkayıp alacalı soyalım. Sonra patlıcanları halka şeklinde keselim ve sıvı yağda kızartalım."", ""Bir yandan da köfte malzemelerini karıştırın ve misketten hafif büyük yuvarlayalım."", ""Sonra güveç kaplarına patlıcanları yerleştirelim ve ortasına da köfteleri dizelim. Üzerine sostan 4 hemen kaşığı kadar dökelim."", ""Yaklaşık 30 dakika kadar 180 derecede pişirelim. Fırından çıkarıp üzerine şaşar peyniri rendesi koyalım ve fırına tekrar verelim. Sıcak servis edin. Afiyet olsun.""]"
a33aec20-f3cb-45df-8626-94b6c6d7636a,Zencefilli Yılbaşı Kurabiyeleri,Turkey,"Yılbaşı sofralarınızı şenlendirecek, bol baharatlı ve lezzetli zencefilli kurabiyeler",Tatlı,"[""1 yemek kaşığı zencefil"", ""1 yemek kaşığı tarçın"", ""1/2 tatlı kaşığı tuz"", ""1/2 tatlı kaşığı yenibahar"", ""200 mililitreüzüm pekmezi (1 su bardağı)"", ""450 gram un (3+3/4 su bardağı)"", ""150 gram esmer şeker (1 su bardağı)"", ""1 paket vanilin"", ""1 paket kabartma tozu"", ""140 gram oda sıcaklığında tereyağı"", ""1 adet yumurta"", ""1 paket glazür""]","[""Un, baharatlar, vanilin ve hamur kabartma tozunu bir kapta karıştırın."", ""Başka bir kapta ilk önce tereyağını ve şekeri çırpın."", ""Sonra yumurta ve pekmezi ekleyerek çırpmaya devam edin."", ""Kuru malzemelerin olduğu karışımı ekleyip hamur kıvamına gelene kadar karıştırın."", ""Hamuru streç filme sarıp buzdolabında yaklaşık iki saat kadar bekletin."", ""Buzdolabından aldığımız hamuru unlayarak oklava yardımıyla açın, kurabiye şekilleri ile şekillendirin."", ""Önceden ısıtılmış 180 derecelik fırında 8-10 dakika kadar pişirin."", ""Fırından aldığımız kurabiyeler soğuduktan sonra glazür ile şekil verin. Afiyet olsun.""]"
2cf26869-333a-4f64-ad6f-91e306f7d5de,Yalancı Kokoreç,Turkey,"Sebzelerin lezzetli buluşmasıyla, et yemeyenlerin bile bayılacağı pratik ve lezzetli bir sokak lezzeti",Ana Yemek,"[""250 gram istiridye mantarı"", ""1 adet soğan"", ""1 adet büyük diş sarımsak"", ""1 adet kapya biber"", ""2 adet sivri biber""]","[""Soğan, sarımsak, biberler ve mantarı minik minik doğruyoruz."", ""Sıvı yağ koyduğumuz tavamıza soğanlarımızı atıp güzelce kavuruyoruz."", ""Renk alınca biberleri ekleyip en son sarımsaklarımızı da ekleyerek soteledikten sonra tavamızdan alıyoruz."", ""Aynı tavaya yüksek ateşte mantarlarımızı atıp soteliyoruz. Mantarlar sotelenince tereyağını ekliyoruz."", ""Daha sonra kenara aldığımız ürünleri ekleyip karıştırıyoruz."", ""Sevdiğiniz miktarda baharat ekleyip güzelce özdeşleştirdikten sonra ekmek arası yapıp güzelce yemesi kalıyor. Afiyet olsun.""]"
742e9cb1-f753-4d01-9a45-586b500ba0af,Patatesli Muffin,Turkey,"Lezzetli ve pratik patatesli muffinler, hem atıştırmalık hem de ana yemek olarak idealdir",Ana Yemek,"[""3 adet orta boy patates"", ""1 adet orta boy havuç"", ""1 çay kaşığı (silme) kabartma tozu"", ""1 çay kaşığı karbonat"", ""1 tatlı kaşığı tuz"", ""1 çay kaşığı (silme) karabiber"", ""1 çay kaşığı kırmızı toz biber"", ""1 adet yumurta"", ""1.5 su bardağı un"", ""1 su bardağı yoğurt"", ""1 çay bardağı sıvı yağ""]","[""Öncelikle patatesler küp küp doğranır. Sonra havuç rendelenir. Dereotu ya da maydanoz ince ince kıyılır."", ""Geniş bir kaba un, yoğurt, yumurta, sıvı yağ, baharatlar, tuz, karbonat ve kabartma tozu eklenir güzelce çırpılır."", ""Güzelce kıvama gelen karışımın içine patatesler,havuç ve yeşillik eklenir."", ""Başka bir kapta rendelenen peynir de karışıma eklenir ve güzelce karıştırılır."", ""Son olarak muffin kalıplarına, karışımdan kaptan taşmayacak kadar eklenir. Üstüne arzuya bağlı olarak çörek otu ve susam eklenir."", ""175 derecede ısıtılmış fırında 25-30 dkka pişirilip servis edilir. Afiyet olsun :)""]"
8f54dda9-8001-4ca3-95c4-c6434ea79f15,Supangleli Portakallı İrmik Tatlısı,Turkey,"Supangle'nin kremsi lezzeti ile taze portakalın ferahlatıcı aromasını birleştiren, pratik ve lezzetli bir irmik tatlısı",Tatlı,"[""1 paket Dr. Oetker Supangle"", ""500 ml süt"", ""1 yemek kaşığı margarin veya tuzsuz tereyağı""]","[""Supangle için sütü bir tencereye boşaltın. Üzerine Dr. Oetker Supangle poşetinin tamamını ilave edin."", ""Orta ateşte bir kaşıkla sürekli karıştırarak pişirin."", ""Kaynamaya başlayınca ocağı kısıp margarin veya tereyağ ilave edin ve 2-3 dakika daha karıştırarak pişirmeye devam edin. Ocaktan aldıktan sonra arada karıştırarak 10 dakika soğutun."", ""Portakallı irmik tatlısı için portakal suyunu ve 2 paket Dr.Oetker İrmik Tatlısı'nı bir tencerede birleştirin ve koyu bir kıvam alana dek pişirin."", ""Koyu kıvam almaya başladıktan sonra ocaktan alın ve margarini ilave edip karıştırın."", ""İrmikli tatlıyı borcama yayın. Üzeri kabuklanmaya başlayınca supangleyi üzerine yayın. Buzdolabında 1 saat bekletin. Üzerine kakao serpiştirip kurutulmuş portakal dilimleriyle süsleyip servis edin.""]"
556ff6ae-233a-44e9-9258-d8d2866fba57,Şekerpare,Turkey,"Yumuşacık ve şerbetli şekerpare, misafirleriniz için harika bir tatlı seçeneği",Tatlı,"[""125 gram oda sıcaklığında tereyağı"", ""1 adet yumurta"", ""2 yemek kaşığı pudra şekeri"", ""1 çay kaşığı vanilya (isteğe göre)"", ""3 yemek kaşığı irmik"", ""1,5-2 su bardağı un"", ""1 çay kaşığı kabartma tozu""]","[""Şerbeti için şeker, su ve limonu bir tencereye alıp kaynatıyoruz. Kaynadıktan sonra kısık ateşte 10 dakika daha kaynatıp soğumaya bırakıyoruz."", ""Ayrı bir karıştırma kabında un ve kabartma tozu hariç tüm malzemeyi hafifçe karıştırıyoruz. Üzerine kontrollü olarak un ve kabartma tozunu ekleyip ele yapışmayan ama yumuşak bir hamur elde ediyoruz."", ""Ceviz büyüklüğünde parçalar koparıp yuvarlayarak hafifçe bastırarak inceltiyoruz. Ortalarına bir adet fındık batırıp önceden ısıtılmış 175 derece fırında pişiriyoruz."", ""Fırından çıktıktan bir iki dakika sonra tamamen soğumuş olan şerbeti döküp tam olarak şerbetini çekmesi için en az 2-3 saat bekletiyoruz.""]"
1b5a755e-8152-4029-91bb-e4eb3ed16766,Kahveli Brownie Kurabiye,Turkey,"Kahvenin zengin lezzetiyle birleşen çikolatalı brownie kurabiyeler, damaklarda unutulmaz bir tat bırakır",Tatlı,"[""11 yemek kaşığı yumuşak tereyağı (tuzsuz) (155 gram)"", ""1 çay bardağı toz şeker (+ 2 yemek kaşığı)"", ""1 su bardağı un"", ""3 yemek kaşığı kahve"", ""1 çay kaşığı kabartma tozu"", ""1 paket vanilin"", ""142 gram bitter çikolata (küçük küçük parçalanmış)""]","[""Öncelikle çırpma kabımıza yumuşamış tuzsuz tereyağını (veya margarini) ve toz şekerini ekleyip krema gibi olana kadar çırpalım."", ""Orta boy kasede unu, kabartma tozunu, kahveyi, tuzu, vanilyayı ve çikolata parçacıklarını ekleyip harmanlayalım."", ""Harmanlayınca tereyağlı karışıma ekleyip sadece karışana kadar çırpalım."", ""Hamurumuz hafif ele yapışkan olacak. Tezgaha yağlı kağıdı serip üzerine hamuru aktaralım, uzunlamasına (salam formunda hamur haline getirip yağlı kağıtla saralım, buzdolabında 3 saat bekletelim."", ""Saatin sonunda fırınınızı 170°’de ısıtmaya başlayın."", ""Kesme tahtasına hamuru alıp keskin bir şef bıçağı ile hızlıca 1 santim kalınlığında hamurlar keselim (dağılabilir endişelenmeyin, dağılınca elinizle birleştirip tepsiye dizin)."", ""Yağlı kağıt serilmiş fırın tepsisine aralıklı olacak şekilde kurabiyeleri dizin, 6 dakika pişirin (pişerken fırının kapağını açmayın)."", ""6 dakikadan uzun pişirmeyin! Fırından aldığınızda yumuşak olacak ama soğuyunca sertleşecek unutmayın. Afiyet olsun.""]"
febea491-f3a6-4610-911d-88d3474e9dcd,Yoğurtlu Kabak Sıyırma,Turkey,Taze kabakların zeytinyağında sote edilip yoğurtla harmanlandığı lezzetli ve pratik bir meze,Sebze Yemekleri,"[""6 adet kabak"", ""1 adet kuru soğan"", ""1/2 çay bardağı zeytinyağı"", ""1 adet limon suyu"", ""1/2 çay bardağı pirinç"", ""1 su bardağı kaynar su"", ""1 çay kaşığı tuz"", ""1 çay kaşığı toz şeker""]","[""Kabakları yıkayın ve bir soyucu yardımıyla uzun ve geniş şeritler halinde kesin."", ""Geniş tabanlı bir tencereye zeytinyağını alın. İçine ince ince doğradığınız kuru soğanı ve sarımsakları ekleyin."", ""Soğanlar pembeleşene dek kavurun."", ""Ardından kabakları ekleyin ve üstlerine limon suyunu gezdirin. Tuzunu, şekerini ve yıkamış olduğunuz pirinçleri de ilave edip, karıştırın."", ""Üstlerine 1 su bardağı kaynar suyu gezdirin. Kapağını kapatın ve kabaklar yumuşayana dek yaklaşık 30 dakika pişirin."", ""Ocaktan alın ve üstlerine ince kıyılmış dereotunu gezdirip, karıştırın."", ""Ilıklaştıktan sonra servis tabağına alın, üstüne yoğurt gezdirip servis edin.""]"
112c7585-b03e-4801-b596-98f3c1444d6b,Hardallı Patates Salatası,Turkey,"Hardallı mayonez sosuyla harmanlanmış, doyurucu ve lezzetli bir patates salatası",Salata,"[""4 adet orta boy patates"", ""2 adet orta boy soğan"", ""3 yemek kaşığı mayonez"", ""4 yemek kaşığı hardal"", ""1/2 adet limon suyu"", ""2-3 yemek kaşığı zeytinyağı"", ""2-3 adet kornişon salatalık turşusu"", ""1/2 adet kapya biber"", ""6-7 adet jalapeno biberi"", ""1 çay kaşığı tuz"", ""1 çay kaşığı karabiber""]","[""Kırmızı soğanları ince ince, sarımsakları yarım daire şeklinde doğrayın. Patatesleri iri küpler halinde doğrayıp bir müddet soğuk suda bekletin. Diğer malzemeleri de ince ince doğrayın."", ""Bir tencereye su koyup kaynatın, bir tutam tuz atıp patatesleri ekleyip haşlayın."", ""Büyük bir kase içinde mayonez, hardal ve limon suyunu güzelce çırpın. Homojen hale gelince zeytinyağını yavaş yavaş ekleyin, hızlıca çırpmaya devam edin. Tuz ve karabiber ekleyin."", ""Haşlanmış patatesleri bir kevgirle hazırladığınız sosa ekleyin ve güzelce karıştırın."", ""Sırasıyla kırmızı soğanı, sarımsağı ve taze soğanı 1-2 dakika arayla patatesler hala sıcakken ekleyin. (Bir kısmını servis için ayırın)"", ""Patatesler hafif soğuduğunda diğer malzemeleri ekleyip servis edin. Afiyet olsun.""]"
38831a9a-e5a4-400c-b910-c72a1cb91eea,Puf Pankek,Turkey,"Yumuşacık ve lezzetli puf pankekler, kahvaltıların ve atıştırmalıkların vazgeçilmezi",Tatlı,"[""2 adet yumurta"", ""5 yemek kaşığı toz şeker"", ""1/2 su bardağı süt"", ""1 çay bardağı sıvı yağ"", ""1 su bardağı un"", ""1/2 paket kabartma tozu""]","[""Yumurta ve şeker iyice çırpılır, sıvı yağ ve süt eklenerek tekrar çırpmaya devam edilir."", ""Ardından un ve kabartma tozu eklendikten sonra tekrar çırpılır. Un ekledikten sonra mikser ile değil, çırpıcı ile karıştıralım çünkü kek hamuru kıvamında olmalı."", ""Sonrasında önceden ısıtılmış teflon tavada bir kepçe olacak şekilde karışımımızı döküp pişiriyoruz."", ""Bu ölçülerle yaptığımız zaman 10-12 adet pankek çıkıyor. Daha küçük boyutlarda olursa adet fazla olacaktır.""]"
7867ddbd-6ea6-415f-ba64-331cb4b1b0fa,Limonlu İrmik Lokumları,Turkey,"Nareniyetli irmik lokmaları, limonun ferahlatıcı tadıyla buluşuyor",Tatlı,"[""1 su bardağı irmik"", ""1 su bardağı toz şeker"", ""2 su bardağı süt"", ""1 yemek kaşığı tereyağı"", ""1 adet yumurta sarısı"", ""1 paket vanilya"", ""1 çay kaşığı kabartma tozu"", ""1 adet limonun kabuğu""]","[""Kabartma tozu, tereyağı ve vanilya hariç tüm malzemeleri bir tencerenin içerisine koyun ve güzelce karıştırın."", ""Ocağın altını kısık ateşte açın, karıştırarak malzemelerin kıvam almasını sağlayın."", ""Kıvam aldıktan sonra içerisine tereyağı, vanilya ve kabarma tozunu ilave ederek karıştıra karıştıra ilk sıcaklığını atmasını sağlayın."", ""Hafif ılıdığında üzerini kapatın ve buzdolabına kaldırın. 2 saat kadar dinlendirin."", ""Dinlenen harcı dolaptan çıkarın ve kaşık yardımıyla parçalar alın. Elinizle yuvarlayın ve Hindistan cevizine bulayın."", ""Hazırladığınız topları 30-40 dakika daha dolapta bekletin ve servis edin.""]"
df604a4d-6096-4845-beb8-ede9ccfdac30,Fırın Poşetinde Kuru Fasulye,Turkey,Fırın poşetinde pratik ve lezzetli bir kuru fasulye tarifi,Et Yemekleri,"[""1 tatlı kaşığı domates salçası"", ""1 yemek kaşığı biber salçası"", ""3 yemek kaşığı sıvı yağ"", ""1,5 su bardağı kuru fasulye (yarı haşlanmış)"", ""200 gram dana eti (iri doğranmış)"", ""1 adet soğan (yemeklik doğranmış)"", ""1 çay kaşığı pul biber"", ""1 çay kaşığı tuz"", ""1 çay kaşığı karabiber"", ""2 su bardağı su""]","[""Salçaları, yağı ve baharatları önce bir kaba alın. Güzelce karıştırın. Ardından kuru fasulye için gerekli malzemeleri ilave edin."", ""Tüm malzemeleri güzelce karıştırın. Fırın poşetine aktarın."", ""Fırın poşetini fırın tepsisine aktarın. 190 derecede önceden ısıtılmış fırında 1,5 - 2 saat kadar pişirin. Çıkarıp sıcak sıcak servis edin. Afiyetler olsun!""]"
80a1d028-32f4-4467-89d4-c7ce42c0e379,Ton Balıklı Bazlama Taco,Turkey,Ton balığı ve taze sebzelerle hazırlanan pratik ve lezzetli bazlama taco,Balık & Deniz Ürünleri,"[""160 gram ton balığı"", ""2 adet havuç"", ""3 adet taze soğan"", ""1 adet limon"", ""1 yemek kaşığı baharat karışımı (arzuya göre; kekik, tatlı kırmız""]","[""Derin bir yoğurma kabına un hariç tüm malzemeleri okuyup karıştıralım. Unu yavaş yavaş ilave ederek karışıma iyice yedirelim."", ""Homojen hale gelen hamurun üzerine streç film sarıp 40 dakika bekletelim."", ""Mandalina büyüklüğünde parçalar koparıp unlanmış bir tezgahta, merdane yardımıyla mantı hamurundan biraz daha kalın olacak incelikte açalım."", ""Yapışmaz tavayı ısıtın. Hamuru tavaya alıp üzeri göz göz olana dek önlü arkalı pişirin."", ""Üst harcı için havucu rendeleyin, taze soğan, nane ve maydanozu doğrayın. Dilediğiniz kadar limon suyu, zeytinyağı ekleyin."", ""Sarımsak tozu, tuz, kekik ekleyip karıştırın. Yaptığımız bazlamaların üzerine ton balıklı harçtan koyup servis edelim. Afiyet olsun.""]"
86044ceb-f159-4f20-a638-fcf0d8d8bf02,Ispanaklı Patates Graten,Turkey,"Ispanak ve patatesin muhteşem uyumu, béchamel sos ile birleşerek harika bir lezzet oluşturuyor",Sebze Yemekleri,"[""500 gram ıspanak"", ""3 adet patates"", ""1 adet soğan"", ""1 yemek kaşığı un"", ""1 çay kaşığı tuz"", ""1 çay kaşığı karabiber"", ""1 yemek kaşığı un"", ""1 çay bardağı süt"", ""2 yemek kaşığı tereyağı""]","[""Yağınızı tavaya alarak soğan ve sarımsağı güzelce kavurun. Ardından küp küp doğranmış patatesleri ekleyin."", ""Patateslerin pişmesin yakın ıspanağı ekleyerek suyunu tamamen çekene kadar kavurun."", ""Unu ilave ederek karıştırın."", ""Yavaş yavaş sütünüzü ekleyin.İyice karıştırarak altını kapatın."", ""Harcınızı fırın kabınıza alın üzerine kaşar peyniri ekleyerek fırına verin."", ""180 derecelik fırında peynirler eriyip üzeri kızarana kadar pişirin. Ardından çıkarıp servis edin. Afiyetler olsun!""]"
cee776d2-0041-4deb-bbbd-f8b725da81ce,Tereyağlı Kıyır Poğaça,Turkey,"Tereyağlı kıyır poğaça, çay saatlerinin vazgeçilmez lezzetlerinden biridir",Börek & Hamur İşi,"[""200 gram Sütaş Tereyağı (oda ısısında bekletilmiş)"", ""2,5 su bardağı mısır unu"", ""2 su bardağı un"", ""1 adet yumurta"", ""1 adet yumurta beyazı"", ""3 yemek kaşığı Sütaş Kaymaksız Yoğurt"", ""1 paket kabartma tozu"", ""1,5 çay kaşığı tuz""]","[""Bir yoğurma kasesinde oda sıcaklığında bekletilmiş tereyağı, 1 yumurta ve 1 yumurtanın beyazı, kabartma tozu, tuz, yoğurt, un ve mısır ununu güzelce yoğurarak ele yapışmayacak kıvamda yumuşak bir hamu"", ""Hamurdan parçalar koparıp, toplamda 10 parça hamuru yuvarlayın."", ""Yuvarladığınız hamurların üzerine elinizle bastırın ve orta kısmına zeytin ezmesi ilave edip nazikçe kapatın ve yuvarlak şeklini verin."", ""Hamurları pişirme kağıdı serili fırın tepsisine dizin."", ""Üzerlerine yumurta sarısı sürüp, mısır unu ve çörek otu serpiştirin."", ""Önceden ısıtılmış 185 derece fırında, kontrollü olarak, yaklaşık 20 dakika pişirin."", ""Fırından çıkardığınız poğaçaları 10 dakika oda sıcaklığında bekletip servis edin, afiyet olsun!""]"
cc160e89-ff7f-4f2b-8870-a8ec524aa11d,Havuçlu Tarçınlı Cevizli Kek,Turkey,"Tarçın ve cevizin eşsiz lezzetiyle birleşen, yumuşacık dokusuyla vazgeçilmez bir kek",Tatlı,"[""3 adet büyük boy yumurta"", ""315 gram un"", ""190 gram esmer şeker"", ""100 gram pudra şekeri (ya da toz şeker)"", ""1 tatlı kaşığı tarçın"", ""240 mililitrefındık yağı"", ""180 mililitresüt"", ""1 paket vanilya"", ""200 gram havuç"", ""110 gram ceviz içi (iri parça lanmış)"", ""1 paket kabartma tozu"", ""77 gram pudra şekeri"", ""125 gram krem peynir""]","[""Öncelikle bir kaba unu eleyip şeker, tarçın, kabartma tozu, karbonat ve muskat rendesini koyuyoruz"", ""Başka bir kapta yumurtayı, sütü, yağı ve vanilyayı koyup iyice karıştırıyoruz."", ""Unlu kuru karışımı yumurtalı karışıma ekleyip iyice karıştırdıktan sonra havucu ve cevizi de koyup yağlanmış kelepçeli bir kek kalıbına döküyoruz."", ""180 derece önceden ısıtılmış fırında 35 dakika pişiriyoruz(alt-üst fırın ayarında).""]"
a2b686eb-bad7-4a49-8161-4ee50ac5931b,Süt Şerbetli Kek,Turkey,Süt şerbetiyle ıslanan yumuşacık ve pratik bir kek tarifi,Tatlı,"[""4 adet yumurta"", ""4 tepeleme yemek kaşığı toz şeker"", ""4 yemek kaşığı un"", ""4 yemek kaşığı irmik"", ""1 paket vanilin"", ""1 paket kabartma tozu""]","[""Öncelikle yumurta ve şekeri köpürene kadar çırpalım. Sonrasında kuru malzemelerini ekleyelim ve karıştıralım."", ""Yağladığımız kabımıza kek karışımını döküp önceden ısıtılmış fırında 180 derecede 20-25 dakika pişirelim."", ""Şerbeti için şeker eriyene kadar karıştıralım. Şerbet soğuk olacak. Afiyet olsun.""]"
41356772-8bb7-4adb-b8fe-85fea325bf3f,Pratik Çikolatalı Pasta,Turkey,"Hızlı ve lezzetli bir tatlı arayanlar için mükemmel, pratik çikolatalı pasta tarifi",Tatlı,"[""1 yemek kaşığı krema"", ""2 yemek kaşığı kakao"", ""150 gram bitter çikolata"", ""Etimek Tatlısı Tarifi"", ""Damla Çikolatalı Kurabiye"", ""Tatlı Tarifleri Spoonful Mozaik Pasta Çikolatalı Sufle İrmik Helvası Fırın Sütlaç Profiterol Revani Magnolia"", ""Kahvaltılık Tarifler Pancake Krep Pişi Kuymak Kaygana Kahvaltılık Sos Menemen Muhlama Yumurtalı Ekmek Omlet"", ""Omlet""]","[""Kekleri çatalla ezdikten sonra krema ve kakaoyu ekleyip homojen kıvam alana kadar ezerek karıştırıyoruz. Hazır olan karışımı kalıbın tabanına eşit şekilde pay ediyoruz."", ""Üzeri için, kremayı kaynama seviyesine gelene kadar ocakta tutuyoruz, kaynama seviyesine geldikten sonra ocaktan alıp içerisine çikolataları ekleyip eriyene kadar karıştırıyoruz."", ""Elde ettiğimiz çikolatalı sosu, kek karışımının üzerine döküp dolapta 3-4 saat bekletiyoruz."", ""Çikolatalı pastamız hazır. Üzerini dilediğiniz şekilde süsleyebilirsiniz. Afiyet olsun.""]"
bff3b31a-2839-4bea-a78b-7a832bb5f443,Kabaklı Milföy Böreği,Turkey,"Pratik ve lezzetli kabaklı milföy böreği, hem göz dolduruyor hem de çok kolay hazırlanıyor",Börek & Hamur İşi,"[""4 adet milföy hamuru"", ""1 adet kabak"", ""1 su bardağı rendelenmiş kaşar peyniri"", ""1/2 su bardağı cherry domates"", ""1 çay kaşığı tuz"", ""1 çay kaşığı karabiber"", ""1 adet yumurta"", ""1/2 çay bardağı süt"", ""1/2 su bardağı ufalanmış beyaz peynir""]","[""Dört adet milföy hamurunu kare plakalar halinde yan yana dizin. Üzerine biraz un serperek, pişireceğiniz kalıbın boyutlarında olacak şekilde merdane yardımı ile açın."", ""Pişireceğiniz kalıbı yağlayın ve hazırladığınız hamuru yerleştirin. Bir çatal yardımı ile hamurda delikler açın. Kaşar peynirini serpin."", ""Kabakları ince bir şekilde uzunlamasına doğrayın ve hamura yerleştirin."", ""Yumurta, yağ ve sütü bir kasede çırpın. Kabakların üzerinde gezdirin."", ""Çeri domatesleri ortadan ikiye kesin ve yerleştirin."", ""Baharatları serpin ve önceden ısıtılmış 180 derecelik fırında 20 dakika kadar pişirin."", ""Fırından çıkmadan 5 dakika önce ufalanmış beyaz peynirleri hamurun her tarafına serpin."", ""Fırından aldıktan sonra taze fesleğen yapraklarını hamura iliştirerek servis edebilirsiniz. Afiyet olsun.""]"
d1db3e9d-e922-43d1-b0c7-511d37ef703c,Ev Yapımı Lazanya,Turkey,"Klasik İtalyan lezzetini evinizde hazırlayın, kat kat lezzet dolu bir lazanya tarifi",Ana Yemek,"[""200 gram un (0 tip veya irmik, buğday unu)"", ""1 adet büyük boy yumurta"", ""2 adet yumurta"", ""1 çay kaşığı tuz"", ""1 yemek kaşığı zeytinyağı""]","[""Hamuru hazırlamak için bir kasede un, yumurta, yumurta sarısı, tuz ve zeytinyağını birleştirin. Elle veya hamur yoğurma makinesiyle tüm malzemeler birbiriyle özdeşleşene kadar yoğurun. Topaklanma olur"", ""Hazırladığınız hamuru kabınızın büyüklüğüne göre 4 veya 6 bezeye ayırıp unlayarak merdaneyle açın ve kalıbınızın büyüklüğüne göre kesip tüm hamurları aynı şekilde hazırlayın."", ""Bolonez sos için, kıymayı tencerede zeytinyağıyla beraber kavurun. Üzerine soğanı ekleyip kavurmaya devam edin. Havuç, kereviz sapı ve sarımsakları da ekledikten sonra 2-3 dakika daha kavurmaya devam"", ""Salça, cherry domates, domates püresi, tuz, karabiber, taze fesleğen ve suyunu da ekledikten sonra bir taşım kaynatın. Altını kısın, 15 dakika daha pişirin."", ""Beşamel sos için; zeytinyağı ve tereyağını bir sos tenceresinde eritin. Üzerine unu ekleyip 1-2 dakika kavurun. Üzerine süt, tuz ve muskat cevizi rendesini ekleyip sürekli karıştırarak koyu kıvam alan"", ""Hazırladığınız tüm malzemeleri birleştirmek için; kabının tabanına beşamel sostan yayın. Üzerine lazanya yaprağı, kıyma sosu, beşamel ve rende mozzarella serpiştirin. En son lazanya hamurunu koyana ka"", ""Son katın üzerine sadece beşamel sos gezdirin, 185 derece ısıtılmış fırında orta rafa yerleştirin ve pişirmeye başlayın. 10. dakikasında üzerine mozzarella peynirini serpiştirip 15 dakika daha fırınla"", ""Fırından çıkardıktan sonra 15-20 dakika oda sıcaklığında bekletin, ardından dilimleyerek servis edin. Afiyet olsun!""]"
c67d3e36-7a3b-458d-bd05-4ef9e6f3d248,Ratatouille,Turkey,"Sebzelerin lezzetli dansı, sağlıklı ve doyurucu bir klasik",Ana Yemek,"[""2 yemek kaşığı zeytinyağı"", ""1/2 adet soğan"", ""1 adet kapya biber"", ""2 adet domates"", ""1 tatlı kaşığı toz şeker"", ""1 çay kaşığı tuz"", ""1/2 çay kaşığı karabiber""]","[""Ratatuy tarifi için önce kapya biberi ocak üzerine bir sac koyarak közleyin. Ardından, biber hala sıcakken, lezzetini koruması için üzerini streç filmle kapatıp bir tabağa alın."", ""Mutfak robotuna domatesleri ekleyerek püre haline getirin. Közlenmiş kırmızı biberin kabuklarını soyarak mutfak robota ekleyin ve domateslerle birlikte pürüzsüz bir kıvam elde edene kadar karıştırın."", ""Zeytinyağı ile incecik doğradığınız soğanı bir tavaya alın. Kısık ateşte yavaşça kavurmaya başlayın. İsteğe bağlı olarak sarımsak ekleyerek kavurma işlemine devam edebilirsiniz."", ""Yumuşayan soğanların üzerine domates sosunu ekleyin. Toz şeker, tuz, karabiber ve taze kekiği ilave ederek, kısık ateşte 10-15 dakika pişirin."", ""Kıvamı hafif koyulaşan sosun içinden kekiği çıkarın ve fırına dayanıklı bir kabın tabanına sosu yayın.""]"
db721ed9-8d62-4e8d-9930-f029469f11ac,Patatesli Karalahana Sarması,Turkey,"Sağlıklı ve lezzetli bir atıştırmalık olan patatesli karalahana sarması, pratik yapımıyla da dikkat çekiyor",Sebze Yemekleri,"[""1 adet büyük boy haşlanmış patates"", ""1 adet orta boy soğan"", ""2 yemek kaşığı zeytinyağı"", ""1 yemek kaşığı domates salçası"", ""1 tatlı kaşığı biber salçası"", ""1 çay kaşığı tuz"", ""1 çay kaşığı kekik"", ""1 çay kaşığı kuru reyhan"", ""1 çay kaşığı (silme) kimyon"", ""1/2 su bardağı rendelenmiş kaşar peyniri""]","[""Karalahanaları birkaç dakika kaynar suda haşlayın. Ardından soğuk suya alıp süzdürün."", ""Soğanı küp küp doğrayıp zeytinyağı ile kavurun. İçerisine baharatları, domates ve biber salçasını ekleyin."", ""Haşlanmış patatesi rendeleyin. İçerisine hazırladığımız soğanı ve rendelenmiş kaşar peynirini ekleyip karıştırın."", ""Karalahanayı istediğiniz büyüklükte kesin. İçerisine hazırladığınız harçtan koyun ve sarın."", ""Yağlı kağıt serili fırın tepsisine dizin. Üzerine bir fırça yardımı ile çok az zeytinyağı sürün. Önceden ısıtılmış 180 derece fırında 15 dakika pişirin. Afiyet olsun!""]"
6fe9f00a-c04f-4cc2-b64e-1a5d524d8dca,Kolay Çilekli Manolya Tatlısı,Turkey,"Pratik ve lezzetli çilekli manolya tatlısı, misafirlerinize ikram etmek için ideal bir seçim",Tatlı,"[""1 litre süt"", ""1 su bardağı şeker"", ""1 su bardağı un"", ""2 yemek kaşığı nişasta"", ""1 paket vanilin"", ""300 gram çilek"", ""1-2 adet muz"", ""1,5 paket yulaflı bisküvi"", ""1/2 su bardağı çekilmiş fındık (arzuya göre)""]","[""Süt, şeker, un ve nişasta uygun bir tencereye alınır. Sürekli karıştırarak pişirilir. Fokurdayınca altı kısılır ve vanilin eklenip karıştırıp kapatılır. Soğumaya bırakılır. İlk sıcağı geçince krema ek"", ""Bisküviler robottan geçirilir, toz hale getirilir."", ""Çilekler yıkanır ve aynı ebatta olanlardan kaselerin yanlarına dizmek için ayrılır. 1 cm kalınlığında kesilir. Muz da küp doğranır."", ""Krema iyice soğuduktan sonra diğer malzemelerle birlikte sunum kaselerine dilediğiniz şekilde dizilir. (Kenarlara çilek-bisküvi tozu- krema-muz parçaları-fındık- bisküvi tozu- krema)."", ""Buzdolabında 1-2 saat dinlendirdikten sonra servis yapılır. Afiyet olsun.""]"
8ce1d694-594d-4d6a-afcf-06d18a24771b,Sıcak Çikolata,Turkey,"Kış aylarının vazgeçilmezi, sıcacık ve lezzetli bir içecek",Tatlı,"[""2,5 çay bardağı süt (250 ml)"", ""1 yemek kaşığı kakao"", ""1 tatlı kaşığı toz şeker (arzuya göre)"", ""20 gram bitter çikolata""]","[""Sıcak çikolata için ilk olarak bir tencereye sütü ve şekeri ekleyin. Üzerine kakaoyu koyup ocakta sürekli karıştırarak hafif kaynatın."", ""Ardından, süt karışımını ocaktan alın ve çikolatayı ekleyin. Birkaç dakika boyunca çikolataların tamamen erimesi için sürekli karıştırın."", ""Sıcak çikolatanızı bardağa doldurun. Arzuya göre üzerine çikolata rendesi ya da marshmallow ekleyerek sıcak sıcak servis edin. Afiyet olsun!""]"
91b37f3c-6456-485f-812b-cbbb805bde3c,Yoğurtlu Cevizli Semizotu Salatası,Turkey,"Süzme yoğurt, ceviz ve taze semizotu ile hazırlanan bu pratik salata, hem lezzetli hem de besleyici bir başlangıç",Salata,"[""500 gram süzme yoğurt"", ""1/2 su bardağı ceviz"", ""1 yemek kaşığı mayonez"", ""3 yemek kaşığı zeytinyağ"", ""1 çay kaşığı toz biber""]","[""Semizotunu yıkayın ve üzerinde hiç su kalmayacak şekilde kurutun. Yapraklarını saplarından ayırın."", ""Büyükçe bir kasede yoğurt, tuz,mayonez ve sarımsağı karıştırın. İçine semizotunu ilave edip, güzelce harmanlayın."", ""Küçük bir sos kabında zeytinyağı eritin üzerine iri parçalı cevizi ekleyin karıştırın üzerine toz biberi ekleyip altını kapatın."", ""Yoğurtlu semizotu salatasını servis tabağına aldıktan sonra üzerine zeytinyağlı karışımı ekleyin.Denemek isteyenlere şimdiden afiyet olsun.""]"
86bd9dae-d3ed-4240-81b7-6aa9028f025d,Fıstık Ezmeli Muffin,Turkey,"Pratik ve lezzetli fıstık ezmeli muffinler, kahve molalarınız için mükemmel bir atıştırmalık",Ana Yemek,"[""2 adet muz"", ""2 adet yumurta"", ""4 yemek kaşığı fıstık ezmesi"", ""1 çay kaşığı vanilya"", ""5 yemek kaşığı un"", ""4 yemek kaşığı esmer şeker (ya da toz şeker)"", ""5 yemek kaşığı kakao"", ""1 çay kaşığı kabartma tozu"", ""80 gram sütlü çikolata""]","[""Fırını 180 dereceye ayarlayın. Büyük bir kapta krema gibi olana kadar muz püresini, yumurta ve fıstık ezmesini el çırpıcısıyla karıştırın."", ""Un, şeker, kakao, kabartma tozu ve vanilyayı da içine ekleyin. Pürüzsüz bir kıvam olana kadar çırpmaya devam edin. Çikolata parçalarını da ekleyip, karıştırın."", ""Karışımı muffin kalıplarına bölüştürün ve üzerlerine birer yemek kaşığı fıstık ezmesi ilave edin. 20 dakika fırında pişirin.""]"
86ef40fd-047a-45da-8bfd-87b5be6aa1de,Sıvı Yağlı Portakallı Kurabiye,Turkey,"Portakallı aromasıyla ferahlatan, çay saatlerinin vazgeçilmezi pratik ve lezzetli bir kurabiye",Tatlı,"[""1/2 su bardağı sıvı yağ"", ""1 çay bardağı şeker"", ""1 adet yumurta"", ""1 su bardağı nişasta"", ""1 paket kabartma tozu"", ""1 paket vanilya"", ""1 adet portakal kabuğu rendesi"", ""1 su bardağı un (kontrollü ekleyelim)""]","[""Uygun bir kaba yumurta ve şekeri alıp çırpalım, üzerine sıvı yağı ekleyip çırpmaya devam edelim."", ""Nişasta, vanilya, kabartma tozu, portakal kabuğu rendesini ve unu ekleyip yoğuralım. Unu kontrollü ekleyelim."", ""Unun önce yarısını ekleyin kalanını yavaş yavaş ekleyelim. Fazla gelirse 1 kaşık eksiltebilirsiniz. Yumuşacık bir hamur oluyor."", ""Yuvarlayarak tepsiye dizelim , piserken yayiliyor çok yakın koymayalım. 2 tepside pisirdim."", ""Önceden ısıtılmış 180 derecelik fırında 10 dakika pişirelim."", ""İhtiyaç hissedersiniz 1-2 dakika tutun fazla bekletmeyin kurur ve sertleşir. Çok çabuk pişiyor dikkat edelim. Afiyet bal şeker olsun..""]"
dfdf56ea-e02d-447b-87a3-94d19f19d9cc,Limonlu Baton Kek,Turkey,"Nefis limon aromasıyla harmanlanmış, yumuşacık dokulu pratik bir kek tarifi",Tatlı,"[""3 adet yumurta"", ""1 su bardağı şeker"", ""1 su bardağı süt kreması"", ""1 adet limon suyu"", ""1 adet limon kabuğu rendesi"", ""2 su bardağı elenmiş un"", ""1 paket kabartma tozu"", ""1 paket vanilin"", ""1 çay kaşığı karbonat""]","[""Oda ısısında beklemiş yumurta ve şeker, beyazlaşana kadar çırpılır."", ""Süt kreması, yarım limon suyu, karbonat ve 1 adet limon kabuğu rendesi eklenip çırpılmaya devam edilir."", ""Kuru malzemeler elekten geçirilerek eklenir ve çırpılmaya devam edilir."", ""Önceden ısıtılmış 175 derecede kızarana kadar kürdan kontrolüyle pişirilir."", ""Fırından çıkarıp biraz dinlendirdikten sonra, kalan yarım limonun suyu ve 1 su bardağı pudra şekerini çırpıp soğuyan kekimizin üzerine dökelim.""]"
e56cd420-2aa5-43d6-b543-fa23cd98d4c8,Kremalı Patates Çorbası,Turkey,"Kremalı ve lezzetli patates çorbası, soğuk günlerin vazgeçilmez sıcaklığı",Çorba,"[""4 adet patates"", ""1 adet havuç"", ""1 adet kuru soğan"", ""1 çay kaşığı tuz"", ""1 çay kaşığı karabiber"", ""1 yemek kaşığı sıvı yağ"", ""150 mililitrekrema (yerine süt de kullanabilirsiniz)"", ""4 su bardağı su""]","[""Kabuklarını soyduğunuz sebzeleri doğrayın. Üzerlerine 4 su bardağı su (et suyu da olabilir) koyup haşlayın."", ""Haşlanan sebzeleri blender yardımı ile ezin. Krema, tuz, karabiber ve biraz yağ ekleyip karıştırın."", ""Kıvamı koyu olursa biraz daha su ekleyebilirsiniz. Arzu ederseniz maydanoz veya nane de ekleyip servis edebilirsiniz.""]"
f1413c57-5c57-4e3b-832d-d21f3d5e5481,Diyet Tavuk Şiş,Turkey,"Lezzetli ve sağlıklı diyet tavuk şiş tarifi, zeytinyağı ve taze limon kabuğuyla harmanlanmış hafif bir seçenek",Et Yemekleri,"[""1 adet tavuk bonfile"", ""1 yemek kaşığı zeytinyağı"", ""1/2 adet rendelenmiş limon kabuğu"", ""3-4 damlalimon suyu"", ""1/2 çay kaşığı karabiber"", ""1/2 çay bardağı tuz""]","[""Tavuk bonfileyi şiş yapacak boyutta doğrayın. Çok büyük parçalar olmasın ki pişerken iç kısmı çiğ kalmasın."", ""Bir buzdolabı poşetinin içerisine zeytinyağı, limon suyu, limon kabuğu, sarımsak ve karabiberi, tavuk ile beraber koyun. Poşetin ağzını kapatın, poşeti biraz mıncıklayın ki malzemeler birbirine geçsin"", ""Bulguru ufak bir kaseye alın ve aynı kısır yapar gibi üzerini azıcık geçecek kadar kaynar su koyup demlenmesini sağlayın."", ""Domatesin etli kısımlarını ufak ufak doğrayın, salatalığı ufak ufak doğrayın."", ""Soğanı iri iri kesip yağsız bir tavada, ölene kadar kavurun."", ""Bulgur yumuşadıktan sonra bütün salata malzemelerini bir araya getirip karıştırın."", ""Yoğurta yavaş yavaş su ekleyerek sos kıvamına getirin, içerisine kıyılmış dereotu, beyaz biber ve tuzu ekleyip karıştırın."", ""Marine olan tavukları buzdolabından çıkarın, tavanızı kızdırın."", ""Tavukları şişe dizin, tava iyice kızınca tavukları tavaya atın ve orta yüksek ateşte 10 dakika kadar pişirin."", ""Pişen tavuğu tabağa alın, üzerine sosu dökün, yanına da renkli bulgur salatasını yerleştirin. Hiç diyet tabağına benziyor mu?""]"
6ff16d11-d633-4259-abcb-585fbb432b82,Taze Bezelye Kavurması,Turkey,Taze bezelyenin lezzetini zeytinyağı ve soğanla buluşturan pratik ve sağlıklı bir tarif,Ana Yemek,"[""500 gram taze bezelye"", ""4-5 yemek kaşığı zeytinyağı"", ""1 adet soğan"", ""1 çay kaşığı tuz""]","[""Bezelyenin başlarından keserek kılçıklarını ayıklayın. Su dolu tencereye ekleyip yumuşayana kadar 20-25 dakika kadar haşlayın."", ""Soğanı yemeklik doğrayıp, tavaya zeytinyağını ekleyip kavurun."", ""Bezelyeleri ve tuzunu ekleyip 2-3 dakika kadar kavurun. Doğranmış maydanozu da ekleyip karıştırın."", ""İsterseniz yoğurt ile servis edebilirsiniz. Afiyet olsun.""]"
b7d4d481-d62a-4125-9fac-a438389dfdd7,Bal Kabağı Tatlısı,Turkey,"Bal kabağı tatlısı, damla çikolatalı kurabiye ve Etimek ile hazırlanan pratik ve lezzetli bir tatlıdır",Tatlı,"[""2 su bardağı su"", ""Etimek Tatlısı Tarifi"", ""Damla Çikolatalı Kurabiye"", ""Tatlı Tarifleri Spoonful Mozaik Pasta Çikolatalı Sufle İrmik Helvası Fırın Sütlaç Profiterol Revani Magnolia"", ""Kahvaltılık Tarifler Pancake Krep Pişi Kuymak Kaygana Kahvaltılık Sos Menemen Muhlama Yumurtalı Ekmek Omlet"", ""Omlet""]","[""Kabakları doğruyoruz. Tencereye alıyoruz."", ""Üzerine toz şekerini ekliyoruz."", ""Şeker erimesi için üzerine sıcak su ekliyoruz."", ""En kısık ateşte pişmeye bırakıyoruz."", ""Kabaklarımız piştikten sonra soğumaya bırakıyoruz."", ""Servis için üzerine tahin ve ceviz için süslüyoruz. Afiyetler olsun!""]"
e5e28ffb-c198-4d3b-8b1b-46450f7a3398,Etli Kuru Fasulye,Turkey,"Yılların vazgeçilmez lezzeti, etli kuru fasulye ile sofralarınızı şenlendirin",Et Yemekleri,"[""2 su bardağı kuru fasulye"", ""2 adet orta boy soğan"", ""300 gram dana kuşbaşı eti"", ""2 yemek kaşığı sıvı yağ"", ""1 yemek kaşığı tereyağı"", ""2 yemek kaşığı biber salçası (ya da domates salçası)"", ""1 çay kaşığı tuz"", ""1 çay kaşığı kimyon"", ""1 çay kaşığı karabiber""]","[""Etli kuru fasulye için kuru fasulyeleri bir akşam önceden derin bir kabın içine alın ve üzerlerini geçecek kadar su ekleyip bu şekilde sabaha kadar bekletin."", ""Yemeğinize başlayacağınız zaman kuru fasulyelerin suyunu süzüp güzelce yıkayın ve bir tencereye alıp üzerlerini geçecek kadar su ekleyerek haşlamaya başlayın.Fasulyeler haşlandığında suyunu süzün."", ""Ayrı bir tencerede etlerininizi de haşlamaya başlayın. Haşlanan etin suyunu kuru fasulye yapımında kullanmak üzere ayırın. Etleri içerisinden çıkarın."", ""Bir tencerenin içinde tereyağını ve sıvı yağı kızdırdıktan sonra küp küp doğranmış soğanları ekleyin."", ""Soğanlar kavrulduktan sonra haşlanmış etleri üzerine ekleyip biraz kavurun."", ""Soğan ve etlerin üzerine salçayı ekleyip kokusunu çıkana kadar kavurun. Yemeğe fasulyeleri de ekleyin ve güzelce karıştırın."", ""Tüm malzemelerin üzerine tuz ve sıcak su ya da et suyu ekledikten sonra pişirmeye başlayın."", ""Fasulye ve etler önceden haşlandığı için en geç 15 dakika içinde yemeğiniz hazır olacaktır. Etli kuru fasulye hazır. Afiyet olsun!""]"
f1ed4cd1-c02e-4af8-8b55-c6242fb692df,Et Tantuni,Turkey,"Ince ince doğranmış dana etinin tereyağı ve sıvı yağda hızlıca sote edilerek hazırlanan, lezzetli ve pratik bir Türk sokak lezzeti",Et Yemekleri,"[""650 gram dana eti"", ""1 yemek kaşığı tereyağı"", ""5 yemek kaşığı sıvı yağ"", ""1,5 tatlı kaşığı kırmızı toz biber"", ""1 tatlı kaşığı kekik"", ""1 tatlı kaşığı tuz"", ""1 çay kaşığı pul biber""]","[""Tavamıza 2 yemek kaşığı sıvı yağ dökelim. Yağ biraz kızdırdıktan sonra minik minik doğradığımız etleri tavamıza alalım."", ""Suyunu bırakıp çekene kadar pişirelim.(Suyunu çekene kadar etimiz pişmezse az miktar su ekleyerek etimizin pişmesini sağlayalım.)"", ""Yumuşayan etimizin içine 2 yemek kaşığı sıvı yağ ve tereyağımızı ekleyerek 2-3 dakika kadar kavuralım."", ""Ardından tuz, baharatları ve sıcak suyumuzu ekleyerek çok az daha pişirelim.(Etimiz ne çok kuru ne de çok sulu olmayacak şekilde su miktarını ayarlayalım.)"", ""Maydanozları çok küçük şekilde kıyalım.S oğanları ay şeklinde, çok ince olacak şekilde doğrayıp sumak ile karıştıralım. Domatesleri minik minik doğrayalım."", ""Pişen etimizin içine lavaşımızı batırıp suyu ile buluşturalım. Ardından et, soğan, domates ve maydanozumuzu koyup üzerine limon sıkıp rulo şeklinde saralım.""]"
4ee33721-1518-4ee6-b875-8c1febe023ce,Çikolatalı Cookies,Turkey,"Evde kolayca yapabileceğiniz, lezzetli ve çikolatalı kek tarifleri",Tatlı,"[""1 adet yumurta"", ""1 çay bardağı tereyağı (eritilmiş)"", ""1/2 çay bardağı toz şeker"", ""1/2 çay bardağı esmer şeker"", ""2,5 çay bardağı un"", ""1 tatlı kaşığı kabartma tozu"", ""1 paket vanilin"", ""2 yemek kaşığı çikolata""]","[""Öncelikle tereyağı, şeker, esmer şeker ve yumurtayı kaşıkla karıştırıyoruz iyice. Daha sonra kuru malzemeleri ekleyip karıştırmaya devam ediyoruz."", ""En son çikolataları ekleyip biraz daha karıştırıyoruz ve 30 dakika hamuru dinlendiriyoruz. Hamuru isterseniz elinizle isterseniz dondurma kaşığıyla tepsilere aralıklarla diziyoruz."", ""180 derecede 13-15 dakika arasında pişirin. Size pişmemiş gibi gelebilir ama bekledikçe kendi ısısında pişmeye devam edecektir. Afiyet olsun.""]"
fba0fae2-89a1-4e52-92dd-fd219e476199,Kabak Mücver,Turkey,"Lezzetli ve pratik kabak mücver, hem sağlıklı hem de doyurucu bir atıştırmalık",Sebze Yemekleri,"[""2 adet kabak (rendelenmiş, suyu sıkılmış)"", ""2 adet küçük boy yumurta"", ""1 çay kaşığı tuz"", ""1/2 çay kaşığı karabiber"", ""1/2 çay kaşığı kabartma tozu"", ""3 tepeleme yemek kaşığı un""]","[""Rendelenmiş ve suyu sıkılmış kabakları geniş bir kaseye alın."", ""Üzerine yumurtaları, doğranmış dereotunu ve taze soğanları ekleyin. Tuz ve karabiberini serpin."", ""En son kabartma tozu ve unu serperek, bir spatula yardımıyla karıştırın."", ""Isınmış tost makinesine harçtan birer yemek kaşığı kadar koyun ve kaşık ile biraz yayın."", ""Her iki tarafını da 7 dakika kadar pişirdikten sonra tost makinesinden alın."", ""Dilediğiniz gibi servis edebilirsiniz. Afiyet olsun.""]"
5f0b861e-4687-4b62-a3a2-8f4012f33f7c,Kahvaltılık Kurutulmuş Biber ve Domates Kavurması,Turkey,"Geleneksel lezzetleri modern sofralara taşıyan, pratik ve doyurucu bir kahvaltılık",Sebze Yemekleri,"[""20 adet orta boy kurutulmuş biber"", ""3 adet orta boy kurutulmuş domates"", ""1 adet orta boy orta boy kuru soğan"", ""1 yemek kaşığı domates salçası"", ""1 tatlı kaşığı biber salçası"", ""3 yemek kaşığı sıvı yağ (ya da zeytinyağı)""]","[""Tencereye 5-6 su bardağı su koyun. Su kaynamaya başlayınca biberleri koyun. 5 dakika kadar haşlanmaya bırakın."", ""Sonra domatesleri ekleyin, 2-3 dakika kadar beraber kaynayınca ocağı söndürün."", ""Ayrı bir tencereye 3 yemek kaşığı sıvı yağ bırakıp ince ince doğranmış kuru soğanları biber ve domates salçalarıyla beraber kavurun."", ""Biber ve domatesleri yıkayıp süzdükten sonra ince ince doğrayın ve tencerede kuru soğan ve salçayla birbirini alıncaya kadar bir iki dakika kavurun.""]"
87832f75-0017-48d6-bb05-e136c1e4ec73,Tahinli Çıtır Sarma,Turkey,"Tahinli harçla hazırlanan, çıtır çıtır baklavalık yufkadan lezzetli bir atıştırmalık",Ana Yemek,"[""4 adet baklavalık yufka"", ""2 yemek kaşığı tereyağı (40 gram)"", ""3 yemek kaşığı sıvı yağ (20 ml)"", ""4 yemek kaşığı tahin (50 ml)""]","[""Tereyağı eritilip soğutulur ve sos malzemeleri ile karıştırılır. Ceviz rondoda incecik çekilir be toz şeker eklenir karıştırılır."", ""Bir yufka serilir (Baklavalık yufkalar çabuk kuruduğu için üzeri nemli bir bezle örtülür)."", ""Sos, fırçayla yufkanın her yerine sürülür. İç malzeme yayılır. Üzerine bir yufka daha serilip aynı işlem yapılır."", ""Kısa kenardan rulo yapılıp üzerine hafifçe sos sürülür. İki parmak kalınlığında kesilir.."", ""Kalan iki yufka için de aynı işlemler yapılır. Pişirme kağıdı serili fırın tepsisine yerleştirilir."", ""Önceden 200 dereceye alt üst ayarda ısıtılan fırında 12 dakika pişirilir. Soğuyunca pudra şekeri serpilerek servis edilir. Afiyet olsun.""]"
b3efbd79-6ab1-4995-934c-e2c9750b16a4,Limonlu Kurabiye,Turkey,Ferahlatıcı limon aromasıyla eriyen ağızda lezzetli kurabiye tarifi,Tatlı,"[""125 gram tereyağı ya da margarin (oda sıcaklığında)"", ""1 çay bardağı sıvı yağ"", ""1 çay bardağı pudra şekeri"", ""1 adet yumurta"", ""1 adet limon kabuğu rendesi (ve suyu)"", ""1 paket vanilin"", ""1 paket kabartma tozu"", ""3 yemek kaşığı nişasta"", ""2,5 su bardağı un""]","[""Yumurta, sıvı yağ ve tereyağı karıştıralım."", ""Un, kabartma tozu ve vanilin ile birlikte limon suyu ve kabuğu ekleyelim."", ""Ele yapışmayan yumuşak bir hamur elde edelim."", ""Ceviz büyüklüğünde parçalar koparıp yuvarlayalım, fırın tepisisine dizelim."", ""Önceden ısıtılmış 170 derece fırında 15 dakika pişirelim. Afiyet olsun.""]"
21c8f6c4-c9ac-4753-97de-a1e17ff61a07,Sütsüz İrmik Helvası,Turkey,Sütsüz pratik tarif ile mis gibi pişen irmik helvası,Tatlı,"[""2 su bardağı irmik"", ""1.5 su bardağı toz şeker"", ""4 su bardağı su"", ""1/2 su bardağı sıvı yağ""]","[""Şeker ve suyu derin bir kaba alarak şeker eriyene dek karıştın."", ""İrmik ve sıvı yağı tencereye koyup orta ateşte irmikler koyu kahverengi renk alana denk kavurun."", ""Kavrulan irmiğin üzerine hazırladığınız şerbeti dökün ve karıştırmaya devam edin."", ""İrmik şerbetini çekene dek karıştırın ve irmik şerbeti çekince ocaktan alın. Afiyet olsun.""]"
8931b6e5-0941-4f28-a079-233048bf30c0,Atıştırmalık Kraker,Turkey,Ev yapımı sağlıklı ve lezzetli krakerler için pratik bir tarif,Ana Yemek,"[""1,5 su bardağı tam buğday unu"", ""1 adet yumurta"", ""3 yemek kaşığı zeytinyağı"", ""3 yemek kaşığı labne"", ""1 çay kaşığı tuz"", ""1 çay kaşığı mahlep""]","[""Malzemeleri karıştırıp hamur haline gelmesini sağlayın."", ""Yağlı kağıt serili düz bir zeminde, karışımın üzerine de yağlı kağıt serip incecik açın."", ""Üzerindeki yağlı kağıdı alıp istediğiniz şekilde bıçakla kesin."", ""180 derece önceden ısıtılmış fırında 25-30 dakika pişirin. Afiyet olsun.""]"
d3de7178-b11f-4a82-96ec-5bf6f5b1a0a2,Tavuk Bulyon,Turkey,Ev yapımı tavuk bulyon ile yemeklerinize zengin ve lezzetli bir derinlik katın,Tavuk Yemekleri,"[""100 gram tavuk göğsü"", ""1/2 adet soğan (küp küp doğranmış)"", ""1/2 adet havuç (halka doğranmış)"", ""2-3 adet ıspanak yaprağı"", ""1/4 adet pırasa (halka doğranmış)"", ""1/2 adet patates (küp küp doğranmış)"", ""1/2 adet kabak (küp küp doğranmış)"", ""1 yemek kaşığı sıvı yağ"", ""1/2 adet tuz""]","[""Tavaya önce yağı sonrasında soğanları ekleyin."", ""Soğanlar biraz kavrulduktan sonra patatesleri ve pırasaları ekleyin."", ""Üzerine kabakları ve tavukları ekleyin."", ""Hepsini güzelce kavurun ve tuzu ekleyin."", ""Mutfak robotuna alın ve güzelce çektirin."", ""Tekrar tavaya alın ve suyu buharlaşana kadar kısık ateşte pişirin."", ""Bir pişirme kağıdına alın ve kare şeklini verin. Dipfrizde 4-5 saat bekletin. Kuru bir şekilde muhafaza etmek isterseniz 100 dereceye ayarlanmış fırında kuruyana kadar pişirebilirsiniz."", ""9 parçaya bölün ve hazır! Dilediğiniz zaman yemeklerinize bir tablet ilave ederek tüketebilirsiniz. Afiyet olsun!""]"
f36209f3-b75c-45e9-ba72-d1223b9d3f62,Höşmerim,Turkey,"Taze peynir ve şekerle hazırlanan, geleneksel ve lezzetli bir tatlı",Ana Yemek,"[""1 litre çiğ süt"", ""1 tatlı kaşığı peynir mayası"", ""1 su bardağı şeker"", ""1 su bardağı irmik"", ""1 adet yumurta sarısı""]","[""Taze sağılmış çiğ sütü kaynatmadan ılıtıyoruz. Yoğurt mayalama ısısında olucak yani 40 ila 45 derece."", ""Peynir mayasını süte katıp karıştırıyoruz."", ""Üzeri kapalı bir şekilde 2 saat dinlendiriyoruz."", ""Peynirleşen sütü tekrar ocağa alıyor ve tahta kaşık ile peyniri karıştırıp eziyoruz."", ""Yumurta sarısını eklemeden önce bir kaşık suyundan koyup karıştırıyoruz, sonra tencereye katıyoruz."", ""İrmik ve şekeri de kattıktan sonra kaynayana ve kıvam alana kadar pişiriyoruz."", ""Ağzı kapalı bir şekilde 20 dakika demlendiriyoruz."", ""Kaselere pay ediyoruz."", ""Oda sıcaklığına geldikten sonra ister ılık servis edebilir, isterseniz de buzdolabına kaldırıp soğumasını bekleyebilirsiniz."", ""Süslemek için ister Hindistan cevizi isterseniz de badem kullanabilirsiniz. Tercih sizin.""]"
9f6965e3-4961-40de-a192-2f1910bb0460,Pırasalı Pazılı Kek,Turkey,"Pırasa, pazı ve sebzelerin lezzetli birleşimiyle hazırlanan pratik ve doyurucu bir kek",Tatlı,"[""1/2 kilogram pırasa"", ""2 adet havuç"", ""1 adet orta boy patates"", ""3 adet yumurta"", ""2 su bardağı yoğurt"", ""1 su bardağı sıvı yağ"", ""1 tatlı kaşığı tuz"", ""1 tatlı kaşığı pul biber"", ""1 tatlı kaşığı kuru nane"", ""1 çay kaşığı karabiber"", ""2 su bardağı mısır unu"", ""1 su bardağı beyaz un"", ""1 paket kabartma tozu""]","[""Yarım kilo pırasa,1 bağ taze pazı yaprağı, 3 dal taze soğanı ince ince doğruyoruz sonra 2 havuç ve 1 orta boy patatesimizi rendeliyoruz."", ""3 yumurta, 1 bardak yoğurt, 1 su bardağı sıvı yağı ayrı kapta güzelce çırpıyoruz."", ""Üstüne 1 tatlı kaşığı tuz, 1 tatlı kaşığı pul biber, 1 tatlı kaşığı kuru nane, 1 çay kaşığı karabiber, 2 su bardağı mısır unu ve doğradığımız, rendelediğimiz malzemelerimizi ekliyoruz."", ""Son olarak 1 su bardağı unumuzu ve 1 paket kabartma tozunu koyup malzemelerimizi yoğuruyoruz."", ""Yağlanmış fırın kabımıza yağlı kağıt sererek aldığımız karışımımızı fırında 180°’de 40-45 dakika arasında pişiriyoruz."", ""Fırından fırına pişirme süresi değişebileceği için takipte kalmakta fayda var. Afiyet olsun.""]"
988cb178-96c2-4620-b466-a4460c891157,Starbucks Kurabiye,Turkey,"Starbucks'ın ikonik lezzetini evde yapın, mis gibi kokan ve çayın yanına harika giden bu kurabiye tarifini deneyin",Tatlı,"[""125 gram tereyağı"", ""2 çay bardağı şeker"", ""1 yemek kaşığı kakao"", ""1 yemek kaşığı nişasta"", ""1 su bardağı ceviz içi"", ""1 su bardağı damla çikolata"", ""2 su bardağı un"", ""1 paket kabartma tozu"", ""1 paket vanilya""]","[""Yağ, yumurta ve şekeri yoğuruyoruz."", ""Daha sonra çikolata hariç diğer malzemeleri tek tek ekleyip yoğuruyoruz."", ""En son çikolatayı da ekleyip güzel bir şekilde yoğuruyoruz."", ""Şekil verip 10 dakika buzdolabında bekletiyoruz."", ""180 derece ısıtılmış fırında 15 dakika pişiriyoruz."", ""Fırından çıkar çıkmaz üzerine yağlı kağıt yardımı ile bastırıyoruz şekil vermek için. Afiyet olsun.""]"
eb413579-4eb9-40be-a97b-29fd900060b4,Smoothie Bowl,Turkey,Besleyici ve lezzetli bir başlangıç için bu hızlı smoothie bowl tarifini deneyin,Ana Yemek,"[""1 adet olgun muz"", ""2 yemek kaşığı süzme yoğurt"", ""1 tatlı kaşığı bal""]","[""Muz, yaban mersini, böğürtlen, yoğurt ve balı blenderda ezelim ve karıştırın."", ""Homojen hale gelince karışımı kaseye dökebilirsiniz."", ""Üzerini süslediğinizde yemeğe hazır olacak. Afiyet olsun.""]"
d8a93221-6ec3-474d-802e-2db02bf3d6fe,Pancar Mutabbal,Turkey,"Pancarın doğal tatlılığı ve tahinin kremsi dokusuyla harmanlanan bu lezzetli meze, sofralarınıza renk ve sağlık katar",Ana Yemek,"[""3 adet büyük boy pancar"", ""1 su bardağı tahin"", ""1 adet limon suyu"", ""6 yemek kaşığı süzme yoğurt"", ""1 çay kaşığı tuz""]","[""Derin bir tencerede bol miktarda su kaynatın. Kök bitki olduğu için kabukları üzerindeki topraklı kısımları iyice yıkadığınız pancarları kaynar suda kısa sürede haşlayın."", ""Haşlanan pancarları soğuması için bir kaba çıkartın. Elinizle ovalayarak kabuklarını kısa bir sürede, fire vermeden kolayca çıkartın."", ""Haşlanan pancarların dişe dokunur olmasını istiyorsanız küçük parçalar halinde doğrayın ya da rendenin kalın kısmı ile rendeleyin."", ""Sarımsakları küçük parçalar halinde kesip, havanda tuz ile dövün. Tahini; limon suyu ve mezenin kıvamının yoğun olması için süzme yoğurt ile karıştırın."", ""Havanda dövülmüş sarımsakları da katıp rendelenmiş pancarlar ile harmanlayın. Rengi ile insanı harekete geçiren pancar mutabbalı bekletmeden servis edin. Bu keyfi sevdiklerinizle paylaşın.""]"
446b98f2-c347-461e-be2e-0e07f6510b29,Kolay Puf Poğaça,Turkey,"Mis gibi kokan, pratik ve lezzetli puf poğaçalar için harika bir tarif",Börek & Hamur İşi,"[""200 mililitresüt"", ""200 mililitresu"", ""60 gram şeker"", ""20 gram toz maya"", ""800 gram un"", ""1 adet yumurta"", ""15 gram tuz"", ""2 adet yumurta sarısı (üzeri için)"", ""10 mililitresıvı yağ (üzeri için)""]","[""Su, süt ve şekeri ocağa alıp karıştırıyoruz. Yaklaşık 2 dakika kadar orta kısık ateşte kalacak. Ocaktan alıp mayayı ekleyip karıştırıyoruz. 15-20 dakika kadar mayanın aktive olmasını bekliyoruz."", ""Un, tuz, sıvı yağ ve yumurtayı uygun boy bir kaba alıyoruz. Aktive olan mayalı süt karışımını ekleyip yoğuruyoruz. Üzerini streçleyip 30 dakika kadar mayalandırıyoruz."", ""Hamuru 50-60 gramlık bezeler halinde porsiyonluyoruz. İçerisini istediğiniz gibi doldurup, dilediğiniz şekilde kapatın. Ben içlerine zeytin koydum."", ""Üzerine yumurta sarısı ve sıvı yağı karıştırıp sürün. İsteğinize göre çörek otu, haşhaş, keten tohumu vs. ekleyebilirsiniz."", ""160 derecede önceden ısıtılmış fırında 15-20 dakika pişirin. Afiyet olsun.""]"
49542d09-1c48-4c7d-a424-b119c599bdb9,Afili Pancar Salatası,Turkey,"Zengin lezzeti ve canlı rengi ile göz dolduran, pratik ve sağlıklı bir başlangıç",Salata,"[""2 adet küçük boy pancar"", ""3/4 su bardağı peynir (sevdiğiniz bir çeşitten)(tam yağlı)"", ""3-4 adet ceviz içi"", ""3 yemek kaşığı nar ekşisi"", ""1 yemek kaşığı zeytinyağı""]","[""Pancarları bütün olarak haşlayıp kabuğunu soyun."", ""Peyniri çatalla ezip üzerine kıyılmış ceviz ve maydanoz ilave edip karıştırın."", ""Pancarın dik durabilmesi için tabanını çok az kesin."", ""Üç eşit parçaya keserek arasına peynirli karışımdan sıkıca yerleştirin."", ""İşlem bitince sabit kalabilmesi için pancarın tepesinden zemine doğru kürdan batırın."", ""Son olarak zeytinyağı, ceviz, maydanoz ve bolca nar ekşisi gezdirerek servis yapın. Afiyet olsun.""]"
9ab5ceb7-2d39-4f27-a452-c75457181400,Ganajlı Kurabiye,Turkey,"Çıtır çıtır ganajlı kurabiye, çay saatlerinin vazgeçilmezi",Tatlı,"[""125 gram tereyağı"", ""1/2 çay bardağı sıvı yağ"", ""1 su bardağı toz şeker"", ""1 adet yumurta"", ""1 çay bardağı süt"", ""1 çay bardağı nişasta"", ""1 paket kabartma tozu"", ""1 paket vanilya"", ""3,5 su bardağı un""]","[""Öncelikle oda sığaklığında eriyen tereyağını krem kıvamına gelene dek çırpın. Üzerine sıvı yağını ekleyin. Ardından tüm malzemeleri ekleyin. Fazla un eklemeyelim çünkü ele yapışan bir hamur olmalı,yum"", ""Dolapta bir süre dinlendirdikten sonra yağlı kağıt serdiğimiz tepsimize küçük yuvarlak hamurlar yapınız.Üzerlerini bir kaşık yardımıyla ya da elimizle düzleştirin."", ""175 derecede 10-15 dakika üzeri hafif pembeleşinceye kadar pişirin. Kurabiyeler pişerken şeker ve sütü bir kapta karıştırın. Çikolataları da benmari usulüyle eritin. Eriyince içine sıvı kremayı koyup"", ""Fırından çıkan kurabiyelerin bir yüzeyine ganajı sürüp,diğer bir kurabiyeyi ganajlının üzerine kapatın. Ardından şekerli süte batırıp Hindistan cevizine bulayın. Yarım saat beklektikten sonra servisi""]"
92b9a7fa-8aa8-4236-a8fc-55bdc9708f79,Tam Ölçülü Limonlu Cheesecake,Turkey,Yumuşacık dokusu ve ferahlatıcı limon aromasıyla bu tam ölçülü cheesecake tarifini denemeye hazır olun,Ana Yemek,"[""400 gram labne peyniri"", ""400 gram krema"", ""2 paket yulaflı bisküvi"", ""50 gram tereyağı"", ""2 adet yumurta"", ""1 su bardağı toz şeker"", ""2 yemek kaşığı buğday nişastası"", ""2 yemek kaşığı un (tepeleme)"", ""2 su bardağı su"", ""2 adet limon kabuğu rendesi"", ""1 adet limon suyu"", ""2 yemek kaşığı mısır nişastası"", ""6 yemek kaşığı şeker"", ""1 çay kaşığı (silme) zerdeçal"", ""3 paket vanilya""]","[""Taban İçin; Yulaflı bisküvileri rondodan çekin. Kum gibi olması önemli."", ""50 gr tereyağını eritip hafif soğutup rondodan geçirdiğiniz bisküvilere ekleyin. İyice karıştırın."", ""Kelepçeli kek kalıbınızın tabanına yağlı kağıt yerleştirip iç yan yüzeyleri yağlayın."", ""Bisküvileri kalıba döküp bir su bardağının dibi yardımıyla presleyerek oturtun. Üstünü örtüp dolaba kaldırın."", ""İç Kreması; Labne ve kremayı çırpın. 1 su bardağı şekeri, yumurtaları, nişastayı ve unu ekleyin, çırpın. Karışımınıza 1 limon kabuğu rendesi ve 2 paket vanilyayı ekleyin."", ""Kremayı kek kalıbına dökün. Kalıbın dışını alüminyum folyo ile kaplayın. (Kenarların kızarmaması için.)"", ""Fırına minik sufle kaselerinde ılık su koyun."", ""Önceden alt üst fan modunda ısıttığınız 170 derece fırına karışımı koyun."", ""Sos İçin; Su, 1 adet limon suyu, 1 limon kabuğu rendesi, 1 paket vanilya, mısır nişastası, 6 yemek kaşığı şeker ve zerdeçalı karıştırıp kaynamasını bekleyin. Soğuması için arada karıştırarak bekletin."", ""Fırındaki karışımımız kenarları hafif kızardığında hazır olacaktır. Göbek kısmının kulak memesi kıvamında olması gerekiyor, çok hafif sallanacaktır."", ""Karışımı fırından aldığınız gibi kenarlarını bir bıçak yardımıyla dikkatlice kalıptan ayırın ancak kenar apartını kesinlikle çıkarmayın."", ""Karışımlarımız tamamen soğuduktan sonra sosu cheesecake in üzerine döküp düzgünce yayın ve üzerini kapatıp dolaba kaldırın. 1 gece dinlendirin. Afiyet olsun.""]"
d0819b99-bd0e-4ff1-adf6-1ec830a4ec8f,Portakallı Islak Kek,Turkey,"Portakallı şerbetiyle ıslanan, yumuşacık ve pratik bir kek tarifi",Tatlı,"[""4 adet yumurta"", ""250 gram toz şeker"", ""160 gram sıvı yağ"", ""1 adet portakal suyu"", ""2 su bardağı un"", ""1 paket kabartma tozu"", ""1 paket vanilya""]","[""Yumurta ile şekeri beyazlaşana kadar çırptım, daha sonra sıvı yağ ekleyip çırpmaya devam ettim."", ""Ardından 1 adet portakalın suyunu da ekledim ve çırpma işlemine devam ettim."", ""2 su bardağı un ,kabartma tozu ve vanilyayı da eleyerek ilave ediyoruz ve çırpma işlemine devam."", ""Kalıbınızı margarin ile iyice yağlayın, unlayın."", ""Önceden ısıtılmış 180 derecede alt üst ayarda 45-50 dakika kadar pişirin."", ""Şerbet hazırlanışı için: Sos tenceresine portakal ile limon suyunu sıkıp koyuyoruz."", ""Üzerine 1 su bardağı su ve 1 su bardağı şeker ilave edip karıştırıyoruz."", ""Karışım kaynamadan şekerin erimesi önemli. 20 dakika kadar şerbeti en kısık ateşte kaynatın."", ""Pişen keki fırından çıkarın soğumaya bırakın soğuduktan sonra bıçakla rastgele delikler açın ve sıcak şerbeti keke kalıbın içindeyken gezdirerek dökün."", ""Dilediğiniz gibi servis edebilirsiniz. Afiyet olsun.""]"
8b9d2654-186c-4756-8334-9149043a5568,Karabuğdaylı Limonlu Mercimek Çorbası,Turkey,"Sağlıklı ve lezzetli, karabuğdaylı limonlu mercimek çorbası ile kendinize şımartın",Çorba,"[""100 gram karabuğday"", ""150 gram kırmızı mercimek"", ""1 adet büyük boy patates"", ""1 adet büyük boy beyaz soğan"", ""1 adet orta boy havuç"", ""1/2 adet orta boy limon kabuğu"", ""1 çay kaşığı tane karabiber"", ""1 çay kaşığı tuz"", ""1/2 çay kaşığı tane kişniş (opsiyonel)""]","[""Karabuğday ve mercimeği bol soğuk su altında yıkayın. Patates, kuru soğan ve havucu soyup birkaç parçaya bölün. Sarımsak dişlerini de soyup bütün olarak bırakın. Limonun kabuğunu soyun."", ""Bütün bu malzemeleri düdüklü tencereye alın ve üzerini örtüp 2-3 parmak geçecek kadar su katın."", ""Tuz, karabiber taneleri ve arzuya göre kişniş ekleyip kapatın tencerenin ağzını. Normal düdüklü tencere kullanma aşamalarına dikkat ederek pişirin malzemeleri."", ""Pişmiş içeriği el blenderından geçirin. Dilerseniz limon kabuğunu bu aşamada çıkartın."", ""Hazır durumda olan çorba karışımını tekrar ısıtmaya başlayın ve sevdiğiniz çorba kıvamını tutturacak şekilde sıcak su ilave edin. Tuzunu da tekrar kontrol etmeyi unutmayın. Sıcak olarak sevdiklerinizl""]"
dea1c38c-e4fa-4f28-adc6-ac8d3c79db82,İtalyan Usulü Sıcak Çikolata,Turkey,"Zengin ve kremsi tadıyla sizi İtalya'ya götürecek, özel bir sıcak çikolata lezzeti",Tatlı,"[""2 su bardağı yarım yağlı süt"", ""80 gram bitter çikolata (yüzde 60 kakao içeren)"", ""1 tatlı kaşığı toz kakao"", ""2 silme tatlı kaşığı mısır nişastası"", ""1 tatlı kaşığı bal""]","[""Bitter çikolatayı bıçakla doğruyoruz ve bir kenara alıyoruz. Bu işlem çikolatanın daha çabuk eriyip süte karışmasını sağlayacak."", ""Sütten küçük bir kaseye 3-4 yemek kaşığı ayırıp mısır nişastasını ilave ediyoruz güzelce yedirip kenara alıyoruz."", ""Birazdan sıcak süte ilave edeceğimiz için bu işlem topaklanmayı önleyecek."", ""Geri kalan sütü, kakaoyu ve tuzu küçük bir tencereye veya sütlüğe alıp, orta ateşte bir taşım kaynatıyoruz."", ""Ardından nişastalı süt karışımını ilave ediyoruz. Kısık ateşte sürekli karıştırarak 3-4 dakika boyunca kıvam alana kadar pişirmeye devam ediyoruz."", ""En son doğranmış bitter çikolataları da ilave edip orta ateşte 2-3 dakika daha kaynadıktan sonra altını kapatıyoruz."", ""Üzerini dilediğimiz gibi süsleyip sıcak sıcak servis ediyoruz. Bu soğuk kış günlerinde yapılabilecek en güzel içeceklerden biri bence. Tadını çıkarın, afiyet olsun.""]"
afd66b45-259e-428e-9389-6feffa813502,Açma,Turkey,Yumuşacık ve bol gözenekli açma poğaça tarifimiz ile kahvaltılarınızı lezzetlendirebilirsiniz,Ana Yemek,"[""1 su bardağı ılık süt"", ""1 çay bardağı ılık su"", ""1 çay bardağı sıvı yağ"", ""1 adet yumurta beyazı (sarısı üzerine)"", ""1 paket yaş maya (21 g)"", ""1,5 yemek kaşığı toz şeker"", ""1 tatlı kaşığı tuz"", ""5 su bardağı un"", ""50 gram tereyağı""]","[""Hamurumuz için süt, su, sıvı yağı, şeker, tuz ve mayayı ekleyip elimizle karıştırıyoruz."", ""Ardından kontrollü şekilde unumuzu ilave ederek yoğurmaya başlıyoruz."", ""Yumuşak bir hamur elde etmemiz gerekiyor. Hamurumuzu 1 saat mayalanması için bekletiyoruz. Hamurumuz mayalandıktan sonra bezelere ayırıyoruz."", ""Bezelerimizin üzerine parça parça tereyağımızı koyuyoruz."", ""Tatlı tabağı büyüklüğünde bezelerimizi elimizle açıyoruz. Tereyağımızda hamurla bütünleşmiş oluyor."", ""Fırın tepsimize açmalarımızı dizip 5-10 dakika bekletiyoruz."", ""Ayırdığımız yumurta sarısını açmalarımızın üzerine sürüyoruz. Bu sırada 200 derece alt üst ayarda fırınımızı ısıtıyoruz."", ""Pişirdikten sonra servis edebilirsiniz. Afiyet olsun.""]"
e9400454-6f5a-4500-a56f-af19b69b7378,Vanilyalı Fırın Sütlaç,Turkey,"Vanilyalı fırın sütlaç, karamelize yüzeyi ve yumuşak dokusuyla klasik bir tatlıdır",Tatlı,"[""1 litre süt"", ""1 paket krema"", ""1,5 su bardağı şeker"", ""2,5 tepeleme yemek kaşığı nişasta"", ""1/2 su bardağı pirinç"", ""1 paket vanilya""]","[""Önce pirinçlerimizi ocağa koyup pişirelim. Piştiğini anlamanız için içinden kaşıkla alıp pirinci elinizle bastırın eğer parçalanıyorsa sertlik yoksa olmuş demektir."", ""Süt, şeker, krema ve vanilyayı tencereye koyup karıştırın ve kaynatın."", ""Kaynayan sütlü karışıma soğuk suyla açtığınız nişasta karışımını dökün, ancak sütü karıştırmayı bırakmayın ve kaynatın."", ""En son pirinçleri dökün karıştırın bir kere kaynatın."", ""Harcı kalıplara dökün 15-20 dakika dışarıda bekletin üstleri kurusun."", ""Bu sırada fırınınızı en yüksek dereceye ayarlayın. Fırın tepsinizin yarısına kadar su dökün ve sütlaçları fırına atın."", ""Üstü kızarana kadar pişirin. Afiyet olsun.""]"
73ade392-70ed-4a96-8e35-30591e50c8c4,Mantardan Yalancı Kokoreç,Turkey,"Mantarların lezzetiyle hazırlanan, pratik ve doyurucu bir yalancı kokoreç tarifi",Ana Yemek,"[""700 gram mantar"", ""1 adet kapya biber"", ""1 adet yeşil biber"", ""2 adet domates"", ""1 tatlı kaşığı kekik"", ""1 tatlı kaşığı toz kırmızı biber"", ""1 çay kaşığı pul biber"", ""1 çay kaşığı kimyon"", ""1 çay kaşığı tuz""]","[""Mantarları güzelce yıkayıp küp küp doğrayın."", ""Tavaya 3-4 yemek kaşığı sıvı yağ koyup tavayı iyice kızdırın. Kızan tavaya mantarları alarak kavurun. Mantarları iyice kavurduktan sonra içerisine biberleri ekleyip 2-3 dakika da biberlerle kavurmaya"", ""Sonrasında domatesleri ilave edip, baharatlarını ve tuzunu koyun. 1-2 dakika da böyle kavurduktan sonra ocağın altını kapatın."", ""Lavaş ya da ekmek arasında servis yapabilirsiniz. Afiyet olsun.""]"
9af2e379-31c5-4391-ab97-86c8b9c0d61d,Yulaflı Bisküvi Pastası,Turkey,"Pratik ve lezzetli yulaflı bisküvi pastası, fırınsız hazırlanan hızlı tatlı alternatifidir",Tatlı,"[""2 paket yulaflı bisküvi"", ""1 paket krem şanti"", ""1 su bardağı süt""]","[""İlk olarak krem şantiyi paketin üzerinde yazan şekilde hazırlayıp, biraz buzdolabında soğumaya bırakın."", ""Soğuyan krem şantiyi bir kenara çıkartın, yanına da bir kase soğuk sütü alın."", ""Yulaflı bisküvileri paketlerinden çıkartın ve sırasıyla önce süte bulayın ardından üzerine bir miktar krem şanti sürün ardından tekrar süte bulanmış yulaflı bisküviyi üzerine kapatın."", ""Bu şekilde 3 kat çıkın dilerseniz 4-5 kat da çıkabilirsiniz."", ""Pastanın üzerine biraz bastırarak içindeki krem şantinin kenarından akmasını sağlayın ve akan krem şantiyi çevresine yayın."", ""Düz bir tabağa Hindistan cevizini dökün ve pastanızın kenarlarını bulayın. Ardından bir tabağa beklemeye alın."", ""Çikolatayı benmari eritin. Pastanın üzerindeki boş kısma dökün ve yayın. Bu işlemleri tamamına uyguladıktan sonra pastaları soğuması için buzdolabında dinlendirin."", ""Pastanızı üzerine Antep fıstığını veya fındık dökerek servis edin. Afiyet olsun.""]"
43caa284-f6d8-4d1a-a955-6587a0aba4fd,Avokado Humuslu Tavuk Carpaccio,Turkey,"Avokado ve humusun zengin lezzetiyle buluşan, hafif ve şık bir başlangıç",Tavuk Yemekleri,"[""2 adet fileto tavuk göğsü"", ""1 çay kaşığı tuz"", ""1/2 çay kaşığı karabiber"", ""1/5 çay kaşığı biberiye"", ""1/5 çay kaşığı kekik""]","[""Kemik ve deri kısımlarını aldığınız fileto tavuk göğüslerini ince ince enlemesine kesin. Streç film üzerine boşluk kalmayacak şekilde dizin."", ""Üzerlerine eşit miktarda baharat serpip rulo şeklinde sarın ve dondurun."", ""Donmuş olan rulo tavuğu, çok ince şekilde kesip yağlı kağıt serili fırın tepsisine tek kat halinde dizin."", ""Sosu için; tereyağını küçük bir tavada kısık ateşte eritip kekik ve kırmızı pul biber ilavesiyle çeşnilendirin."", ""Hazırladığınız sosu ince tavuk dilimleri üzerine gezdirip önceden ısıtılmış 180 derece fırında 5 dakika kadar pişirin."", ""Humus için; haşlanmış nohut taneleri, ayıkladıktan sonra küçük parçalara ayırdığınız avokado, kimyon, toz kırmızı biber, tuz, rendelenmiş sarımsak, zeytinyağı, tahin, taze sıkılmış limon suyu ve buzu"", ""Malzemelerin tümünü püre haline gelene kadar mutfak robotunda karıştırın."", ""Fırından çıkan tavuk carpaccio dilimlerini servis tabağına dizin. Orta kısmına avokadolu humusu yerleştirin. Ayıklanıp yıkanmış roka yaprakları, arzuya göre yenilebilir çiçek yaprakları ve cherry doma""]"
2090ee6c-25a8-4fba-9fb9-82be5d16df47,Yumurtalı Peynirli Ekmek,Turkey,"Pratik ve lezzetli bir kahvaltı seçeneği olan yumurtalı peynirli ekmek, hem doyurucu hem de hazırlaması çok kolay",Börek & Hamur İşi,"[""2 adet yumurta"", ""1 çay kaşığı (silme) nane"", ""1 çay kaşığı pul biber""]","[""Bütün malzemeleri bir kasede bütün malzemeleri karıştıralım."", ""Daha sonra ekmeklerin üzerine harcı kaşık yardımıyla yayalım."", ""Fırın veya kapalı ızgarada 10 dakika pişirelim. Sıcak sıcak servis yapalım. Afiyetler olsun!""]"
5640c7d2-fad4-4cec-9354-7ca962d8647b,Patatesli Otlu Ekmek,Turkey,"Haşlanmış patates ve kuru domatesle hazırlanan, pratik ve lezzetli bir ekmek tarifi",Börek & Hamur İşi,"[""2 adet haşlanmış patates"", ""3-4 adet kuru domates"", ""2 adet yumurta (birinin sarısı üzerine)"", ""3 yemek kaşığı yoğurt"", ""2 yemek kaşığı mısır unu"", ""1 su bardağı yulaf ezmesi"", ""1 paket kabartma tozu""]","[""Minik doğrayıp sıcak suda beklemiş kuru domates ve ıspanakları iyice sıkıp ezilmiş patatesler ve diğer malzemeleri karıştırın."", ""Biraz ele yapışan yumuşak bir hamur olacak dinlendikten sonra yağlı kağıt üzerine ele yapıştığından kaşıkla koyuyoruz ya da muffin kalıplarına paylaştırıyoruz."", ""Üstüne hazırladığımız sosunu sürüp 175 derecede ısınan fırında 25~30 dakika civarı pişiyor. Afiyet olsun.""]"
82fbbf23-51db-441c-b6ab-95a2d3b9442b,Pofuduk Kek,Turkey,"Mis gibi kokan, ağızda dağılan pofuduk kek tarifi",Tatlı,"[""3 adet yumurta"", ""1 bardak toz şeker"", ""1 bardak sıvı yağ"", ""1 bardak süt"", ""1 paket kabartma tozu"", ""1 paket vanilya"", ""2,5 bardak un"", ""1 adet havuç"", ""1 adet portakal""]","[""Yumurtalar ile şekeri iyice köpürene hatta beyazlayana kadar çırpın."", ""Süt ve sıvı yağı ekleyin kısaca çırpın."", ""Havuç ve portakal kabuğunu rendeleyin ve fazla suyunu sıkın. İçine üzüm ve cevizi de ekleyip biraz unla malzemeleyi harmanlayın."", ""Un, kabartma tozu ve şekerli vanilini sıvı karışıma ekleyin. En son üstteki iç malzemerini de ekleyip yağladığınız kek kalıbınıza dökün."", ""180 derecede ortalama 30 dakika yeterli olacaktır. Ama mutlaka kürdan ile kontrol edin. Afiyet olsun.""]"
71068d2a-bbb5-443b-82a6-23bb51484f17,Mayasız Pişi,Turkey,"Pratik ve lezzetli mayasız pişi tarifi, çay saatlerinin vazgeçilmezi",Ana Yemek,"[""4 yemek kaşığı yoğurt"", ""1/2 su bardağı su"", ""1 adet yumurta"", ""1 paket kabartma tozu"", ""1 tatlı kaşığı tuz"", ""5 su bardağı un (aldığı kadar)""]","[""Malzemelerin hepsi karıştırılarak güzelce yoğrulur. Hamur yumuşak olacak."", ""Biraz dinlendikten sonra iki eşit parçaya bölünerek. Bir parçası merdane ile açılır."", ""İster yuvarlak kalıplar isterse bıçakla kare şeklinde kesebilirsiniz."", ""Daha sonra kızgın yağda kızartılır."", ""Diğer hamuru da aynı işlem uygulanır. Hepsi kızardıktan sonra sıcak sıcak servis yapılır. Afiyet olsun.""]"
b954291d-71a7-486b-be84-602ba86d1915,Bal Kabaklı Çörek,Turkey,"Mis gibi baharatlarla harmanlanmış, yumuşacık ve lezzetli bir atıştırmalık",Sebze Yemekleri,"[""1 su bardağı ılık süt"", ""1 tatlı kaşığı instant maya"", ""2 yemek kaşığı toz şeker"", ""1 çay kaşığı tuz"", ""2 yemek kaşığı sıvı yağ"", ""3 su bardağı un"", ""1 çay bardağı şeker"", ""200 gram bal kabağı""]","[""Hamur için süt ve şekerle mayayı aktive edin."", ""Diğer malzemeleri de ilave edin ve yoğurun."", ""Yarım saat hamuru dinlendirin."", ""O sırada kabağı ve şekeri tencereye alarak iyice yumuşayana kadar pişirin. Piştiğinde tarçını da ekleyin ve ezin."", ""Hamuru merdane yardımıyla açın."", ""Yağlanmış fırın kabınıza dizin ve 180 derecede 25 dakika kadar pişirin."", ""Bal kabaklı çörek tarifiniz hazır. Afiyet olsun!""]"
c4bc0af0-68f6-4bc3-9b25-dfca80ddcf6c,Sebzeli Erişteli Yeşil Mercimek,Turkey,"Besleyici ve doyurucu bir çorba olan sebzeli eriştelili yeşil mercimek, özellikle soğuk günlerde içinizi ısıtacak",Sebze Yemekleri,"[""1 su bardağı yeşil mercimek"", ""1 adet soğan (yemeklik doğranmış)"", ""1 adet patates (küçük küçük doğranmış)"", ""1 adet havuç (küçük küçük doğranmış)"", ""1 yemek kaşığı biber salçası"", ""1 su bardağı erişte"", ""4 yemek kaşığı zeytinyağı"", ""1-2 su bardağı et suyu (daha önceden hazırlayıp buz kalıbına koydum)"", ""6 su bardağı su"", ""1,5 tatlı kaşığı tuz""]","[""Düdüklü tencereye zeytinyağı, tereyağı, soğan ve salçayı koyup kavuruyoruz."", ""Yeşil mercimekleri suda yıkayıp tencereye döküyoruz."", ""Ardından havuç, patates, su ve tuzunu da ekleyip düdüklü tencerenin kapağını kapatıyoruz."", ""Düdüklü tencerenin düdüğü çıktıktan sonra ocağın altını kısıp 8-9 dakika daha bekletip ocağı kapatıyoruz."", ""Kapağını açtıktan sonra erişteleri de ekleyip erişteler yumuşayana kadar pişiriyoruz. Afiyet olsun.""]"
848b1e17-df63-40e6-9881-5381f1436bf0,Ev Yapımı Supangle,Turkey,Pratik ve lezzetli ev yapımı supangle ile misafirlerinize veya kendinize unutulmaz bir tatlı sunun,Ana Yemek,"[""1 litre süt"", ""2 yemek kaşığı un"", ""2 yemek kaşığı nişasta (mısır veya buğday nişastası)"", ""2 yemek kaşığı kakao"", ""1 su bardağı şeker"", ""1 adet yumurta sarısı"", ""80 gram çikolata"", ""1 yemek kaşığı tereyağı""]","[""Öncelikle tencerimize süt, un, şeker, yumurta, nişasta, kakaoyu koyarak kaynayana kadar pişiriyoruz."", ""Sosumuz kaynadıktan sonra altını kapatarak çikolata ve tereyağını da ekleyerek sıcağında eritiyoruz."", ""Daha sonra her servis tabağımızın alt kısmına birer dilim kakaolu kek koyarak üzerine supanglemize de ekleyerek istediğimiz gibi servis yapıyoruz, afiyet olsun.""]"
bc9fa0f6-0545-496a-a818-aafd1b9165aa,Zeytinyağlı Karalahana Sarması,Turkey,"Karadeniz'in lezzetli ve sağlıklı mezesi, zeytinyağlı karalahana sarması, sofralarınıza ferahlık katacak",Sebze Yemekleri,"[""1,5 su bardağı pirinç"", ""1 adet küçük boy soğan"", ""1 yemek kaşığı domates salçası"", ""1/2 yemek kaşığı biber salçası"", ""1/2 çay bardağı sıcak su"", ""1 tatlı kaşığı pul biber"", ""1 tatlı kaşığı nane"", ""1/2 çay kaşığı karabiber"", ""1 çay kaşığı tuz"", ""1/2 çay bardağı zeytinyağı""]","[""Karalahanaları kaynayan suda 3-4 dakika haşlayın. Yumuşadıktan sonra soğuk suya alarak şoklayın."", ""Küp küp doğranmış soğanı tavada kavurun .Rengi dönmeye başladığında domates, biber salçasını ilave edip kavurmaya devam edin."", ""Sarımsağı da ekleyin. Yıkanmış pirinci de ekleyip hafif kavurun. Pirinçlerin üzerine baharatı ve sıcak suyu ekleyip kısık ateşte pişirin."", ""Pirincin suyu çektikten sonra ocağın altını kapatıp, demlemeye bırakın."", ""İnce kıyılmış maydanozu da ekleyip karıştırın."", ""Tencerenin tabanına lahana saplarını ve dilim limon dizin. Lahanaya iç harçtan koyup içe doğru katlayıp rulo yapın."", ""Lahana bu yöntem ile sarın. Tencerenin üzerine tabak kapatın."", ""Üzerine sıcak su ve zeytinyağı gezdirip pişirin. Afiyet olsun.""]"
d030aebd-e53b-42f7-bb54-b106ff385df3,Çakallı Menemeni,Turkey,"Çakallı Menemeni, zengin yağ karışımıyla hazırlanan, lezzetli ve doyurucu bir kahvaltı klasiğidir",Kahvaltı,"[""1 yemek kaşığı tereyağı"", ""1/2 yemek kaşığı zeytinyağı"", ""1/2 yemek kaşığı sıvı yağ"", ""2 adet yeşil biber (acı severseniz birini acı koyun)"", ""1/2 yemek kaşığı domates salçası"", ""1/2 yemek kaşığı biber salçası"", ""2 adet domates"", ""2 adet yumurta""]","[""Bir tavaya tüm yağlar alınır."", ""Yağ hafif ısındığında küçük küçük kıyılmış biber eklenir. (Soğan ekleyecekseniz gene küçük küçük kıyıp en başta soğanı ekleyin. Soğan hafif kavrulduğunda biber ekleyip devam edin)"", ""Biber hafif kavrulmaya ve küçülmeye başladığında salçalar eklenir."", ""Salça kavrulmaya başladığında küçük küçük kıydığınız domates eklenir."", ""Püf nokta 1; yazdan hazırlanan domates sos da kullanabilirsiniz. Ya da çeri kullanın. Tadı çok daha farklı ediyor emin olun."", ""Domatesler biraz yumuşamaya başladığında üzerine iyice hemhal olması için ılık su eklenir. Çatalla eze eze karıştırılır."", ""Püf nokta 2; kabuklu domates kullandıysanız, kabukları kaldıysa ve pürüzsüz olsun isterseniz bu aşamada blenderdan geçin. 1-2 dakika göz göz oluncaya dek pişirin."", ""2 yumurta önce bir kabın içine kırılır. Sarısı beyazı birbirine geçene dek çırpılır."", ""Püf nokta 3; yumurta harcın ortasına az az eklenir. Koyarken sürekli çatalla karıştırılır. Bir de tavanın yan duvarlarına gelmemesi sağlanır."", ""Çünkü yan duvarlara değdiğinde yumurta beyaz beyaz kalıyor. Hoş olmuyor. Yumurtayı ortadan ekleyip, çatalla bu esnada karıştırmak gerekiyor. Önce harç biraz sıvı olacak. Yumurta piştikçe katılaşacak."", ""Göz göz olduğunda son olarak baharatlar eklenir. Toz kekikle süslenir. Afiyet olsun.""]"
502b0723-97a4-4834-b91e-f2b7100fd8b5,Badem Çorbası,Turkey,"Kremamsı ve besleyici badem çorbası, hem göz dolduruyor hem de damakları şenlendiriyor",Çorba,"[""250 mililitretavuk suyu"", ""250 mililitresüt"", ""1,5 yemek kaşığı tereyağı"", ""130 gram çiğ badem"", ""1/2 yemek kaşığı yenibahar"", ""1 çay kaşığı tuz"", ""1 çay kaşığı karabiber"", ""1 çay kaşığı muskat cevizi (isteğe bağlı)""]","[""Bademlerden iki yemek kaşığı kadarını ince ince doğrayın."", ""Kalanını rondodan geçirin.Bir yemek kaşığı tereyağı eritin. Yağ ısınınca unu ekleyip, 3 dakika kavurun."", ""Rondoda çektiğimiz bademleri ekleyip kavurmaya devam edin."", ""Sonra sütü yavaş yavaş ekleyin, ardından tavuk suyunu ekleyip, baharatları da katıp kısık ateşte 15 dakika pişirin."", ""Önceden ayırıp doğradığımız bademleri, yarım kaşık tereyağında kavurup servis için kullanın. Afiyet olsun.""]"
cc7cc3d0-7734-4143-9ed2-69e45b31c526,Cevizli Portakallı Kek,Turkey,"Portakalın ferahlatıcı aroması ile cevizin çıtır lezzetini birleştiren, pratik ve lezzetli bir kek tarifi",Tatlı,"[""3 adet yumurta"", ""200 gram tereyağ"", ""225 gram şeker (1+1/8 su bardağı)"", ""240 gram beyaz un (1+2/3 su bardağı)"", ""1 adet portakal"", ""1 paket kabartma tozu"", ""80 gram kırık ceviz (3/4 su bardağı)""]","[""Fırını 170 derecede ısıtın."", ""Tereyağını eritip soğumaya bırakın."", ""Portakalı soyup dilimleyin, ocakta kaynatın, yumuşayınca rondoya atın ve parçalayın."", ""Yumurta ve şekeri krema kıvamına gelene dek çırpın."", ""Yumurtalı karışıma un ve kabartma tozunu ekleyin ve karıştırın."", ""Portakal suyu, tereyağı ve kırık cevizleri de ekleyip karıştırın."", ""Fırın kabınızı yağlayın ve karışımı içerisine dökün."", ""Önceden ısıttığınız fırında 30 dakika pişirin.""]"
d195d41f-190a-4a33-b080-ce77e5707e89,Taze Kekikli Zeytinli Poğaça,Turkey,"Zeytinyağı ve taze kekiğin harmanlandığı, pratik ve lezzetli poğaça tarifi",Tatlı,"[""4 yemek kaşığı yoğurt"", ""3 yemek kaşığı zeytinyağı"", ""1 adet yumurta"", ""1 paket kabartma tozu"", ""1 silme çay kaşığı tuz"", ""2-2,5 su bardağı tam buğday unu"", ""15-16 adet siyah zeytin""]","[""Yoğurt, zeytinyağı, yumurta ve kabartma tozunu çırpıcı yardımıyla karıştırdım. Tuz ve unu (dikkatli ekledim) da ilave ederek yoğurdum."", ""Zeytinlerin çekirdeklerini çıkarıp keklikle birlikte hamura ekledim ve son kez bir daha yoğurdum."", ""Ellerimi yağlayarak hamurdan ceviz büyüklüğünde parçalar koparıp ortasına küçük bir parça kaşar peyniri koyup yuvarladım ve yağlı kağıt serdiğim fırın tepsisine dizdim."", ""Önceden ısıtılmış fırında pişirdim. Afiyet olsun.""]"
325523bb-f48f-4a4c-ab7c-1afb7f9f0d50,Çorba Tarifleri,Turkey,Serinletici ve ferahlatıcı bir içecek için pratik soğuk çay tarifi,Çorba,"[""Soğuk Çay""]","[""Bir çorba tarifinden beklediğiniz her şey bu tarifte saklı. Karşınızda nefis mi nefis salçalı tel şehriye çorbası! Hemen her evde bulunan malzemelerle hazırlayabileceğiniz salçalı şehriye çorbasını yaz-kış içmek mümkün. En pratik çorbalardan biri karşınızda: Tel Şehriye Çorbası""]"
7669e67b-e667-4c7b-83c4-6f66e42b8545,Jöleli Pasta,Turkey,"Hafif ve lezzetli jöleli pasta, misafirleriniz için harika bir seçim",Tatlı,"[""3 adet yumurta"", ""1 su bardağı şeker"", ""1 çay bardağı sıvı yağ"", ""1 paket vanilya"", ""1 paket kabartma tozu"", ""1 çay kaşığı karbonat"", ""1 tatlı kaşığı sirke"", ""1/4 su bardağı un"", ""3-4 tatlı kaşığı kakao""]","[""Kek için tüm malzemeleri karıştırın ve fırın tepsisine dökün. Önceden ısıtılmış 180°'lik fırına koyun ve 15 20 dakika sonra kontrol ederek çıkarın."", ""Kekiniz soğuduktan sonra onları istediğiniz şekilde dilimleyin ya da ufalayın ve koymak istediğiniz kaseye ya da bardağa koyun. Ardından meyveleri doğrayın, bisküvileri elinizle çok küçük olmayacak şe"", ""Krem şantiyi çırpın ve içine ufulayıp dilimlediğiniz meyve ve bisküviyi koyun. İyice karıştırdıktan sonra kekin üzerine koyun."", ""Son olarak jöleleri arkalarındaki talimatlara göre yapınız. Keke ekleyerek sunuma hazırlayın. Afiyet olsun.""]"
970da5ec-785f-43be-ac88-7ea2a205e70c,Çikolatalı Açma,Turkey,"Mis gibi mayalı hamurun içine harmanlanan çikolata parçacıklarıyla hazırlanan, yumuşacık ve lezzetli bir kahvaltılık",Tatlı,"[""2,5 su bardağı ılık süt"", ""4 yemek kaşığı şeker"", ""1 paket kuru maya (instant maya)"", ""2 adet yumurta beyazı (sarısı üzerine)"", ""1 su bardağı sıvı yağ"", ""1 tatlı kaşığı tuz"", ""8 su bardağı un""]","[""Derin bir kaseye ılık süt, kuru maya ve toz şekeri ekleyin, karıştırın. Üzerini kapatıp yaklaşık 10 dakika mayanın aktif olması için kenarda bekletin."", ""Ardından sıvı yağı ekleyin."", ""Yumurta beyazlarını ekleyin."", ""Son olarak un ve tuzu ekleyin. Elinize yapışmayacak türden yumuşak bir hamur elde edene kadar yoğurun. Yoğurduğunuz hamurun üstünü nemli bir bezle kapatıp mayalanması için 1 saat kadar bekletin."", ""Dinlenmiş ve mayalanmış olan hamurdan dilediğiniz büyüklükte bezeler ayırın."", ""Bezeyi elinizle genişletin ve içerisine 1 yemek kaşığı kadar çikolatayı sürün."", ""Çikolata sürdüğünüz bezeyi uzunlamasına rulo şeklinde sarın."", ""Sardığınız ruloyu dikey olarak ortadan ikiye kesin ve birbirine dolayın."", ""Hamuru spiral gibi içe doğru sararak görünüm verin. Burada ortasını boş bırakıp daha klasik bir şekil de elde edebilirsiniz."", ""Şekil verdiğiniz açmaları tepsiye dizin ve üzerine yumurta sarılarını sürün. Fındık içlerini üzerine serpin. 10 dakika tepsi mayası için bekletin."", ""Alt-üst ayarlı fansız fırında 180 derecede 35 dakika açmaların üzeri kızarana kadar pişirin."", ""Çikolatalı açmalar hazır. Afiyet olsun!""]"
d77e3e4b-ff3d-44ad-a769-d0746c9335f3,Tavuklu Çökertme Kebabı,Turkey,"Tavuklu Çökertme Kebabı, çıtır patatesler ve yoğurtlu sosun mükemmel uyumuyla damaklarda unutulmaz bir lezzet bırakır",Et Yemekleri,"[""1 paket tavuk göğsü"", ""3 adet patates"", ""1 paket yoğurt çeşnisi"", ""1 adet rendelenmiş domates"", ""1 yemek kaşığı zeytinyağı"", ""1 yemek kaşığı salça""]","[""Tavukları jülyen şekilde doğrayıp marine edin ve zamanınız varsa dinlemesi için birkaç saat buzdolabında bekletin."", ""Tavuğu pişireceğiniz tavanızı iyice kızdırın. Tavukları içine koyup mühürleyin ve pişirin."", ""Diğer taraftan patatesleri soyup yıkayın, suyunu peçete ile alın."", ""Patatesleri bol kızgın yağda (ben kızartmaları da zeytinyağı ile yapıyorum.) kızartıp önce kağıt havlu serili bir tabağa alın. Daha sonrada tuz ekleyip servis tabağına alın."", ""Ayrı bir tavada zeytinyağı ve salçayı biraz kavurun. Tuz ve rendelenmiş domatesi ilave edip biraz kaynatın."", ""Yoğurt ile yoğurt çeşnisini karıştırın."", ""Tavukları patateslerin üzerine alın. Salçalı sos ve yoğurtla birlikte servis edin. Afiyet olsun.""]"
b2349e58-bd8a-4d83-bc18-7172fb7bc7c4,Şopska Salatası,Turkey,"Taze ve lezzetli Şopska Salatası, Balkan mutfağının en sevilen tariflerinden biridir",Salata,"[""2 adet büyük boy domates"", ""2 adet salatalık"", ""1 adet soğan"", ""1 adet yeşil biber"", ""1/2 su bardağı beyaz peynir""]","[""Domatesi küçük küpler halinde doğrayın ve derin bir salata kasesine alın."", ""Yeşil biber ve salatalıkları da küçük küçük doğrayın."", ""Ardından kuru soğanı da küp küp şekilde doğrayın ve ilave edin."", ""Salata malzemelerini güzelce karıştırın."", ""Son olarak ince kıyılmış maydanozu ekleyin."", ""Salata sosu için bir kaseye zeytinyağı, tuz, sirke ve limon suyunu ilave edip salataya ekleyin."", ""Son olarak ufalanmış beyaz peyniri ilave edin, güzelce karıştırın."", ""Servis tabağına alın ve arzuya göre maydanoz yaprakları ile süsleyin. Afiyet olsun!""]"
6498070d-1473-408b-93fa-a3530188d052,Şeftali Kompostosu,Turkey,"Yaz aylarının ferahlatıcı lezzeti şeftali kompostosu, serinlemek için ideal bir içecek",Ana Yemek,"[""6 adet orta boy şeftali"", ""2 su bardağı toz şeker"", ""8 su bardağı su"", ""4 adet karanfil"", ""1 adet çubuk tarçın""]","[""Şeftali kompostosu için bol suda yıkadığınız şeftalilerin kabuklarını soyup çekirdeklerini çıkardıktan sonra dilimleyin."", ""Su ve toz şekeri derin bir tencereye alın. Tel bir çırpıcı yardımıyla şeker eriyene kadar karıştırın. Karanfil ve çubuk tarçın ilavesiyle kısık ateşte kaynatın."", ""Kaynamaya başlayan şerbet karışımına şeftali dilimlerini katıp kısık ateşte 10-15 dakika kadar pişirin."", ""Çubuk tarçın ve karanfilleri içinden çıkartın. Oda ısısında ılınan kompostoyu buzdolabında soğuttuktan sonra meyve dilimleriyle birlikte servis edin. Şeftali kompostosu hazır. Afiyet olsun.""]"
d4432695-6c9a-42c1-8c08-20f648cce619,Çilekli Puding Topları,Turkey,"Pratik ve lezzetli çilekli puding topları, hem göze hem damağa hitap eden harika bir tatlı",Ana Yemek,"[""3 su bardağı süt"", ""1 paket çilekli puding"", ""7 yemek kaşığı irmik"", ""7 yemek kaşığı toz şeker"", ""1 paket vanilya"", ""1 yemek kaşığı tereyağı""]","[""Vanilin ve tereyağı haricindeki tüm malzemeleri bir tencereye alın. Ocağın altını açın ve muhallebi koyulaşıp kaynamaya başlayana dek karıştırın."", ""Kaynamaya başladıktan sonra altını kısın, bu şekilde karıştırarak 2 dakika daha pişirin ve altını kapatın. İçine tereyağı ve vanilini ekleyin. Tereyağı eriyene dek karıştırın."", ""Muhallebi ılıklaştıktan sonra, ceviz büyüklüğünde parçalar kopartın, avucunuzda yuvarlayın, geniş bir tabağa aldığınız Hindistan cevizinin içersinde de yuvarlayıp, etrafının Hindistan cevizi ile kapla"", ""Ardından bir servis tabağına alın. Buzdolabında yaklaşık yarım saat dinlendirdikten sonra servis edin.""]"
d0ec92a3-cdc6-4945-8849-c88c7519d6d5,Yulaflı Kurabiye,Turkey,"Sağlıklı ve lezzetli atıştırmalık için hızlıca hazırlayabileceğiniz, cevizli yulaflı kurabiye",Tatlı,"[""1 adet yumurta"", ""2 yemek kaşığı bal"", ""1 çay bardağı kırık ceviz"", ""1 çay bardağı badem içi"", ""2 adet muz"", ""1 adet elma (ya da armut)"", ""1 tatlı kaşığı tarçın"", ""1 paket vanilin"", ""1 paket kabartma tozu"", ""4-5 adet hurma"", ""2-3 su bardağı yulaf""]","[""Yumurta ve balı çırpın. Ardından badem içi, ceviz ve tarçın ekleyip karıştırın. Çatalla muzları ezin ve ilave edin. Elma ya da armudu rendeleyin ve suyunu süzün. Karışıma ekleyin."", ""Hurmaları ince ince doğrayın ve ekleyin. Kabartma tozu, vanilin ve yulafı da ekleyerek spatula ile karıştırmaya devam edin. Top top yuvarlanacak kıvamda olacak."", ""Elinizde yuvarlayın ve önceden ısıtılmış fırında 180 derece 20 dakika pişirin. Afiyet olsun.""]"
2ef52fc0-fed3-4235-b80a-edfc9d626017,Sivas Katmeri,Turkey,"Sivas'a özgü, kat kat açılan ve lezzetli bir hamur işi olan Sivas Katmeri, kahvaltıların ve çay saatlerinin vazgeçilmezidir",Ana Yemek,"[""1,5 su bardağı süt"", ""1 paket maya"", ""1 tatlı kaşığı şeker"", ""1 tatlı kaşığı tuz"", ""150 gram tereyağı (oda sıcaklığında)"", ""4,5 su bardağı un""]","[""Süt, maya ve şekeri bir kap içerisinde karıştırın."", ""Unu kontrollü ekleyin, tuzunu ekleyip yoğurun."", ""Üzerini kapatıp yarım saat mayalandırın."", ""Mayalanan hamuru 4 eşit bezeye bölün. Bezelerin üzerini nemli bir bez ile 15 dakika kapatın, mayalanmaya bırakın."", ""Daha sonrasında bir bezeyi alıp biraz un serptiğiniz tezgahta kare şeklinde açın ve her yerini yağlayın.İki yanından da içe doğru katlayın ve her kata yağ sürün."", ""İki yanından da içe doğru katlayın ve her kata yağ sürün."", ""Üst kısımlarından da katlayıp kare şeklini verin, tekrar yağlayın."", ""İkinci bezeyi de aynı şekilde açıp yağlayın ortasına ilk açıp katladığınız bezeyi koyun ve aynı katlama işlemini bir kez daha yapın."", ""Ardından bezelerden birini dikdörtgen şeklinde açın ortasını yağlayın, her iki kenarı da üst üste birleştirin ve ters çevirip fırın tepsisine koyun."", ""Üzerine bıçakla çizikler atın, yumurta sarısı sürün."", ""190 dereceye ayarlı fansız fırında 30 dakika kadar üzeri kızarana kadar pişirin. Afiyet olsun!""]"
e01ddee3-c629-4d33-b8d9-890791895180,Kakaolu Islak Kek,Turkey,"Kakaolu ıslak kek, yumuşacık dokusu ve bol sosuyla damakları şenlendiren pratik bir lezzettir",Tatlı,"[""4 adet yumurta (oda sıcaklığında)"", ""1 su bardağı toz şeker (+ 2 yemek kaşığı daha)"", ""1,5 su bardağı ılık süt"", ""1 su bardağı sıvı yağ"", ""2 su bardağı un"", ""2-3 yemek kaşığı kakao"", ""1 paket vanilin"", ""1 paket kabartma tozu"", ""1 paket çikolata (sosu için kullanılacak)""]","[""Yumurtalar şeker ve vanilin köpük köpük olana kadar çırpılır. (5-6 dakika) Süt, sıvı yağ ve kakao eklenip düşük ayarda 1 dakika çırpılır."", ""Bu karışımdan 1 su bardağı ayrılır. Kalan kısmına elenmiş un ve kabartma tozu ilave edilip karıştırılır. Tereyağ ile yağlanmış unlanmış kek kalıbına kek harcı aktarılır."", ""Önceden ısıtılmış fırında alt üst ayarda 180 derecede 30-35 dakika pişirilir. Kürdan testi yapılır ve çıkarılır. Ilıkken dikkatli bir şekilde kalıptan kenarları kurtarılır. Kalıptan çıkarmıyoruz. Kürd"", ""Çikolata benmari usulü eritilir. Bardakta olan karışıma eklenip karıştırılır. Kalıptaki kekin her yerine aktarılır. Bardakta 3-4 yemek kaşığı kadar bırakılır. Dış yüzeyi parlak olması için o da kekin"", ""İsteğe bağlı eritilmiş beyaz çikolata ile dekor yapılır. Dinlendikten sonra servis yapılır. Afiyet olsun.""]"
e4be9ed7-d73b-462b-8f7b-0be20d0cbaea,Tam Kıvamında İçli Köfte,Turkey,"İçli köftenin en lezzetli haliyle, tam kıvamında ve damakta unutulmaz bir tat bırakan özel tarif",Et Yemekleri,"[""2 su bardağı ince köftelik bulgur"", ""1 su bardağı irmik"", ""3 su bardağı sıcak su"", ""1 adet yumurta"", ""1 yemek kaşığı domates salçası"", ""1 yemek kaşığı biber salçası"", ""1 yemek kaşığı zeytinyağı"", ""3 yemek kaşığı un"", ""2 çay kaşığı (silme) pul biber"", ""2 çay kaşığı tuz""]","[""Tam kıvamında içli köfte yapmak için önce bulguru ve irmiği ağzı kapaklı bir kapta sıcak su ile ıslatın ve ağzını kapatıp yaklaşık 30 dakika dinlenmeye bırakın."", ""200 gram yağı tencereye alın ve kıymayı rengi dönene kadar sürekli karıştırarak pişirin.Kıymanın her yeri renk aldıktan sonra tane tane olması için yarım çay bardağı su ekleyin ve suyunu çekene kadar"", ""Suyunu çektikten sonra küp küp doğranmış soğanı ilave edip kavurmaya devam edin."", ""Soğanlar tamamen kavrulduktan sonra 2 çay kaşığı tuzu ve baharatları ilave edin.Cevizleri de ilave edip ocağın altını kapatın. Maydanozları ekleyip son kez karıştırıp soğuması için başka bir kaba alın"", ""Şişmeye bıraktığımız bulgurlu karışımı bir tepsiye (varsa çiğ köfte tepsisi) veya bir kaba çıkarın ve üzerine yağ, salça, un, yumurta, pul biber ve 2 çay kaşığı tuzu ekleyip güzelce yoğurun"", ""Yaklaşık 15 dakika yoğurduktan sonra bütün hamuru bir araya getirin ve üzerini nemli bir bezle örtün. Yaklaşık 30 dakika dinlendirin."", ""Hamurunuzdan cevizden büyük yumurtadan küçük parçalar alıp yuvarlayın. Baş veya işaret parmağınızla açıp içine harç doldurup kapatın."", ""Tüm köftelere aynı boyutlarda açıp içlerini doldurun."", ""Kızgın yağda kızartın. Dilerseniz suda da haşlayabilirsiniz. Eğer elinizde açamıyorsanız hamuru yağlı kağıdın arasına koyup büyükçe açarak kalıplar halinde çıkardığınız parçalara poğaça gibi iç harç k"", ""İçli köfte hazır. Şimdiden afiyet olsun.""]"
c9e2fded-859c-42ea-9330-962112af5292,Sous Vide (Vakumda Pişen) Antrikot,Turkey,"Sous vide tekniği ile mükemmel pişmiş, suyunu kaybetmemiş ve lezzeti yoğunlaşmış dana antrikot",Ye,"[""350 gram dana antrikot"", ""30 gram porçini mantarı"", ""10 gram riviera zeytinyağı"", ""10 gram ev yapımı demi glace sos"", ""20 gram kuru soğan"", ""50 gram tatlı patates"", ""5 gram krema"", ""5 gram tereyağı"", ""3 gram tuz"", ""2 gram çekilmiş renkli tane karabiber"", ""15 gram edamame fasulyesi""]","[""Dana antrikot; 5 gram riviera zeytinyağı, tuz, karabiber ve beyaz şarap ile vakumlandıktan sonra 65 derecede 4,5 saat kadar sous vide tekniği ile pişirilir."", ""Porçini mantarı, sarımsak ve kuru soğan ile soteleyip ev yapımı demi glace sosla karıştırın."", ""Tatlı patatesleri haşladıktan sonra krema, tereyağı, tuz ve karabiberle lezzetlendirip püre haline getirin."", ""Edamame fasulyesini kaynar suda kısa süre haşladıktan sonra porçini yahnisine ekleyin."", ""Farklı bir pişirme yöntemiyle pişen eti, tatlı patates püresi ve porçini yahnisi eşliğinde servis edin.""]"
baab9190-d89c-427e-83ea-36eb0c2e309f,Bayatlamayan Poğaça,Turkey,"Pratik ve lezzetli poğaça tarifi, günlerce taze kalır",Börek & Hamur İşi,"[""1 adet yumurta"", ""1/2 su bardağı yoğurt"", ""1/2 su bardağı zeytinyağı"", ""3/4 su bardağı ılık süt"", ""1/4 su bardağı ılık su"", ""1/2 paket yaş maya"", ""1/2 yemek kaşığı toz şeker"", ""6-6,5 su bardağı un"", ""1/2 tatlı kaşığı tuz""]","[""Ilık su ve sütü geniş bir karıştırma kabına alın. Yaş maya ve toz şekeri ekleyip karıştırdıktan sonra mayanın aktive olması için 10 dakika kadar bekletin.Maya tamamen eridikten sonra zeytinyağı, yoğur"", ""Elenmiş un ve tuzu azar azar ekleyip hamuru toparlanana kadar yoğurmaya başlayın."", ""Yumuşak ve yapışmayacak bir kıvamda bir hamur elde ettiğiniz zaman üzerini nemli bir bezle kapatıp 50 dakika kadar oda ısısında dinlendirin."", ""İç harç için tüm malzemeleri karıştırın. Mayalanan hamurdan yumurta büyüklüğünde parçalar kopartıp avuç içinizde açın. Orta kısımlarına hazırladığınız iç harçtan bir tatlı kaşığı kadar katıp yuvarlaya"", ""Tepsiye aralıklı olarak dizdiğiniz hamurların üzerine ayçiçek yağıyla çırpılmış yumurta sarısı sürün. Tepsi mayası olarak da bilinen son mayalandırma işlemi için 10-15 dakika kadar bekletin."", ""Önceden ısıtılmış 180 derecede 25-30 dakika pişirin. Sevdiklerinizle birlikte afiyetle yiyin.""]"
ddf54e34-11de-4c72-9774-ad41a933f64c,Banana Bread (Muzlu Ekmek),Turkey,"Mis gibi kokan, pratik ve lezzetli bir muzlu ekmek tarifi",Börek & Hamur İşi,"[""2 su bardağı un"", ""1 çay kaşığı kabartma tozu"", ""1 çay kaşığı tarçın"", ""1/2 çay kaşığı deniz tuzu"", ""1 su bardağı şeker"", ""2 adet yumurta"", ""1/2 su bardağı Hindistan cevizi yağı (ayçiçek ya da zeytinyağı da kullanılabilir)"", ""4 adet muz (olgunlaşmış, kararmış)"", ""2 tatlı kaşığı süzme yoğurt"", ""1 çay kaşığı vanilya özütü""]","[""Olgunlaşmış muzlarınızı minik minik bir kaba doğrayın, sonra da çatal yardımıyla ezin. Kenarda beklesinler biraz."", ""Un, kabartma tozu, tuz ve tarçını bir kapta karıştırın. Onlar da kenarda beklesinler."", ""Ayrı bir kapta yumurtaları ve şekeri 5 dakika boyunca karışım ufak ufak köpürene kadar karıştırın."", ""Tavada sıvı hale getirdiğiniz hindistan cevizi yağınızı şeker ve yumurta karıştırdığınız kaba ekleyin, karıştırmaya devam edin (aynı ölçülerde eritilmiş ayçiçek yağı ya da zeytinyağı da kullanabilirsi"", ""Ezilmiş muzlarınızı da bu karışıma ekleyin ve yine karıştırın. Yalnız bu ezilmiş muzlardan ufak bir kısmı kenarda tutun, kekin en üstüne ekleyeceğiz."", ""Karışıma yoğurt ve vanilya özütünü de ekleyin."", ""Son olarak kuru malzemeleri karıştırdığınız kabı bu ıslak karışıma ekleyin ve iyice karıştırın. Kek harcı hazır."", ""Uzun ve derin kek kalıbınızı yağlayın, karışımınızı kalıbınıza dökün ve karışımın üstünü düzleyin. Son olarak kenara ayırdığınız ezilmiş muzları da karışımınızın üstüne ekleyin."", ""175 dereceye önceden ısıttığınız fırınınızda 40 dakika kadar kekinizi pişirin, sonrasında 5-10 dakikada bir kontrol edin.""]"
7b818edf-3f70-4611-aead-c192889d4c92,Kabak Mücver,Turkey,"Lezzetli ve pratik kabak mücver, hem sağlıklı hem de doyurucu bir seçenek",Sebze Yemekleri,"[""2 adet kabak"", ""2 adet yumurta"", ""4 yemek kaşığı tam buğday unu"", ""1 paket kabartma tozu""]","[""Kabakları soyup rendeliyoruz ve iyice suyunu sıkıyoruz."", ""Yumurta, un, kabartma tozu, dereotu ve taze soğanı ekliyoruz. Karıştırıyoruz."", ""Isınmış yağa bir kaşık kadar harçtan ekleyin. Arkalı önlü kızarınca yağdan alabilirsiniz. Afiyet olsun.""]"
c634ce7a-a35f-4b6a-9a18-18ddb2555449,Elmalı Tart,Turkey,Tereyağlı ve yumuşak hamuruyla bilinen klasik bir elmalı tarıtı evde kolayca yapabilirsiniz,Ana Yemek,"[""150 gram tereyağı (oda sıcaklığında)"", ""1 adet yumurta"", ""3 yemek kaşığı pudra şekeri"", ""1 adet kabartma tozu"", ""3 yemek kaşığı süt"", ""3 su bardağı un"", ""4 adet elma"", ""1 çay bardağı toz şeker"", ""1 çay kaşığı tarçın"", ""1 su bardağı ceviz içi""]","[""Önce elmaları soyup rendeleyin şekerle ocağa koyun."", ""Suyunu çekmesine yakın, tarçın ve küçük doğranmış cevizleri ekleyin."", ""Tereyağ ve yumurtayı parmak uçlarınızla hafif hafif yoğurun."", ""Un, pudra şekeri, kabartma tozu ve sütü ekleyip hafif hafif yoğurmaya devam edin."", ""Hazırladığınız hamuru 15 dakika dolapta dinlendirin."", ""Tart tepsini yağlayın, hamurun yarısından biraz fazlasını taban için yuvarlak bir şekilde açın."", ""İçine soğuyan elma harcını ekleyip kalan hamurla üzerine silindir şeklinde hamurla kapatın."", ""180 derecelik önceden ısıtılmış fırında 20 dakika pişirin. (15. dakikadan sonra kontrol edebilirsiniz)"", ""Soğuduktan sonra servise hazır. Afiyet olsun.""]"
cc23f183-6adc-4433-a240-5e334cce4d4c,Cevizli Kalburabastı,Turkey,"Şerbetli ve cevizli lezzetiyle klasik bir tatlı olan kalburabastı, misafir sofralarının vazgeçilmezi",Ana Yemek,"[""2,5 su bardağı şeker"", ""2,5 su bardağı su"", ""1 dilim limon""]","[""Şerbet malzemeleri tencereye konur, ocağa alınıp kaynatılır ve soğutulur."", ""Hamur için gerekli sıvı malzemeler kaba alınıp karıştırılır. Üzerine önce irmik, kabartma tozu, vanilya eklenip tekrar karıştırılır"", ""Önce unun yarısı eklenip yoğrulur, geri kalan un yavaş yavaş kontrollü eklenip yumuşak bir hamur yoğurulur."", ""Yoğrulan hamurdan cevizden az büyük parçalar koparılır ve ( ben kalbur olarak silikon petek mat kullandım ) kalburun üzerine yerleştirilir."", ""Her tatlıya bir ceviz denk gelecek şekilde ceviz ekleyip kalburdan almadan, kenarlardan kapatılır ve tatlının altı üste gelecek şekilde tepsiye yerleştirilir."", ""175 derecede fansız fırında iyice kızarana kadar pişirilir."", ""Sıcak tatlıya soğuk şerbet dökülüp bir gece dinlendirilir ( gerçek tadını o zaman alıyor )."", ""Üzeri Hindistan cevizi veya fıstık tozuyla süsleyip servis edilir. Afiyet olsun.""]"
d2cd7a90-79e4-4ed3-8de7-85d03d360ed7,Kırmızı Pancarlı Makarna,Turkey,"Kırmızı pancarın canlı rengiyle zenginleşen bu makarna, hem göz dolduruyor hem de lezzet dolu",Pilav & Makarna,"[""1 paket fettucine makarna"", ""2 adet kırmızı pancar"", ""1/2 çay bardağı zeytinyağı""]","[""Pancarlarımızı gelişi güzel doğruyoruz ve blendere koyuyoruz."", ""Ardından sarmısaklar, tuz ve zeytinyağ hop karıştır. Krema kıvamına gelsin. Sosumuz kenarda beklesin."", ""Makarnamızı paketin üzerindeki dakikaya göre haşlıyoruz."", ""O haşlanırken bir başka kapta beyaz peynir ve doğradığımız taze dere otunu karıştıralım."", ""Haşlanan makarnayla pancar sosumuzu birleştiriyoruz. Afiyet olsun.""]"
f5124b31-51f3-420c-8f9f-e43d3358c566,Tavuk Döner,Turkey,"Evde kolayca yapabileceğiniz, lezzetli ve yumuşacık tavuk döner tarifi",Tavuk Yemekleri,"[""5 adet tavuk pirzola"", ""1 adet rendelenmiş soğan"", ""2 yemek kaşığı yoğurt"", ""1 tatlı kaşığı biber salçası"", ""1 tatlı kaşığı tatlı toz kırmızı biber"", ""1 çay kaşığı tuz"", ""1 çay kaşığı karabiber"", ""1 çay kaşığı kekik""]","[""Tavuk döner yapımı için tavukları bir gece öncesinden hazırlayarak dolapta dinlendirin."", ""Tavuğun kemiklerini ve derisini ayırdıktan sonra, nefis marinasyon karışımını oluşturmak için bütün malzemeleri bir araya getirin. Tüm bu marinasyon sosunu tavuklarla buluşturun ve harmanlayın."", ""streç film, yağlı kağıt ya da iç tarafı yağlı kağıt olan folyo gibi seçeneklerle dönerinizi sarın."", ""Her bir tarafını özenle kapatın ve hava almamasını sağlayın. Ardından, 3 saat boyunca buzdolabında dinlendirin ve gece boyunca dondurucuda bekletin."", ""Pişirmeden 10 dakika önce dönerinizi buzdolabından çıkarın ve oda sıcaklığında biraz bekletin. Pişirme aşamasına geçmeden önce, dondurucudan çıkarın ve dönerinizi keskin bir bıçakla, döner şeklinde di"", ""Az tereyağı eklemiş olduğunuz tavada, dönerinizi ara ara çevirerek mükemmel bir kıvama gelene kadar pişirin."", ""İstediğiniz yan lezzetlerle tavuk dönerinizi servis edin. Afiyet olsun.""]"
ce13869f-3c7e-4476-80a3-97bd1ea32d7a,Güveçte Minik Ekmek,Turkey,"Fırında pişen, çıtır çıtır minik ekmekler",Börek & Hamur İşi,"[""2 su bardağı ılık su"", ""1 paket instant maya"", ""1 silme yemek kaşığı şeker"", ""1 silme yemek kaşığı tuz"", ""2 yemek kaşığı zeytinyağı"", ""4,5 su bardağı un (aldığı Kadar)""]","[""Bir kaba ılık suyu alıyoruz. Üzerine un, maya, şeker ve tuz karışımını döküyoruz. (Instant mayaları suda eritmek gerekmiyor. Yaş maya kullanırsanız şekerle suda eritip 10 dakika aktifleşmesini bekleyi"", ""Unu dikkatli ekleyin. Tahta kaşıkla karıştırın, çok sert olmayan yumuşak bir hamur elde edene kadar yoğurun."", ""En son elinizle toparlayın 40 dakika mayalandırın."", ""Daha sonra tezgahı unlayıp parçalar koparın. Una bulayarak parmak uçlarınızla birkaç defa katlayıp güveçlere koyun. (Güvece yağlı kağıt koyun ya da un serpin, çıkarması zor olmasın.)"", ""200 derece fırında yaklaşık 30 dakika üzerileri kızarana kadar pişirin."", ""Fırından çıkınca parmak uçlarınızla su serpiştirin, temiz bir bezle örtün. Soğumaya yakın kalıplardan çıkarın. Afiyet olsun.""]"
f43b23ea-05dc-4932-90f7-79a854eacd28,Nohut Unlu Tahinli Kek,Turkey,Nohut unu ve tahinin harika birleşimiyle sağlıklı ve lezzetli bir kek,Tatlı,"[""2 adet yumurta"", ""1 su bardağı süt"", ""1/2 çay bardağı pekmez"", ""50 gram bitter çikolata"", ""1 su bardağı nohut unu"", ""1 su bardağı tam buğday unu"", ""1 paket kabartma tozu"", ""1 paket vanilin"", ""1/4 su bardağı tahin""]","[""Yumurta ve pekmezi mikser ile güzelce çırpın."", ""Tahin ve sütü ekleyerek çırpmaya devam edin."", ""Bitter çikolatayı çok küçük olmayacak şekilde kırın ve karışıma ekleyin."", ""Nohut unu ve tam buğday ununu eleyerek ekleyin."", ""Kabartma tozu ve vanilini ekleyin ve topaklar gidene kadar çırpın."", ""Yağlı kağıt serdiğiniz küçük boy borcama veya kek kalıbına karışımı dökün."", ""Önceden ısıttığınız 180°C fırında 30 dakika kontrollü bir şekilde pişirin. Afiyet olsun.""]"
5fdbfb52-5c71-4abf-b15f-722463b9c511,Kıymalı Rulo Patates,Turkey,"Haşlanmış patateslerin içine kıyma harcı koyularak hazırlanan, lezzet ve doyuruculuğu bir arada sunan pratik bir tarif",Et Yemekleri,"[""3 adet haşlanmış patates"", ""4 adet yumurta"", ""1 tatlı kaşığı tuz"", ""1 çay kaşığı toz kırmızı biber"", ""1 çay kaşığı kimyon"", ""1 çay kaşığı karabiber"", ""1 yemek kaşığı un""]","[""Patatesleri haşlayın ve kabuklarını soyun."", ""Haşlanmış patatesleri bir çatal yardımıyla iyice ezin ve püre kıvamına getirin."", ""Yumurtaları ezdiğiniz patateslerin üzerine ekleyin ve güzelce karıştırın."", ""Tuz, karabiber, toz kırmızı biber ve kimyonu ilave ederek karışımı spatula yardımıyla karıştırın."", ""Kıvamına da kontrol ederek bir yemek kaşığı un ekleyin ve patatesli harca yedirin."", ""Fırını 180 dereceye ayarlayın ve ısınmasını bekleyin."", ""Fırın tepsisine yağlı kağıt serin ve yağlı kağıdı da zeytinyağıyla yağlayın."", ""Patatesli harcı tepsiye yağlı kağıdın üzerini kaplayacak şekilde yayın."", ""20-25 dakika kadar üstü hafif kızarana kadar pişirin.""]"
d080e5a3-3097-4535-b955-add094a7d5cc,Çilekli Fındıklı Galette,Turkey,"Taze çilekler ve dövülmüş fındıklarla hazırlanan, rustik ve lezzetli bir galette",Et Yemekleri,"[""2 su bardağı tam buğday unu"", ""1/2 çay bardağı dövülmüş fındık"", ""2 yemek kaşığı esmer şeker"", ""75 gram tuzsuz tereyağı"", ""4 yemek kaşığı soğuk su""]","[""Un, şeker, tarçın ve dövülmüş fındıkları harmanlayın, donuk tereyağını küp küp keserek ekleyip hızlıca karıştırın, soğuk suyu damla damla ekleyip yoğurun."", ""Hamuru 1 saat kadar streç filmle sarıp buzdolabında bekletin. Dinlenen hamuru, yağlı kağıdın üzerinde açın, böylelikle hemen tepsiye alırsınız."", ""Verdiğim ölçülerle 24 cm hamur açabilir, 6 dilim galette çıkarabilirsiniz."", ""Ortasına dilimlenen çilekleri yerleştirip kenarlarını kıvırın."", ""200° önceden ısıtılmış fırında yaklaşık 15-20 dakika hamur kızarana kadar pişirin. Afiyet olsun.""]"
f281f573-7942-4cf3-8a30-3306b640bcf9,Patates Yatağında Atom,Turkey,"Tereyağında yumuşayan patateslerin üzerinde, lezzetli Arnavut biberleriyle sunulan doyurucu bir tarif",Ana Yemek,"[""3 adet patates"", ""10 adet Arnavut biberi"", ""1 tatlı kaşığı tereyağı"", ""4 yemek kaşığı zeytinyağı"", ""4 yemek kaşığı süzme yoğurt"", ""1 çay kaşığı tuz""]","[""İlk olarak patateslerin kabuğunu soyup küp küp doğrayın. Daha çıtır olması için biraz suda bekletebilirsiniz."", ""Kızgın yağda patatesleri kızartın. Fazla yağını süzdürüp servis tabağına aktarın. Bu sırada patateslerin biraz ılınmasını bekleyin."", ""Tavaya tereyağını, zeytinyağını ve doğradığımız biberleri ekleyip kavurun."", ""Kızartılmış ve dinlenmiş patatesleri servis tabağına alıp üzerine sarımsaklı yoğurdu ekleyin. Biberlerini de üzerine ilave edin. Ardından servis edin. Afiyet olsun.""]"
68f24c7d-9261-458b-8f1e-37dc52fc1944,Mayasız Peynirli Poğaça,Turkey,"Pratik ve lezzetli mayasız peynirli poğaça, çay saatlerinin vazgeçilmezi",Börek & Hamur İşi,"[""4 su bardağı un"", ""1 su bardağı ılık süt"", ""1 adet yumurta (oda sıcaklığında)"", ""1 çay bardağı sıvı yağ"", ""1 tatlı kaşığı tuz"", ""1 yemek kaşığı toz şeker"", ""1,5 tatlı kaşığı kabartma tozu (yaklaşık 1,5 paket)""]","[""Peynirli poğaça için geniş bir yoğurma kasesine un hariç tüm malzemeleri aktarın."", ""Yumurta, sıvı yağ, yoğurt ve diğer malzemeleri iyice karıştırın. Ardından, unu azar azar ekleyerek yoğurmaya başlayın. Bu aşamada, unu kontrollü bir şekilde ilave ederek hamurun kıvamını ayarlayın. Yu"", ""Yoğurduğunuz hamurun üzerine streç film çekip 15 dakika dinlendirin."", ""Poğaçanın iç harcı için peynir ve maydanozu bir kasede karıştırın. Dinlenen hamurdan yaklaşık 16-17 adet bezeyi hazırlayın."", ""Her bir bezeye yuvarlak şekil verin ve orta kısmına peynirli harçtan ekleyin. Yarım ay şeklinde kapatmadan önce kenarları kürdan veya çatal yardımıyla sağlamlaştırın. Bu, poğaçaların pişirme sırasında"", ""Pişirme kağıdı serili fırın tepsisine poğaçaları yerleştirin. Üzerlerine yumurta sarısı sürün ve çörek otu-susam karışımından serpiştirin."", ""Önceden ısıtılmış 190 derece fırında kontrollü bir şekilde yaklaşık 20-25 dakika pişirin. Peynirli poğaçalar piştikten sonra oda sıcaklığında 5-10 dakika bekletip, sevdiklerinizle afiyetle tüketin. Af""]"
4aad6fa6-aa78-4bc0-bba2-61d823710dce,Etimek Salatası,Turkey,"Pratik ve lezzetli Etimek Salatası, süzme yoğurt ve etimek ile hazırlanan ferahlatıcı bir atıştırmalıktır",Salata,"[""2 paket etimek"", ""450 gram süzme yoğurt"", ""3 yemek kaşığı yoğurt"", ""2 yemek kaşığı mayonez""]","[""Etimeklerin bir kısmını borcama dizin. Bir kap içerisinde yoğurt, mayonez, sarımsak ve tuzu karıştırın."", ""Yarısını etimeklerin üzerine dökün. Kalan etimekleri bir kat daha dizin. Üzerine tekrar yoğurt dökün ve dolaba kaldırın. Vaktiniz varsa bir gece yoksa 3-4 saat dolapta bekletin."", ""Malzemeleri küp doğrayın."", ""Üzerini küp küp doğradığınız malzemelerle şerit şeklinde süsleyin. Dilimleyip üzerine zeytinyağ gezdirip servis edin.""]"
5c8de7b1-7d2a-419a-940e-d63650736b58,Tuzlu Chia Tohumlu Kurabiye,Turkey,"Tuzlu chia tohumlu kurabiye, pratik ve lezzetli bir atıştırmalık alternatifidir",Tatlı,"[""1 adet yumurta beyazı"", ""4 yemek kaşığı sade yağ"", ""3 yemek kaşığı zeytinyağı"", ""2 yemek kaşığı sirke"", ""2 yemek kaşığı çörek otu"", ""2 yemek kaşığı susam"", ""1/2 çay kaşığı deniz tuzu"", ""1 tatlı kaşığı haşhaş"", ""1 çay kaşığı chia tohumu"", ""1 tatlı kaşığı mahlep"", ""1 su bardağı tam buğday unu"", ""1 paket kabartma tozu""]","[""Sade yağı ve zeytinyağı ile bir kapta karıştırarak eritin."", ""Un ve kabartma tozu hariç diğer bütün malzemeleri erittiğiniz yağı da ekleyerek iyice karıştırın."", ""Son olarak un ve kabartma tozunu ekleyip iyice karıştırın."", ""Fırında yaklaşık 20 dakika pişirin.""]"
689b1550-3c72-4db0-bfdd-a922b66c269d,"Damla Çikolatalı, Çatlak Kurabiye",Turkey,"Çikolata parçacıklarıyla dolu, çıtır kenarlı ve yumuşacık damla çikolatalı kurabiye tarifi",Tatlı,"[""150 gram tereyağı"", ""1 çay bardağı zeytinyağı"", ""1 adet yumurta"", ""1 paket vanilya"", ""1 paket kabartma tozu"", ""1 su bardağı pudra şekeri"", ""2 su bardağı un"", ""1 su bardağı buğday nişastası"", ""1 çay bardağı damla çikolata""]","[""Oda sıcaklığında yumuşamış terayağını, un ile iyice karıştırdıktan sonra zeytinyağı, pudra şekeri, yumurta ve nişastayı ilave edip karıştıralım."", ""Kabartma tozu ve vanilyayı da ekleyip kulak memesi kıvamına gelene kadar yoğuralım. Son olarak da damla çikolatayı ilave edelim. Fazla yoğurmadan karıştıralım. ( istenirse şekil verdikten sonra da ila"", ""Ceviz büyüklüğünde parçalar koparıp, yağlı kağıt serili fırın tepsisine dizelim."", ""200 derecede çok iyi ısınmış fırına kurabiyelerimizi verelim. Sonra ısı ayarını 180 dereceye indirelim, kabarmaya basladığı zaman 150 dereceye düşürüp üstü kızarmadan fırından alalım.""]"
ef992078-7c96-4adf-8019-3eb24571bec8,Portakallı Antep Fıstıklı Fit Kek,Turkey,"Portakalın ferahlatıcı tadı ve Antep fıstığının çıtırlığıyla buluşan, sağlıklı ve lezzetli bir kek",Tatlı,"[""2 adet yumurta"", ""3/4 su bardağı pekmez"", ""1/2 su bardağı portakal suyu"", ""1/2 su bardağı süt"", ""1/2 adet portakalın kabuğu"", ""2 tatlı kaşığı kabartma tozu"", ""1 paket vanilin"", ""1/2 çay bardağı Antep fıstığı"", ""1/2 çay bardağı zeytinyağı"", ""2,5 su bardağı tam buğday unu""]","[""Yumurta ve pekmezi köpürene kadar çırpalım. Üzerine portakal suyu ve sütü ekleyip çırpmaya devam edelim."", ""Zeytinyağı ve portakal kabuğunu ekleyelim. Geriye kalan malzemeleri de ekleyip güzelce karıştıralım."", ""Biraz kekin üstüne de Antep fıstığı ekleyelim. (Başka bir malzemeyle de süsleyebilirsiniz.) Fırını önceden 180 dereceye ısıtalım. Kekimizi uygun bir kalıba dökelim."", ""Isıtılmış fırında 40-45 dakika kadar pişirelim. Üzeri kızarınca kontrol edip alabilirsiniz. Afiyet olsun.""]"
733cb658-9f90-4ce8-8386-b0ff8d90e113,Kibrit Patates,Turkey,"Çıtır çıtır kibrit patates, atıştırmalık veya meze olarak harika bir seçenek",Ana Yemek,"[""3 adet orta boy patates"", ""1 yemek kaşığı tuz"", ""1 yemek kaşığı elma sirkesi""]","[""Patatesleri bıçak yardımıyla kibrit çöpü büyüklüğünde dilimleyin. Derin bir kaba yeterli miktarda su koyun."", ""1 tatlı kaşığı sirke dökün. Patatesleri suyun içine koyun ve karıştırın. Suyun içinde 20 dk bekletin."", ""Daha sonra suyunu süzüp 1-2 kez sudan geçirin. Ardından patatesleri kağıt havlu üzerine alıp, iyice kurumasını sağlayın."", ""Patatesleri iyice kuruttuktan sonra kızgın yağ içine koyun. Patatesleri 1-2 kere karıştırıp, altın rengi alana kadar 2-3 dakika kızartın."", ""Üzerlerine biraz tuz serpiştirip, servis edebilirsiniz. Afiyet olsun.""]"
749f65b0-fade-4521-a056-a44fe9024fcf,Haşhaşlı Bükme,Turkey,"Yumuşacık hamurun, bol haşhaşlı harçla buluştuğu, mis kokulu bir klasik lezzet",Ana Yemek,"[""1 su bardağı ılık su"", ""1 su bardağı ılık süt"", ""1 çay bardağı sıvı yağ"", ""1 yemek kaşığı toz şeker"", ""1,5 tatlı kaşığı tuz"", ""1 adet yumurta beyazı (sarısı üzerine)"", ""1/2 paket yaş maya"", ""7 su bardağı un""]","[""İlk önce hamur güzel yoğurulur ve üzeri kapatılarak 1 saat mayalanmaya bırakılır."", ""Ardından mayalanan hamur 5 bezeye bölünür ve merdane yardımıyla orta boy tepsi büyüklüğünde açılırlar."", ""Sonra aralarına haşhaş sürülerek üst üste dizilirler. Tekrar biraz elle biraz merdaneyle videodaki gibi büyük kare şeklinde açılır."", ""Daha sonra 3’e katlanır ve hafif sündürülür ve ikişer parmak kalınlığında kesilir."", ""Son olarak elle bükerek tepsiye döşenir ve tekrar üzeri kapatılarak 15-20 dakika dinlendirilir."", ""Sonrasında bir yumurta sarısına 1 tatlı kaşığı sıvı yağı eklenir ve çırpılarak hamurların üzerine sürülür."", ""210 derece ısıtılmış fırında yaklaşık 30 dakika pişirilir. Afiyet olsun.""]"
29fc7f27-93a9-43f8-afbe-5bf3a6b81152,Zeytinyağlı Ekşili Yaprak Sarma,Turkey,"Zeytinyağının ve ekşinin harmanlandığı lezzetli bir klasik, zeytinyağlı ekşili yaprak sarma",Meze,"[""300-400 gram asma yaprağı (haşlanmış)"", ""2 adet büyük boy soğan"", ""1/2 çay bardağı zeytinyağı"", ""1 su bardağı pirinç"", ""1 yemek kaşığı domates salçası"", ""2 tatlı kaşığı biber salçası"", ""1 çay kaşığı nane (taze nane de olur)"", ""1/2 tatlı kaşığı pul biber"", ""1/2 tatlı kaşığı kimyon"", ""1 tatlı kaşığı toz şeker"", ""2 yemek kaşığı nar ekşisi"", ""2 tatlı kaşığı tuz""]","[""İç harcı hazırlanır. Soğanlar uygun bir tencerede küp küp doğranıp zeytinyağda sotelenir."", ""Pembeleşince salçalar eklenip kavrulur. Pirinç yıkanır nişastadan arındırılır."", ""Daha sonra pirinç baharatlar şeker tuz ilave edilir ve 5 dakika daha kavrulup ocağın altı kapatılır."", ""Yeşillikler ince ince kıyılır ve eklenir. Son olarak nar ekşisi de ilave edilip dinlenmeye bırakılır."", ""Asma yapraklarının sapları alınır ve harçtan yeteri kadar koyup ince ince sarılır. Hepsine aynı işlem yapılır."", ""Tencerenin dibine bir kaç asma yaprağı serilip üzerine sarmalar dizilir."", ""Sarmaların üzerine zeytinyağı aktarılır. İsteğe bağlı limon dilimleri dizilir."", ""Sarmalarla bir hizaya gelecek kadar sıcak su eklenir ve üzerine bir tabak kapatılarak pişmeye bırakılır."", ""İlk olarak yüksek ateşte, kaynadıktan sonra kısık ateşte suyunu çekip yumuşayana kadar pişirilir."", ""Bu aşamada suyu az gelip hala pişmemiş olursa üzerine azar azar sıcak su ekleyebilirsiniz. Dinlendikten sonra servise hazır. Afiyet olsun.""]"
0bd89cd9-ef55-499a-92d4-23d82da8f09e,Bezelyeli Pırasalı Mücver,Turkey,"Pratik ve lezzetli bir atıştırmalık olan bezelyeli pırasalı mücver, sağlıklı ve doyurucu bir seçenektir",Ana Yemek,"[""4 adet yumurta"", ""2 tepeleme yemek kaşığı mısır unu"", ""4 tepeleme yemek kaşığı tam buğday unu"", ""1 tutamtatlı toz kırmızı biber"", ""1 su bardağı zeytinyağı (kızartmak için)""]","[""Pırasaları küçük dilimlere ayırıp ince ince doğrayın."", ""Büyük bir kapa bütün malzemeleri alıp iyice birbirine karıştırın."", ""Tavanıza zeytinyağınızı alıp istediğiniz büyüklükte arkalı önlü kızartın. Afiyet olsun.""]"
dd59f066-53d9-40bc-b1a3-b59be93dcfec,Fellah Köftesi,Turkey,"Doğu Anadolu'nun lezzetli ve doyurucu yöresel tatlarından biri olan Fellah Köftesi, bulgurun irmik ve un ile harmanlanmasıyla hazırlanan pratik bir lezzettir",Et Yemekleri,"[""2 su bardağı köftelik bulgur"", ""1 çay bardağı irmik"", ""1 su bardağı un"", ""1 adet yumurta"", ""1 adet soğan"", ""1 yemek kaşığı biber salçası"", ""1 tatlı kaşığı tuz"", ""1 çay kaşığı karabiber""]","[""İnce bulgur ve irmik bir kaba alıyoruz. İki bardak sıcak su ile ıslatıyoruz."", ""15 dakika azını kapatıp bekliyoruz. Sonra soğanı rendeliyoruz."", ""Baharatlarını, salçayı ve yumurtayı ilave edip yoğuruyoruz."", ""Misket büyüklüğünde topcuklara yuvarlayıp ortasına parmağımızla bastırıyoruz."", ""Tencereye su koyup kaynatın ve sonra yuvarladınız köfteleri haşlıyoruz."", ""Diğer bir yanda domates sosumuzu hazırlıyoruz."", ""Haşlanan köfteleri servis tabağına alıp üzerine sostan gezdirerek servis edebilirsiniz. Afiyet olsun.""]"
6bde4dc5-2353-4d26-b3c8-26dc752602f1,Patatesten Pizza,Turkey,"Patates tabanlı, lezzetli ve sağlıklı bir pizza alternatifi",Ana Yemek,"[""2 adet patates (rendelenmiş, suyu sıkılmış)"", ""1 çay kaşığı tuz"", ""1/2 çay kaşığı karabiber"", ""1 yemek kaşığı tereyağı"", ""1 çay bardağı rendelenmiş kaşar peyniri"", ""20 gram dana jambon"", ""3 adet cherry domates"", ""1 adet yeşil biber"", ""1 çay kaşığı kekik""]","[""Rendelenmiş ve suyu sıkılmış patatesleri bir kasede tuz ve karabiberle tatlandırın."", ""Orta boy bir tavada tereyağını eritin. Tavanın tabanına rendelenmiş patatesin yarısını yayın."", ""Üzerine rendelenmiş kaşar peynirinin yarısını ileve edin ve kalan rende patatesi üzerine yayın. Arkalı önlü yaklaşık 10'ar dakika pişirin."", ""Her iki yüzeyi de kızarmış patates tabanının üzerine rende kaşar, jambon, sucuk, biber ve domatesleri dizin."", ""Son olarak kekik serpiştirip kapağını kapatın ve 5 dakika daha pişirin."", ""Patatesten pizzayı dilimleyip sıcak olarak servis edin. Afiyet olsun!""]"
bdd0c22f-383f-4c1b-adf2-5051f4e06c12,Limonlu Muffin,Turkey,"Taze limon aromasıyla harmanlanmış, yumuşacık ve lezzetli muffinler",Ana Yemek,"[""320 gram un"", ""300 gram yoğurt"", ""220 gram toz şeker"", ""3 adet yumurta"", ""1 paket kabartma tozu"", ""1 paket vanilin"", ""1 çay bardağı (1 parmak eksik) sıvı yağ"", ""1 adet limon kabuğu rendesi"", ""1 adet limon suyu"", ""150 gram tereyağı"", ""150 gram pudra şekeri"", ""1 adet limon""]","[""Pudra şekeri ve bir limonu sosu için kenara alıyoruz."", ""Yumurta, tereyağ ve toz şekeri mikserle karıştırıyoruz."", ""Sonra hamurumuz için diğer tüm malzemeleri teker teker ekliyoruz. Son olarak unumuzu (karıştırması daha kolay oluyor) ekliyoruz."", ""Sonra bir yemek kaşığıyla hamuru formlarımıza dağıtıyoruz ve 180 derecede yaklaşık 20-25 dakika pişiriyoruz."", ""Muffinler pişene kadar pudra şekerle limon suyumuzu karıştırıyoruz ve sosumuzu muffinlerin üstüne sürüp istediğiniz gibi süsleyebilirsiniz.""]"
d75c5258-cb40-44ea-b62e-56c55fed21a4,San Sebastian Cheesecake,Turkey,"İspanyol mutfağından gelen, dışı çıtır içi yumuşak, lezzetli bir cheesecake",Ana Yemek,"[""400 ml krema (2 kutu)"", ""800 gram pastörize taze peynir"", ""200 gram kaymak"", ""4 adet orta boy yumurta"", ""1 yemek kaşığı un"", ""3/4 su bardağı toz şeker (150 gram)"", ""1/4 su bardağı esmer şeker (50 gram)"", ""1 paket vanilin""]","[""Tüm malzemeler oda sıcaklığında olmalı. Yumurtaları şeker ve vanilin ile ayrı yerde çırpın."", ""Kremayı un ile karıştırın. Peyniri çırpın. Çırpma işlemlerini sadece karışması için yapıyoruz. Fazla çırparsanız cheesecake söner."", ""Kaymağın üstünü alıp ilave edin. Krema-un karışımını peynire ilave edin. Yumurtalı karışımı ilave edin. 22 Cm kelepçeli kalıba yağlı 2 adet kağıt çapraz şekilde yerleştirin (kalıptan büyük olmalı). Ka"", ""230 derece sıcak fırında (fan açık) 20 dk, ısıyı 200 dereceye düşürüp 10-15dk daha pişirin."", ""Cheesecake hazır olduğunda jöle gibi sallanmalı 25. dakikadan sonra kontrol edin. Ne kadar cıvık sevdiğiniz bağlı. Ben 35 dakika pişirdim."", ""Tamamen soğuduğunda vaktiniz varsa 1 gece yok ise 5-6 saat buzdolabında dinlendirin. Afiyet olsun.""]"
d7a805ce-d298-4fea-92c6-22c08257a1f4,Sebzeli Risotto,Turkey,"Taze sebzelerle zenginleştirilmiş, kremamsı ve lezzetli bir İtalyan klasiği",Sebze Yemekleri,"[""1 su bardağı zeytinyağı"", ""1/2 adet soğan (minik küpler halinde doğranmış)"", ""1 paket risotto pirinci (500 gr)"", ""1+1/4 su bardağı beyaz şarap (arzuya göre)(ya da beyaz sirke)"", ""4 tepeleme yemek kaşığı tereyağı""]","[""Öncelikle sebze suyumuzu hazırlıyoruz: Kullanacağımız sebzeleri güzelce yıkıyoruz. Kabuklarını soymadan 2-3 parçaya doğrayıp büyük bir tencereye koyup 2 litre su ekliyoruz. Ocakta orta ateşte kaynamay"", ""Bu esnada risottomuzun içine ekleyeceğimiz sebzeleri yıkayıp, kabuklarını soyup, küçük küçük doğruyoruz. Malzemelerin pişirme süreleri farklı olduğundan birbirine karışmaması için ayrı ayrı kaplara ko"", ""Sebze suyumuz kaynayınca ocağın altını en kısığa getiriyoruz."", ""Risottomuzun ön pişirmesini yapıyoruz: Derin büyük bir tencere veya tavanın dibine zeytinyağını ekliyoruz. Yağ kızınca yarım soğan ve 2 diş sarımsağı ekleyip orta ateşte karıştırarak biraz kavuruyoruz"", ""Tüm risotto pirincini de ekleyip karıştırıyoruz. 1 kepçe sebze suyundan ekleyip birazcık karıştırıyoruz. 1 bardak şarabı da ekleyip karıştırıyoruz."", ""İçine 1 dal taze kekik ve biberiye ekliyoruz. Şarap birkaç saniye içerisinde buharlaşacak ve geriye çok az sıvı kalacaktır. 1 kepçe daha sebze suyu ekleyip karıştırıyoruz. Suyunu çekince ocağı kapatıy"", ""Kekik ve biberiyeyi risottodan çıkarıp 10 dakika başka bir metal bir tencereye alıp ağzını kapatarak dinlenmeye bırakıyoruz."", ""Gelelim sebzelerimizi hazırlamaya: Bir tavanın dibine zeytinyağını döküyoruz. Soğanı, sarımsağı, kereviz sapını atıp orta ateşte kavuruyoruz."", ""Havucu ekleyip karıştırmaya devam ediyoruz. Çeyrek kepçe kadar sebze suyu ekleyip karıştırıyoruz. Mantarları ekleyip karıştırıyoruz."", ""Kabuk, ıspanak, bezelye, kırmızı ve sarı biberi ekleyip karıştırıyoruz. ¼ bardak şarabı ve dinlenmiş risottoyu orta ateşte ekleyip karıştırıyoruz."", ""2 kepçe sebze suyu koyup ocağın altını en yükseğe açıp karıştırıyoruz. 1-2 kere karıştırdıktan sonra yine orta ateşe ayarlıyoruz. Bir kez daha 2 kepçe sebze suyu verip aynı işlemi yapıyoruz."", ""Beyaz karabiberi ekleyip ocağın altını en yükseğe ayarlıyoruz. 2 kepçe daha sebze suyu ekliyoruz. Tuzu atıp karıştırıyoruz. 2 kepçe daha sebze suyu ekleyip karıştırmaya devam ediyoruz."", ""Kaşıkla tencerenin bir ucundan diğer ucuna doğru çektiğinizde tavanın dibini görebiliyorsak doğru kıvamı yakalamışsınız demektir. Afiyet olsun.""]"
e37fdb0f-0ad9-43d5-9b8a-5f1201914d09,Churros,Turkey,"İspanyol mutfağından gelen, dışı çıtır içi yumuşak, tarçınlı şekerle servis edilen lezzetli bir hamur tatlısı",Ana Yemek,"[""1 su bardağı un"", ""1/2 su bardağı su"", ""2 adet yumurta"", ""60 gram tereyağı"", ""1/2 çay kaşığı tuz""]","[""Su, oda sıcaklığında beklettiğiniz tereyağı ve tuzu küçük bir tencereye alıp tereyağı eriyene kadar kısık ateşte kaynatın."", ""Elenmiş unu azar azar ekleyip sürekli karıştırarak hamurun toparlanmasını sağlayın."", ""Toparlanan hamuru ocaktan alın. Karıştırarak soğumasını sağladıktan sonra yumurtaları teker teker kırıp bir spatula yardımıyla karıştırarak hamura yedirin."", ""Tatlıları kızartmak için ayçiçek yağını geniş tabanlı, kenar kısımları hafif yüksek bir tavada kızdırın."", ""Hazırladığınız yumuşak kıvamlı tatlı hamurunu uç kısmına tırtıklı duy takılı krema sıkma poşetine aktarın."", ""Tatlıları istediğiniz uzunlukta kızgın yağa bırakın. Her tarafı nar gibi kızardığında bir kevgir yardımıyla ocaktan alın."", ""Fazla yağlarını bırakmaları için kağıt havlu serili bir servis tabağı üzerinde kısa bir süre bekletin."", ""Küçük parçalara ayırdıktan sonra cam bir kaseye aldığınız bitter çikolatayı, kaynamakta olan bir suyun olduğu tencere üzerinde benmari usulü eritin."", ""Sıcak tatlıları bütünüyle toz şekere buladıktan sonra eritilmiş bitter çikolataya batırarak bekletmeden sevdiklerinizle paylaşın.""]"
08f065f5-cda9-4308-b96e-bcf62142898f,Kruvasan,Turkey,"Ev yapımı, kat kat hamuru ve tereyağı ile lezzetli kruvasanlar",Ana Yemek,"[""500 gram un"", ""140 gram su"", ""140 ml süt"", ""55 gram şeker"", ""40 gram tuzsuz tereyağı"", ""11 gram instant maya"", ""12 gram tuz""]","[""Kruvasan hamurunu geceden hazırlamak gerekiyor. Bu nedenle ilk olarak derin bir kap içerisine unu alın. Şeker ve tuzu ekleyip karıştırın."", ""Ortasını havuz şeklinde açın. Su, süt ve mayayı ayrı bir kapta karıştırıp aktifleştirin. Unun ortasına karışımı dökün."", ""Tereyağını da ekleyip karıştırın. Pürüzsüz bir hamur yoğurun."", ""Hamuru diktörgen şekline getirin. Yağlı kağıt serili borcama koyun ve üzerini streçleyip buzdolabına kaldırın."", ""Ertesi gün tereyağını ikiye bölün."", ""Yağlı kağıt arasına alın ve açın. Daha sonra dolaba kaldırın."", ""Hamuru dolaptan alın. Zemini hafif unlayın ve hamuru eşit kalınlıkta açın."", ""Tereyağını hamurun ortasına koyun ve kenarlarından kapatın. Uçlarındaki fazla hamuru biraz alın."", ""Tereyağlı hamuru nazikçe uzunlamasına açın."", ""Hamuru açarken oklavayla üzerine baskı uygulayarak nazikçe açmaya özen gösterin. Tereyağını taşırmayın."", ""Hamuru 3 kat katlayıp streçleyin ve buzdolabına kaldırın 30 dakika buzdolabında bekletin."", ""Süre sonunda hamuru dolaptan alın tekrar uzunlamasına açın ve yine aynı şekilde katlayın, streçleyip dolaba kaldırın."", ""30 dakika daha bekletin. 3. Kez de aynı işlemi yapın."", ""En son hamurunuz yaklaşık 60 cm boyunda 28 cm eninde açın ve kenarlarını düzgün bir şekilde kesin. Üçgenler elde edin."", ""Üçgenin uzun kenarına bir çizik ayın elinizle hamuru hafif açtırın ve sıkı bir şekilde sarın.""]"
80007334-727c-4411-b8bd-2bc3b30efc7a,Chop Suey,Turkey,Sebzelerle harmanlanmış lezzetli ve pratik bir Chop Suey tarifi,Ana Yemek,"[""1/2 kilogram tavuk incik (kemiksiz)"", ""2 adet havuç"", ""1 adet soğan"", ""3 adet büyük boy mantar"", ""1 yemek kaşığı susam yağı"", ""1 yemek kaşığı soya sosu"", ""1 yemek kaşığı oyster (istiridye sos)"", ""1/2 su bardağı su"", ""1 yemek kaşığı nişasta"", ""1/2 tatlı kaşığı karbonat""]","[""Sarımsak ve ay şeklinde doğradıgınız soğanı zeytinyağı ile soteleyiniz. Jülyen doğradıgınız tavukların üzerine karbonat ekleyerek marine ediniz."", ""Soğan ve sarımsaklar pembelesince tavuğu ekleyip bir süre pişiriniz."", ""Kase içerisinde oyster, soya sosu, susam yağı, nişasta ve suyu harmanlayıp pişen tavuğa ekleyiniz."", ""Yaklaşık 10 dakika yüksek ateşte pişen tavukların üzerine havuç ve mantarları ekleyiniz, sebzeler piştikten sonra ıspanakları ekleyip tencereyi kapatınız.""]"
927e29c0-3158-426e-b299-e3c61d732bff,Pumpkin Spice Latte,Turkey,"Sonbaharın en sevilen lezzeti olan Pumpkin Spice Latte, ılık baharatları ve kremsi tadıyla sizi saracak",Ana Yemek,"[""1 adet çubuk tarçın"", ""150 gram şeker"", ""7-8 adet karanfil"", ""1/3 adet muskat cevizi"", ""50 gram pekmez"", ""1 su bardağı su"", ""125 gram bal kabağı (pişirilmiş)""]","[""Pumpkin spice latte'nin şurubu için tarçın, muskat ve karanfili öğütün ya da havanda dövün."", ""Ufak bir tencerede şeker, pekmez, su, baharatlar ve bal kabağını karıştırıp ocağa alın. Şurup kaynamaya başlayınca altını kısın ve 10 dakika kısık ateşte kaynatın. Şurubu ardından süzün. süzdüğünüz ka"", ""İçeceği hazırlamak için sütü kaynatıp içine espresso ve şurubu karıştırın."", ""Pumpkin spice latte'yi büyük bir bardağa alıp üzerine bir tatlı kaşığı çırpılmış krema ve dilerseniz tarçın ya da muskat ekleyip servis edin. Afiyet olsun.""]"
9fb9f9c9-5d27-4e6a-b6dc-c24408956508,Avokadolu Greyfurt Salatası,Turkey,"Taze greyfurt ve avokadonun ferahlatıcı uyumuyla hazırlanan bu salata, sofranıza ferahlık katacak",Salata,"[""200 ml taze sıkılmış gr eyfurt suyu"", ""1 adet taze sıkılmış limon suyu"", ""30 gram toz şeker"", ""200 ml bitkisel yağ"", ""200 ml zeytinyağı"", ""2 adet orta boy rendelenmiş gr eyfurt kabuğu""]","[""Greyfurt sosunu hazırlamak için; greyfurt suyunu toz şeker ile pişirip 150 mililitrelik sıvı elde edinceye kadar çektirin ve soğumaya bırakın."", ""Yağları, rendelenmiş greyfurt kabuklarını ve az miktarda taze sıkılmış limon suyunu ekleyin. Karışımın ayrışması gerektiği için karıştırma veya çırpmaktan kaçının."", ""Kinoayı hazırlamak için; yıkanmış kinoa ve tavuk suyunu bir tava yardımı ile kısık ateşte taneler kabuklarından ayrılıncaya kadar 15-20 dakika pişirin. Piştikten sonra tuz ekleyin ve soğumaya bırakın."", ""Marul yapraklarını, hazırlanan greyfurt sosunun yarısına bulayın, ay çekirdeğinin yarısını ekleyin ve karışımı dört ayrı kaba paylaştırın. Avokado ve greyfurt dilimlerini sos ve greyfurt kabuğuyla kar"", ""Daha sonra kinoayı kalan greyfurt kabuğu ve sosla karıştırıp salatanın üzerine serpiştirin. Son olarak, ay çekirdeği ile süsleyin. Bekletmeden servis edin.""]"
ffd5b5ac-6319-4c73-ae57-5ebfe8428280,Beyaz Çikolatalı Tart,Turkey,"Beyaz çikolatanın tatlılığını ve kremsi dokusunu bir araya getiren, lezzetli bir tatlı",Tatlı,"[""125 gram tereyağı (eritilmiş)"", ""80 gram pudra şekeri"", ""2 adet yumurta sarısı"", ""10 gram vanilya"", ""230 gram un"", ""165 gram krema"", ""200 gram beyaz çikolata"", ""5 gram tarçın""]","[""İlk olarak tereyağı ve pudra şekerini 3 dakika boyunca çırpın. Başka bir kaba yumurta sarısı, vanilya ve kremayı ekleyip karıştırın. Sonra çırpılmış tereyağı ve pudra şekerini ekleyin."", ""Başka bir kaba yumurta sarısı, vanilya ve kremayı ekleyip karıştırın. Sonra çırpılmış tereyağı ve pudra şekerini ekleyip çırpmaya devam edin."", ""Son olarak un ve tarçınlı karışımaı ekleyin ve çırpın."", ""Tart kalıbını iyice yağlayın. Elde ettiğiniz hamuru tart kalıbına koyup elinizle her yerine yayın."", ""Kremayı ısıtın ve beyaz çikolatayı ekleyip erimesini sağlayın. Fırından çıkartıp soğuttuğunuz tart hamurunun içine doldurun."", ""Dışarıda soğuttuğunuz tartı 1 saat buzlukta iyice soğutun. Ardından çıkarıp süsleyerek servis edin. Afiyetler olsun!""]"
6055a7ac-3e0f-4c02-94b4-d7ddb8d4f662,Kayısıpare,Turkey,"Tatlı ve yumuşacık kayısıların şerbetle buluştuğu, göz dolduran lezzetli bir tatlı",Ana Yemek,"[""7 adet büyük boy kayısı (olgun)"", ""4 yemek kaşığı toz şeker"", ""50 mililitresüt (1/4 su bardağı)"", ""20 gram tereyağı (1 yemek kaşığı)"", ""1/2 çay kaşığı zerdeçal"", ""1 paket vanilin"", ""60 gram toz fındık (3/4 su bardağı)"", ""35 gram pirinç unu (2 yemek kaşığı)"", ""20 adet fındık (üzeri için)""]","[""Kayısıları yıkayıp, çekirdeklerini çıkartın."", ""Kayısıları, şeker ve sütü blenderdan pürüzsüz olana kadar çekin."", ""Karışımı geniş ve yapışmaz bir tavaya süzün."", ""Tavaya tereyağını da ekleyip karışımı ocağa alın."", ""Karışım hafifçe koyulaşana kadar 3-4 dakika pişirip zerdeçal ve vanilini ekleyin."", ""Karışım koyu sos kıvamını aldığında fındığı da ekleyip pişirmeye 2-3 dakika daha devam edin."", ""Son olarak pirinç ununu da ekleyip spatula ile sürekli karıştırarak pürüzsüz olana kadar 7-8 dakika kısık ateşte pişirin."", ""Pişen kayısıpareyi hafifçe yağlanmış geniş bir tabağa alın ve 15 dakika kadar oda sıcaklığında soğutun."", ""Soğuyan kayısıpareden ufak parçalar koparıp sıkıca yuvarlayın ve ortalarına birer adet fındık koyarak servis edin. Afiyet olsun.""]"
826f84ca-08c3-4ff7-b864-773374a991ac,6 Kişilik Pankek,Turkey,"Mis kokulu, pratik ve lezzetli pankekler ile harika bir kahvaltı sofrası hazırlayın",Tatlı,"[""3 adet yumurta"", ""4 yemek kaşığı toz şeker"", ""3 su bardağı un"", ""1,5 su bardağı süt"", ""1 paket kabartma tozu"", ""1 paket vanilin""]","[""İlk olarak yumurta ve şekeri köpürene kadar çırpın."", ""Sütü ilave edip karıştırın."", ""Daha sonra elenmiş un, kabartma tozu ve vanilini ekleyin."", ""Pürüzsüz bir kıvam elde edin."", ""Yanmaz yapışmaz bir tavayı ısıtın. Karışımdan bir kepçe tavaya koyun."", ""Tüm pankekleri bu şekilde pişirerek servis edin. Afiyetler olsun.""]"
e1e4fe44-0091-4b34-935f-550d1723608e,Sehven Muhallebisi,Turkey,"Sehven Muhallebisi, pirinç unuyla kıvamlanan, lezzetli ve ferahlatıcı bir klasik tatlıdır",Tatlı,"[""1 litre süt"", ""3 tepeleme yemek kaşığı pirinç unu"", ""1 su bardağı şeker""]","[""Sütü tencereye alıp içerisine şeker ve pirinç ununu ilave edip güzelce karıştıralım. Altını açıp pişirmeye başlayalım."", ""Kaynayana kadar karıştırmaya devam ediyoruz."", ""Kaynamaya başlayınca altını kısıp dibini hafif tutturarak karıştırmaya devam ediyoruz."", ""Yanıklık derecesi yeterli geldiğinde ocaktan alıyoruz. Dilerseniz vanilya ekleyebilirsiniz."", ""Tencerede olduğu gibi mikserle yüksek ayarda en az 20 dakika çırpıyoruz. Afiyet olsun.""]"
22476750-6453-4aa3-90bd-85aadcc8ea1e,Cevizli Çiğ Köfte,Turkey,"Cevizli çiğ köfte, doyurucu lezzeti ve pratik yapımıyla sofraların vazgeçilmez mezesidir",Et Yemekleri,"[""2 su bardağı köftelik bulgur"", ""2 su bardağı sıcak su"", ""1 adet kuru soğan"", ""1 su bardağı ceviz"", ""1 yemek kaşığı biber salçası"", ""1 yemek kaşığı isot"", ""1 çay kaşığı kimyon"", ""1/2 çay bardağı zeytinyağı"", ""1/2 çay bardağı nar ekşisi"", ""1 çay kaşığı tuz""]","[""2 su bardağı bulguru 2 su bardağı sıcak suyla ıslatıp yumuşatın."", ""Kuru soğanı, salçayı, sarımsağı, cevizi, zeytinyağını kimyon ve tuzu rondoya atıp çekin. Üzerine bulguru ve nar ekşisini ilave edin ve rondoda çekmeye devam edin."", ""4-5 kere arada durarak rondoda çekim işlemini tamamlayın Çiğ köfteyi bir kaba alıp elinizlede istediğiniz kıvama gelene dek yoğurun."", ""Çok kuruysa bir miktar daha zeytinyağ ve nar ekşisi ilave edin. Çiğ köfteyi 1 saat dinlendirin."", ""Elinizle parçalar koparıp şekil verin. Yanında marul turşu ile servis edin. Afiyet olsun.""]"
f06fb579-c339-4361-a62d-7e2b1b82d498,El Açması Baklava,Turkey,"El açması baklava, incecik açılan hamurlarla hazırlanan, şerbetli ve lezzetli bir klasik tatlıdır",Tatlı,"[""100 gram oda sıcaklığında tereyağı"", ""1 çay bardağı sıvı yağ"", ""1 adet yumurta"", ""2 yemek kaşığı elma sirkesi"", ""3 yemek kaşığı yoğurt"", ""6 - 6,5 su bardağı un""]","[""Un hariç tüm malzemeleri genişçe bir kabın alın ve güzelce karıştırın."", ""Üzerine unu azar azar ilave ederek yoğurmaya başlayın. Hafif sert bir hamur elde edin ve hamurunuzun üzerini nemli bir bezle örtün."", ""Mümkünse dolapta 1 gece, vaktiniz yoksa oda sıcaklığında 30 dakika dinlendirin."", ""Dinlenen hamurdan 8 tane beze elde edin ve tezgaha hafif nişasta serperek açabileceğiniz en ince şekilde açın. Açtığınız bezelerin üzerindeki nişasta kalmamasına dikkat edin. Fazla nişastayı üzerinden"", ""Tepsinin tabanını tereyağlayın. İlk katını koyun. Açtığınız yufkayı tepsi boyutlarında kesin. Fazla kalan hamurları da üzerine koyun. Bu şekilde 4 tane yufkayı koyun."", ""Ardından üzerine bolca ceviz ilave edip diğer katlarını da koyun."", ""Baklavanızı dilim dilim olacak şekilde bıçak yardımıyla kesin. Üzerine eritilmiş tereyağını da gezdirip 180 derecede önceden ısıtılmış fırında üzeri kızarıp içi de tamamen pişene kadar 30 - 40 dakika"", ""Baklavayı fırından almaya yakın bir tencerenin içerisine su, toz şeker ve limonu koyarak güzelce kaynatın."", ""Fırından çıkardığınız sıcak baklavayı birkaç dakika bekletin. Üzerine sıcak şerbeti de gezdirin."", ""Baklavayı oda sıcaklığında şerbetini güzelce çekene kadar bekletin. Şerbetini çekince baklavanız hazır! Afiyetler olsun!""]"
47dafc50-80be-4c4e-a312-1674b81fbef1,Mini Köfteli Erişteli Nohutlu Çorba,Turkey,"Lezzetli mini köfteler, erişte ve nohutun buluştuğu doyurucu bir çorba",Çorba,"[""1 adet soğan"", ""1-2 adet rendelenmiş domates"", ""1 yemek kaşığı domates salçası"", ""1 tatlı kaşığı tuz"", ""1 çay kaşığı karabiber"", ""1-2 yemek kaşığı zeytinyağı""]","[""1 soğanı minikçe doğrayın hafifçe ısıttığınız zeytinyağının üzerine ekleyin kavurun. Salçayı ekleyip kavurmaya devam edin. Domates rendesini ekleyin. Ayrı bir yerde kaynattığınız ilik suyu ya"", ""Köfteler için dilediğiniz miktarda kıymanın içerisine tuz, karabiber ve rendelenmiş suyu iyice sıkılmış soğanı ekleyin güzelce yoğurun. Nohut büyüklüğünde minik köfteler yuvarlayın. Yap"", ""Tenceredeki karışım 1-2 tıkırdadıktan sonra içerisine haşlanmış nohut ve erişteleri ekleyin. 3-4 dakika kadar sonra köfteleri de ekleyin. Kısık ateşte malzemelerin tümü güzelce pişene dek k"", ""Ufak bir sos tenceresinde tereyağını eritin, içerisine bol nane ekleyip pişen çorbanın üzerine ekleyin ve ocaktan alın. Afiyet olsun.""]"
5c7f2c64-5995-4ef3-89fb-4d9d167abafa,Feta Peynirli Makarna,Turkey,Cherry domateslerin tazeliği ve feta peynirinin tuzluluğuyla birleşen pratik ve lezzetli bir makarna tarifi,Pilav & Makarna,"[""1 paket kalem makarna"", ""1/2 kilogram cherry domates"", ""400 gram feta peyniri"", ""1 çay bardağı zeytinyağı"", ""1 çay kaşığı tuz""]","[""Fırın kabına, yıkadığımız domatesleri koyalım. Domateslerin ortasına peynirimizi kalıp olarak yerleştirelim."", ""Zeytinyağımızı domates ve peynirin üzerinde gezdirelim. Tepsimizi önceden ısıttığımız 180 derecelik fırına, 20 dakika pişmek üzere gönderelim."", ""Bu sırada makarnamızı hafif diri kalacak şekilde haşlayalım, suyunu süzelim."", ""20 dakikanın sonunda tepsimizi fırından çıkaralım. Yumuşayan peynir ve domatesleri ezip üzerine haşladığımız makarnaları ekleyelim."", ""Doğradığımız taze fesleğenleri ve tuzu ekleyelim. Güzelce karıştıralım. Afiyet olsun.""]"
87d5863c-b95b-4430-b29d-9ea49bbe8ce8,Avokado İçinde Yumurta,Turkey,Avokado ile lezzetli ve besleyici bir kahvaltı seçeneği,Kahvaltı,"[""1 adet olgun avokado"", ""2 adet yumurta"", ""1 çay kaşığı karabiber"", ""1 çay kaşığı tuz"", ""2 çay kaşığı zeytinyağı"", ""1 çay kaşığı kekik""]","[""Olgunlanmış avokadonuzu ortadan ikiye bölün ve çekirdeğini çıkarın."", ""Çekirdeğin oluşturduğu boşluğu bir kaşık yardımıyla derinleştirip, genişletin."", ""İçerisine zeytinyağı ve kekik serpin. Biraz tuz ve karabiber ilave edin."", ""Yumurtaları özenle bir şekilde parçaların içerisine kırın."", ""Üzerine minik minik doğradığınız bacon'ı ilave edin. Tuz ve karabiber serpin."", ""Önceden ısıtılmış 160 derecelik fırında yaklaşık 15 dakika kadar pişmeye bırakın. Çıkarıp afiyetle tüketin.""]"
eec415e4-fdfb-4421-aba5-3b211e42e418,Vejetaryen Sebzeli Noodle,Turkey,"Hızlı ve lezzetli bir seçenek olan bu noodle tarifi, taze sebzelerle zenginleştirilmiş doyurucu bir öğün sunar",Vegetarian,"[""1 paket noodle"", ""1 adet paprika biber"", ""1/2 adet brokoli"", ""4-5 adet taze soğan"", ""2-3 adet havuç"", ""3-4 yemek kaşığı soya sosu"", ""2-3 yemek kaşığı zeytinyağı""]","[""Noodle'larımızı 10 dakika kadar kaynayan suda haşlayıp kenara alıyoruz. (Tuz atmayalım, daha sonra soya sosu kullanacağımızdan çok tuzlu olur.)"", ""Bir tavada zeytinyağını biraz ısıtıp sebzeleri en son taze soğan olacak şekilde biraz soteliyoruz. Sebzeler biraz diri kalırsa daha iyi olur."", ""Sonrasında soya sosumuzu ilave edip en sonunda da noodlelarımızı ekleyip altını kapatıyoruz. Biraz susam, biraz soya filizi ile süslüyoruz ve afiyetle yiyoruz.""]"
b958ffed-52fa-4362-bf9b-b3c8cec3c264,Kolay Pırasalı Börek,Turkey,"Pratik ve lezzetli pırasalı börek, hem çay saatlerinde hem de ana yemek olarak harika bir seçenek",Börek & Hamur İşi,"[""5 adet yufka"", ""300 gram pırasa"", ""150 gram kıyma"", ""1 tatlı kaşığı biber salçası"", ""1 tatlı kaşığı domates salçası"", ""3 yemek kaşığı zeytinyağı"", ""1 tatlı kaşığı baharat karışımı (arzuya göre; kekik, tatlı kırmız"", ""1 su bardağı sıvı yağ (sos için)"", ""1 su bardağı su (sos için)""]","[""Tavaya kıyma ve yağı alıp kavuruyoruz, üzerine küçük küçük doğradığımız pırasaları ekleyip ölene kadar kavuruyoruz. Üzerine salça ve baharatları ekleyip yaklaşık 5 dakika karıştırıyoruz."", ""Kenara alıp ılınmasını bekliyoruz. Bir kasede su ve yağı karıştırıyoruz."", ""Yufkaları yağlayıp dört bir yandan katlayıp ortasına harcımızı koyuyoruz ve kalem gibi sarıyoruz."", ""Böreklere yumurta sarısı sürüp susam döküyoruz, tepsiye alıp önceden ısıtılmış 180° fırında kızarana kadar pişiriyoruz. Afiyet olsun.""]"
beb5e850-5e6b-4374-a24c-7e7e5825603f,Beyaz Peynirli Kabak,Turkey,"Zeytinyağında yumuşayan kabakların, taze beyaz peynirle buluştuğu lezzetli ve pratik bir tarif",Sebze Yemekleri,"[""1 adet kabak"", ""5 yemek kaşığı zeytinyağı"", ""2 çay kaşığı tuz"", ""1 çay kaşığı karabiber"", ""100 gram beyaz peynir"", ""8 adet kiraz domates"", ""3 tatlı kaşığı konserve mısır""]","[""Kabağı yarım ay şeklinde doğrayın ve ısıttığınız tavada 2-2,5 yemek kaşığı zeytinyağı ve ile soteleyin. 1 çay kaşığı tuz ve 1/2 çay kaşığı karabiber ekleyin."", ""Bir kaseye beyaz peyniri alın ve çatalla ezin. Kiraz domatesleri ikiye bölerek üzerine ekleyin."", ""Naneyi yıkayın ve saplarını ayırın. Yapraklarını ince ince doğrayın ve beyaz peynir karışımına ekleyin. Son olarak mısırı da koyup karıştırın."", ""Kabakları ocaktan alın ve hafifçe soğumasını bekleyin. Kasedeki karışıma ekleyin. Son olarak kalan zeytinyağı, tuz ve karabiberini ekleyip karıştırın. Beyaz peynirli kabağınız hazır, afiyet olsun!""]"
d5efdbba-f309-44d6-bf81-29f3b2dbc531,Portakal Soslu İrmik Muhallebisi,Turkey,"Portakal sosunun ferinliğiyle buluşan, lezzetli ve pratik irmik muhallebisi",Tatlı,"[""1 litre süt"", ""3/4 su bardağı şeker"", ""3/4 su bardağı irmik"", ""1 paket vanilya""]","[""Süt, şeker ve irmiği tencereye alıp kaynayıp kıvam alana kadar karıştırarak pişiriyoruz. Tereyağı ve vanilyayı ekleyip ocaktan alıyoruz."", ""Tart kalıbını yapışmaması için suyla ıslatıp fazla suyunu süzüyoruz. Üzerine muhallebiyi döküp yüzeyini düzeltiyoruz. Buzdolabında 2-3 saat soğumaya bırakıyoruz."", ""Sosu için tüm sos malzemelerini ayrı bir tencereye alıp kaynayana kadar karıştırarak pişiriyoruz."", ""Soğuyan irmik muhallebisini kalıptan servis tabağına ters olarak çıkarıp çukur kısma sosu döküp, sos soğuyunca dilimleyerek servis yapıyoruz. Afiyet olsun.""]"
e78b13e5-d722-4f17-831a-473d35d94ab4,Paskalya Çöreği,Turkey,"Mis kokulu, yumuşacık ve geleneksel lezzet Paskalya Çöreği ile bayram sofralarınızı şenlendirin",Ana Yemek,"[""1 su bardağı ılık süt"", ""1 paket kuru maya"", ""1 çay bardağı şeker"", ""100 gram eritilmiş tereyağı"", ""3 adet yumurta akı (sarısı üzerine)"", ""1 tatlı kaşığı mahlep"", ""4.5 su bardağı un"", ""50 gram file badem""]","[""Süt ve şekeri karıştırarak mayayı aktive edin."", ""Un hariç tüm malzemeleri ekleyip karıştırın."", ""Azar azar unu ilave edip yoğurun. Ardından 40 dakika hamurun mayalanmasını bekleyin."", ""Mayalanan hamuru 6 eş parçaya ayırın."", ""3 parçayı önünüze alarak uzunlamasına açın."", ""Parçaları örgü şekline getirin. Kalan 3 parçaya da aynı işlemi uygulayın. Üzerlerine yumurta sarısı sürün ve bademleri ekleyin. 180 derece fırında 25-30 dakika kadar kontrollü pişirin."", ""Paskalya çöreği tarifiniz hazır. Afiyet olsun.""]"
db32b98d-e5c6-455b-af4a-a8ce9f51577a,Kakaolu Mini Pankek,Turkey,"Kakaolu mini pankekler, çikolata tutkunları için pratik ve lezzetli bir atıştırmalık",Tatlı,"[""1 adet yumurta"", ""1 yemek kaşığı pudra şekeri"", ""1 yemek kaşığı kakao"", ""1/2 çay bardağı süt"", ""2 yemek kaşığı sıvı yağ"", ""1/2 su bardağı un"", ""1 çay kaşığı (silme) karbonat""]","[""Yumurta, pudra şekeri ve kakaoyu bir kaseye alın ve güzelce çırpın."", ""Süt ve sıvı yağı üzerine ekleyip karıştırın."", ""Un ve karbonatı ekleyin."", ""Tüm malzemeler birleşinceye dek karıştırın ve ardından 10 dakika boyunca dinlendirin."", ""Tercihen yapışmaz geniş bir tava alın, ısıtın ve 1 yemek kaşığı olacak şekilde pankek harcından üzerine dökün. Kısık ateşte pişirmeye başlayın."", ""Üstünde kabarcıklar oluşup kuruması yaklaşık 1 dakikayı bulacaktır. Ardından ters çevirip 5-10 saniye kadar alt tarafını pişirin. Tüm harç bitinceye dek aynı işlemi tekrar edin."", ""Sıcak sıcak servis edin. Dilerseniz üzerine çikolata sos dökebilir, pudra şekeri serpebilirsiniz. Afiyet olsun!""]"
e24afd32-7ec5-40bc-ad26-a5cb840c9a0f,Tart Kek,Turkey,Hafif ve lezzetli bir tart keki tarifi,Tatlı,"[""2 adet yumurta"", ""1/2 su bardağı şeker"", ""1/2 su bardağı süt"", ""1/2 su bardağı sıvı yağ"", ""1 paket kabartma tozu"", ""1 paket vanilin"", ""2 yemek kaşığı kakao"", ""1 su bardağı un""]","[""Yumurta ve şeker güzelce çırpılır. Daha sonra süt ve sıvı yağ eklenip tekrar çırpılır. Kuru malzemeler elenerek eklenir. Söndürmeden karıştırılır."", ""Yağlanmış tart kalıbına dökülür. 170 derece fırında 20 dakika pişirilir. Kek piştikten sonra süt ve kahve ile ıslatılır."", ""Ganaj için 200 ml krema tencere alınır ve ocakta ısıtılır. Çikolatalar eklenir. Karıştırılarak eritilir. Ilınınca kekin üstüne dökülür."", ""5-6 saat buzdolabında dondurulur. Daha sonra kakaolu krem şanti, meyve ve çikolata ile süslenir. Afiyet olsun.""]"
c1cea688-961f-4d8d-b1eb-5b96dafe293f,Sağlıklı Çikolata Parçacıklı Kurabiye,Turkey,"Sağlıklı malzemelerle hazırlanan, lezzetli ve doyurucu çikolata parçacıklı kurabiye",Tatlı,"[""4 yemek kaşığı yumuşamış tereyağı"", ""1 yemek kaşığı (tepeleme) bal"", ""1 yemek kaşığı esmer şeker"", ""1 adet yumurta"", ""1 tatlı kaşığı tarçın"", ""1 paket kabartma tozu"", ""2,5 su bardağı tam buğday unu"", ""80 gram bitter çikolata"", ""8-10 adet ceviz""]","[""Ceviz ve çikolataları iri iri kesiyoruz. Tereyağını mikserle çırpıyoruz. Şeker ve balı ekleyip çırpmaya devam ediyoruz. Şeker eriyince yumurtayı da ekleyip çırpıyoruz (ama çok çırpmıyoruz)."", ""Kalan malzemeleri de ekleyip yoğuruyoruz. Üstünü kapatıp 20-25 dakika buzdolabında dinlendiriyoruz."", ""Yağlı kağıt serdiğimiz tepsiye dondurma kaşığıyla hamurdan parçalar alıp diziyoruz."", ""Önceden ısıtılmış 180 derece fanlı fırında 10 dakika pişiriyoruz. Soğumaya alıyoruz. Kurabiyeler soyunca sertleşmiş olacaklar.""]"
74fd6acb-7929-4028-8c49-046f827df8b3,Etli Bulgur Pilavı,Turkey,"Lezzetli ve doyurucu bir klasik, etli bulgur pilavı",Pilav & Makarna,"[""1 su bardağı iri bulgur"", ""1 adet soğan"", ""2 adet defne yaprağı"", ""3 adet öğütülmüş top karabiber"", ""1 çay bardağı domates rendesi"", ""1 tatlı kaşığı kuru nane""]","[""3 parça eti, karabiberi ve defne yapraklarını düdüklüye koyup 2 bardak su ile haşlıyoruz."", ""Ayrı bir tencerede 1 yemek kaşığı tereyağı ile bulgurumuzu kavurup üzerine domates sosunu, tuz ve naneyi ekliyoruz. Üzerini geçecek kadar su ile pişiriyoruz."", ""İsterseniz pilavı haşladığınız etin suyu ile de pişirebilirsiniz."", ""Bir soğanı uzun uzun doğruyoruz. Tereyağında kavuruyoruz. Üzerine haşlanan etleri didikleyip ekliyoruz. Biraz çeviriyoruz, bu sırada istediğiniz baharatları ekleyebilirsiniz."", ""Pilavın üzerine soğanlı eti alıp servis ediyoruz. Afiyet olsun.""]"
bc17f6d7-56fb-4403-8d77-c7887363a87b,Ekmek Üstü Lahmacun,Turkey,"Pratik ve lezzetli bir atıştırmalık olan ekmek üstü lahmacun, az malzemeyle hızlıca hazırlanır",Börek & Hamur İşi,"[""2 adet kapya biber"", ""2 adet yeşil biber"", ""1 adet kuru soğan"", ""2 adet domates"", ""1 yemek kaşığı domates salçası"", ""1 adet biber salçası"", ""1 tatlı kaşığı tuz"", ""1 çay kaşığı pul biber"", ""1 çay kaşığı karabiber"", ""1 tatlı kaşığı toz kırmızı biber"", ""200 gram dana kıyma (orta yağlı)"", ""1/2 çay bardağı sıvı yağ""]","[""İç harcı için domateslerin ve soğanın kabuklarını soyun, biberlerin çekirdeklerini çıkartın ,ardından iri parçalar halinde doğrayın. Maydanozun saplarını ayıklayın."", ""Tüm sebzeleri, salçaları ,baharatı ve maydanozu mutfak robotuna koyup püre haline getirin. Karışıma önce kıymayı, ardından sıvı yağı ekleyip robottan geçirip hazır hale getirin."", ""Ekmekleri yağlı kağıt serilmiş tepsiye dizin, üstlerini ince bir katman şeklinde kaplayacak biçimde harcı kaşıkla yayın."", ""Tepsiyi önceden 200 dereceye ayarlı fanlı olarak ısıtılmış fırına yerleştirin."", ""Ekmeklerin üzerindeki harcı kenarları kızarana kadar yaklaşık 15-20 dakika pişirin, sıcak olarak maydanoz ve limon ile servis edin. Afiyet olsun!""]"
eac8c654-0d6d-4727-ae84-d4476c103d68,Karnabaharlı Graten,Turkey,"Kremalı ve lezzetli karnabahar graten, patatesle harmanlanmış doyurucu bir seçenektir",Sebze Yemekleri,"[""1 adet orta boy karnabahar"", ""2 adet krema"", ""3-4 adet patates""]","[""İlk olarak karnabahar parçalara ayrılır ve kaynamış suda yaklaşık 10-15 dakika haşlanır."", ""O sırada patatesler soyulur ve halka halka doğranıp tepsiye dizilir."", ""Haşlanan karnabahar patateslerin üzerine eklenir ve krema dökülür."", ""Fırında üzeri kızarana kadar pişirilir."", ""Pişmeye beş dakika kala, rendelenmiş kaşar peyniri serpilir ve tekrar fırınlanır. Afiyet olsun.""]"
d970c53f-d101-4d5b-9a79-ee3b7e766224,Yoğurtlu Kıyır Poğaça,Turkey,"Yoğurtlu kıyır poğaça, çay saatlerinin vazgeçilmez lezzetli ve pratik tarifi",Börek & Hamur İşi,"[""125 gram tereyağı (oda ısısında)"", ""1 çay bardağı sıvı yağ"", ""1 adet yumurta"", ""1 adet yumurta beyazı"", ""1 çay bardağı yoğurt"", ""1 çay bardağı süt"", ""2 çay kaşığı tuz"", ""1 çay kaşığı toz şeker"", ""1 paket kabartma tozu"", ""2 yemek kaşığı elma sirkesi"", ""4,5 su bardağı un""]","[""1 yumurtayı ve bir yumurtanın beyazını bir kaseye alın ve çatal yardımı ile güzelce çırpın.İçine tuz ve şekeri ekleyip tekrar çırpın."", ""Ayrı bir kapta; tereyağı, sıvı yağı, yoğurt ve sütü güzelce karıştırın. Üstüne çırpılmış, şekerli ve tuzlu yumurtayı da ekleyin."", ""Sirke ve kabartma tozunu da ekledikten sonra unu, kontrollü olarak yavaş yavaş ekleyin."", ""Yumuşak, ele yapışmayan bir hamur elde edene kadar yoğurun."", ""Hazırladığınız hamurdan cevizden biraz iri toplar kopartın ve yağlı kağıt serdiğiniz bir fırın tepsisine, elinizde yuvarladıktan sonra dizin."", ""Bu aşamada içine malzeme koymak isterseniz, yuvarlamadan önce malzemeyi koyup, sonra yuvarlayarak koyabilirsiniz.Üstlerine yumurta sarısı sürün ve çörek otu ile susam serpiştirin."", ""Önceden ısıtılmış 200 derece fırında yaklaşık 20 dakika, üstleri kızarana kadar pişirin.Fırından aldıktan sonra, ılımasını bekleyin ve servis edin. Afiyetler olsun.""]"
3eba591f-0de3-43b3-b8ed-db5295a5a51b,Yoğurtlu Brokoli Salatası,Turkey,"Sağlıklı ve lezzetli bir seçenek olan yoğurtlu brokoli salatası, hem doyurucu hem de pratik bir tarif",Salata,"[""1/2 kilogram brokoli"", ""1/2 kilogram havuç"", ""1/2 kilogram kabak""]","[""Sebzeleri güzelce yıkıyoruz. Havucun dışını soyacakla soyuyoruz, jülyen şekilde bıçakla ya da şekilli kesici ile doğruyoruz."", ""Kabağı da kabak soyacağının tırtıklı kısmı ile çizip yine jülyen şekilde doğruyoruz. Brokoliyi dallarına ayırıyoruz. Hepsini ayrı tencerelerde yumuşayana kadar haşlıyoruz."", ""Haşlama suyuna 1 tatlı kaşığı tuz da attım, isterseniz haşladıktan sonra da tuz ile harmanlayabilirsiniz. Haşlanan sebzeleri sudan alıp süzüyoruz."", ""Oda sıcaklığına geldiğinde servis yapacağımız geniş bir tabağa ister kat kat ister karışık şekilde koyuyoruz. Bir kasede yoğurt, tuz, ezilmiş sarımsak ve mayonezi karıştırıyoruz. Sebzelerin üzerine ge"", ""Küçük bir tavada da zeytinyağını kızdırıp pul biber ekliyoruz. Yoğurtlu salatamızın üzerine döküyoruz. Afiyet olsun.""]"
4abb77c1-1a96-4356-9f57-3fee79fb9527,Çilekli Milföy Pasta,Turkey,"Taze çileklerle bezeli, hafif ve lezzetli milföy pastası",Tatlı,"[""6 adet milföy hamuru"", ""3 su bardağı süt"", ""2 adet yumurta sarısı"", ""1 çay bardağı şeker"", ""2 yemek kaşığı un"", ""2 yemek kaşığı mısır nişastası"", ""1 paket vanilin"", ""1 tatlı kaşığı tereyağı""]","[""İlk olarak milföy hamurlarınızı dondurucudan çıkartıp 8 dakika bekletin."", ""Milföy hamurlarınızın her birini 4 parçaya bölün."", ""Yağlı kağıt serilmiş fırın tepsisine dizin ve 180 derece önceden ısıtılmış fırında, kızarana kadar pişirin."", ""Kreması için bir tencereye un, nişasta ve şekeri ekleyin karıştırın."", ""Sütü ve yumurta sarılarını ekleyin. Karıştırın ve ocağa alıp pişirin."", ""Piştikten sonra ocaktan alın, vanilin ve tereyağını ekleyip mikserle çırpın. Soğumaya bırakın."", ""Pişen milföylerinizi ortadan ikiye bölün. Bir kat milföyün bir kat krema ekleyin."", ""Çilekleri dizin ve tekrar milföy ekleyin. Bu şekilde tüm milföyleri tamamlayın. Afiyet olsun.""]"
9792f41f-a353-43e2-b0de-9416d091c435,Sıvı Yağlı Şekerpare,Turkey,"Sıvı yağ ile hazırlanan pratik ve lezzetli, şerbeti bol bir klasik tatlı",Tatlı,"[""3 adet yumurta (bir tanesinin sarısı üzeri için ayrılacak)"", ""1 su bardağı toz şeker"", ""1 su bardağı sıvı yağ"", ""1 su bardağı irmik"", ""1 paket vanilya"", ""1 paket kabartma tozu"", ""3 su bardağı un"", ""1/2 adet limon kabuğu rendesi""]","[""İlk başta şerbeti hazırlayıp soğumaya bırakıyoruz."", ""Tatlının hamuru için un ve ayırdığımız 1 yumurta sarısı hariç tüm malzemeleri karıştırma kabına katıp karıştırıyoruz, azar azar un ilave ederek yoğuruyoruz."", ""Hamurdan parçalar koparıp şekil veriyoruz."", ""Fırın tepsisine dizip üzerlerine yumurta sarısı sürüp, çatalla çizik atıyoruz."", ""Önceden ısıtılmış 200 derecelik fırında üzeri kızarana kadar pişiriyoruz."", ""Pişen şekerpareleri çıkarıp üzerlerine soğuk şerbeti döküyoruz. Şerbeti çektikten sonra servis edebilirsiniz. Afiyet olsun.""]"
4f7d4bfe-909e-4d37-a038-c3ee638b9ec8,Köfte Tarifleri,Turkey,Lezzetli köfte tarifleriyle sofralarınızı şenlendirin,Et Yemekleri,"[""Damla Çikolatalı Kurabiye"", ""Pastane Poğaçası"", ""Kahvaltılık Tarifler Pancake Krep Pişi Kuymak Kaygana Kahvaltılık Sos Menemen Muhlama Yumurtalı Ekmek Omlet"", ""Omlet"", ""Damla Çikolatalı Kurabiye"", ""Pastane Poğaçası"", ""Omlet""]","[""Mutfaklarınıza nefis köfte tarifleri eklemenin zamanının geldiğini düşünüyorsanız sayfalarımıza göz atın! Her biri ayrı bir lezzete sahip sağlıklı öğünler için ideal köfte tarifleri listemizi inceleyin. \""Köfte mantolu patlıcan\"" gibi çok değişik ve yaratıcı tarifler mi arıyorsunuz? Yoksa İnegöl köfte gibi kadim bir köftenin kolay tarifini mi? Hem bilinen, ismi duyulmuş çeşitleri hem de denenmiş ve çok beğenilmiş yeni köfte tarifi çeşitlerini burada bulabilirsiniz. Korkmadan deneyin; çünkü videolu, fotoğraflı anlatımlarla tarifler çok kolay!"", ""Evlerde en çok sevilen ve tüketilen gıdalardan birisi köfte. Tazeliğini uzun süre korumasıyla, lezzetini kaybetmiyor oluşuyla buzlukta saklanmaya da en uygun yemek tariflerinden biri. Zamanınız varken yapın, pişireceğiniz zaman hemen pişirin diye tek tek anlattık: Donmuş Köfte Nasıl Pişirilir?"", ""Ana yemek olarak köfte hazırladığımızda yanına neler yapabilir, onu nasıl bir menü şeklinde sunabiliriz dersiniz Çorbasından tatlısına köftenin yanına ne gider, köftenin yanına yapılacak yemekler hangileridir sorusuna cevap veriyoruz: Köftenin Yanında Ne İyi Gider?"", ""Özellikle kalabalık akşam yemeklerinin en kurtarıcı yemeklerinden biri olan ve fırında patatesli köfte olarak da bilinen, fırında köfte tariflerinin en sevileni de olan fırında patates köfteyi hemen bugün yapmaya ne dersiniz? En lezzetli haliyle karşınızda: Fırında Köfte Patates"", ""Köftenin bereketli ve aile yemeği halini alan şeklidir sulu köfte. Tabak tabak yenir, yendikçe yenir. Size bugün vereceğimiz tarifin nefis bir akşam yemeği alternatifi olacağına eminiz. Bugün ne pişirsem sorularına son verecek tarif karşınızda: Sulu Köfte""]"
58aa1858-6b59-4872-a223-d70cf788b3c4,Dızmana,Turkey,"Geleneksel ve lezzetli bir Türk hamur işi olan Dızmana, çay saatlerinin vazgeçilmez tatlısıdır",Ana Yemek,"[""1/2 su bardağı ılık süt"", ""1/2 su bardağı ılık su"", ""1 adet yumurta akı"", ""1 paket kuru maya"", ""1 tatlı kaşığı toz şeker"", ""1 tatlı kaşığı tuz"", ""2,5 - 3 su bardağı un""]","[""Unun içerisine kuru mayayı ekleyip karıştırın ve ortasını havuz gibi açın. Açtığınız havuza su, süt, yumurta akı,şeker ve tuzu ilave edip yoğurmaya başlayın."", ""Yumuşak bir hamur elde edene kadar kalan unu azar azar ilave edin. Yoğurma işlemi bitince üzerini örterek 1 saat mayalanmya bırakın."", ""Mayalanan hamurun gazını alarak eşit büyüklükte parçalara bölüp aralıklı biçimde fırın tepsimize dizin. Bu şekildede 30 dakika mayalandırın."", ""Sosu için tüm malzemeyi bir kabın içerine alın."", ""Homojen olana dek çırpın."", ""Sosun tümünü mayalanan hamurumuzun üzerine dökün ve önceden ısıttığınız 180 derece fırında üzeri kızarıp renk alana kadar pişirin.""]"
9e71a702-db84-4bad-88c2-c86372ff098a,Bolonez Soslu Makarna,Turkey,"Lezzetli kıymalı bolonez sosuyla harmanlanmış, doyurucu bir klasik makarna",Pilav & Makarna,"[""250 gram kalem makarna"", ""200 gram kıyma"", ""2 adet domates"", ""1 adet soğan"", ""1 çay kaşığı (tepeleme) tuz"", ""1 çay kaşığı karabiber"", ""3 silme yemek kaşığı zeytinyağı"", ""30 gram tereyağı""]","[""Makarnayı bol tuzlu suda haşlayalım."", ""Soğanı rendeleyip zeytinyağı ve tereyağı karışımında renk alana dek kavuralım."", ""Kıymayı ilave edip eze eze pişirelim."", ""Küp doğranmış ya da rendelenmiş domatesi ilave edelim."", ""Güzelce pişirdikten sonra pişen makarnalarla birleştirelim."", ""Dilerseniz maydanoz yaprakları ile servis edebilirsiniz.""]"
77593145-6402-465a-acc6-1403c8946a43,15 Dakikada Hellimli Tavuk Burger,Turkey,"Juicy chicken breast with halloumi and fresh tomato, served in a soft burger bun. Quick and delicious meal ready in just 15 minutes",Tavuk Yemekleri,"[""2 adet tavuk göğsü"", ""2 adet burger ekmeği"", ""1 adet domates""]","[""15 Dakikada Hellimli Tavuk Burger"", ""Tavuk göğsünü tuz ve karabiberle tatlandırın."", ""Tavada 1 yemek kaşığı zeytinyağını ısıtın, tavukları orta ateşte her iki tarafı altın rengini alana kadar (6-7 dakika) pişirin."", ""Ayrı bir tavada kalan 1 yemek kaşığı zeytinyağı ile hellim dilimlerini, her iki yüzü hafif kızarana kadar (2-3 dakika) pişirin."", ""Burger ekmeklerini ortadan ikiye bölün ve dilerseniz hafifçe ısıtın."", ""Alt ekmeğin üzerine marul/roka yaprağı, pişmiş tavuk, hellim peyniri, domates dilimleri ve tercih ettiğiniz sosları ekleyin."", ""Üst ekmeği kapatıp servis yapın. Afiyet olsun.""]"
bdd87df6-5d64-4e1f-9ac8-a2bc6d903bb1,Puf Ekmek,Turkey,"Hafif ve lezzetli puf ekmek, sofralarınızın vazgeçilmezi olacak",Börek & Hamur İşi,"[""1/2 paket yaş maya"", ""1 su bardağı ılık su"", ""1 tatlı kaşığı tuz"", ""1 tatlı kaşığı toz şeker"", ""3-4 su bardağı un""]","[""Yaş mayayı ılık su ile karıştırın ve içerisine toz şekeri, tuzu ekleyip karıştırmaya devam edin. 2 dakika kadar bekledikten sonra unu yavaşça ekleyerek hamuru yoğurmaya başlayın. Yumuşak ele yapışmaya"", ""Bu süre sonunda hamura şekil vererek (hamuru 7-8 eşit parçaya bölün) pişireceğiniz tepsiye alın ve 10 dakika daha tepside mayalandırın. Son olarak ekmeklere kenarlarından çizik atın veya dilerseniz üs"", ""Önceden ısıtılmış 220 derece fırında, fırının alt tabanına bir kap içerisine su koyarak alt-üst derece ayarında ve orta rafında 30-40 dakika kontrollü olarak pişirin.""]"
e94017ef-48cf-4dea-8642-3efe0e82b858,Kandil Simidi,Turkey,"Mis gibi kokan, çay saatlerinin vazgeçilmezi çıtır çıtır Kandil Simidi tarifi",Ana Yemek,"[""125 gram oda sıcaklığında tereyağı"", ""1 çay bardağı sıvı yağ"", ""2 adet yumurta sarısı (beyazı dışına)"", ""2 yemek kaşığı yoğurt"", ""1 yemek kaşığı sirke"", ""1 yemek kaşığı toz şeker"", ""1 tatlı kaşığı tuz"", ""1 paket kabartma tozu"", ""1 tatlı kaşığı (silme) mahlep"", ""200 gram susam (kavrulmuş)"", ""3,5 su bardağı un""]","[""İlk olarak derin bir kaseye 125 gram oda ısısındaki tereyağını alıyoruz."", ""Üzerine 1 çay bardağı sıvı yağını, 2 adet yumurta sarısını, 2 yemek kaşığı yoğurdu, 1 yemek kaşığı toz şekeri, 1 tatlı kaşığı tuzu, 1 yemek kaşığı sirkeyi ve 1 tatlı kaşığı mahlepi ekliyoruz. Karışana"", ""Unu kontrollü ekliyoruz. 1 paket kabartma tozunu ekleyip yoğuruyoruz. Yumuşak bir hamur elde ediyoruz."", ""Hamurdan ceviz büyüklüğünde parçalar alıp elimizle uzun şeritler yapıyoruz."", ""Daha sonra iki ucunu birleştirip halka şekli veriyoruz. Simitleri önce yumurta beyazına daha sonra bolca susama buluyoruz."", ""Yağlı kağıt serilmiş tepsiye diziyoruz. Önceden ısıtılmış 180 derece fırında 30-35 dakika kızarana kadar pişiriyoruz."", ""Pişen simitleri soğuyunca servis ediyoruz. Kandil simidi hazır. Afiyet olsun.""]"
e79fd240-c073-4215-8d83-d646ead09605,15 Dakikada Hellimli Tavuk Burger,Turkey,"Quick and delicious chicken burger with halloumi and fresh tomato, ready in just 15 minutes",Tavuk Yemekleri,"[""2 adet tavuk göğsü"", ""2 adet burger ekmeği"", ""1 adet domates""]","[""15 Dakikada Hellimli Tavuk Burger"", ""Tavuk göğsünü tuz ve karabiberle tatlandırın."", ""Tavada 1 yemek kaşığı zeytinyağını ısıtın, tavukları orta ateşte her iki tarafı altın rengini alana kadar (6-7 dakika) pişirin."", ""Ayrı bir tavada kalan 1 yemek kaşığı zeytinyağı ile hellim dilimlerini, her iki yüzü hafif kızarana kadar (2-3 dakika) pişirin."", ""Burger ekmeklerini ortadan ikiye bölün ve dilerseniz hafifçe ısıtın."", ""Alt ekmeğin üzerine marul/roka yaprağı, pişmiş tavuk, hellim peyniri, domates dilimleri ve tercih ettiğiniz sosları ekleyin."", ""Üst ekmeği kapatıp servis yapın. Afiyet olsun.""]"
552430a7-1908-4a6c-986c-bc5d8674a429,Adana Böreği,Turkey,"Adana Böreği is a savory Turkish pastry made with layers of thin yufka dough, filled with a rich milk mixture, and baked to golden perfection",Börek & Hamur İşi,"[""2 adet yufka"", ""16 adet baklavalık yufka"", ""1 su bardağı süt"", ""2 adet yumurta""]","[""Öncelikle baklavalık yufkaları tepsinin üzerine yerleştirin ve kenarda kalan fazlalıkları kesin."", ""Tereyağını bir tavaya alarak eritin."", ""Tepsinin tabanını ve kenarlarını erimiş tereyağı ile yağlayın ve 8 adet baklava yufkasını sırasıyla tepsiye yerleştirin."", ""Her yufkanın arasına mutlaka eritilmiş tereyağı sürün."", ""8 kat yufkayı dizdikten sonra dilimler halinde kesin ve kenara alın."", ""Bir kabın içinde yumurta ve sütü çırpın."", ""Bu aşamada diğer yufkayı parçalar halinde kopartın. Sosa batırarak tepsinin üzerine yerleştirin."", ""Rendelenmiş kaşar peynirini yufkaların üzerini kaplayacak şekilde serpiştirin."", ""Ardından üzerine çeçil peynirini yerleştirin."", ""Tekrar diğer yufkayı parçalara ayırın ve sosa batırarak peynirin üzerini kapatacak şekilde yerleştirin."", ""Daha sonra kenara ayırdığınız 8 adet baklava yufkasını, aralarına eritilmiş tereyağı sürerek üst üste yerleştirin."", ""Önceden ısıtılmış 200 dereceli fırında altı ve üstü tamamen kızarana kadar pişirin. Afiyet olsun.""]"
249bc5ff-20fd-448c-b51d-ed7f1a071e2e,Domates Soslu Fırında Makarna,Turkey,"Domates sosunun lezzetiyle birleşen fırında makarna, pratik ve doyurucu bir seçenek",Pilav & Makarna,"[""1/2 paket burgu makarna"", ""1 tatlı kaşığı zeytinyağı"", ""2 adet domates (rendelenmiş)"", ""1,5 su bardağı su"", ""1 yemek kaşığı domates salçası"", ""3 adet domates (üzerini kaplamak için)"", ""100 gram rendelenmiş mozarella""]","[""1 tatlı kaşığı zeytinyağını ısınmış tavaya dökün."", ""Rendelenmiş domatesi ilave edin. 2 tutam tuz, domates salçası 1,5 su bardağı da suyu ilave edip kaynayana kadar pişirin."", ""Fırını 165 dereceye ayarlayın."", ""Isıya dayanıklı cam kabın içine makarnayı yayın. Kaynayan domatesli harcı üzerine dökün ve üzeri için iri iri halka halka doğradığınız domatesleri makarnanın üzerine dizin. 1 tutam tuzu da bu aşamada"", ""Makarnalar yumuşayana kadar yaklaşık 35 dakika pişirin."", ""Makarnalar yumuşayınca üzerine rendelenmiş mozzarella peynirini ilave edin ve peynirler eriyinceye kadar tekrar fırınlayın. İşte bu kadar, afiyet olsun!""]"
974c1e19-b06e-450c-8749-d5129c527637,15 Dakikada Hellimli Tavuk Burger,Turkey,"Juicy chicken burgers with halloumi and fresh tomato, ready in just 15 minutes",Tavuk Yemekleri,"[""2 adet tavuk göğsü"", ""2 adet burger ekmeği"", ""1 adet domates""]","[""15 Dakikada Hellimli Tavuk Burger"", ""Tavuk göğsünü tuz ve karabiberle tatlandırın."", ""Tavada 1 yemek kaşığı zeytinyağını ısıtın, tavukları orta ateşte her iki tarafı altın rengini alana kadar (6-7 dakika) pişirin."", ""Ayrı bir tavada kalan 1 yemek kaşığı zeytinyağı ile hellim dilimlerini, her iki yüzü hafif kızarana kadar (2-3 dakika) pişirin."", ""Burger ekmeklerini ortadan ikiye bölün ve dilerseniz hafifçe ısıtın."", ""Alt ekmeğin üzerine marul/roka yaprağı, pişmiş tavuk, hellim peyniri, domates dilimleri ve tercih ettiğiniz sosları ekleyin."", ""Üst ekmeği kapatıp servis yapın. Afiyet olsun.""]"
48b66d37-40a3-49e7-8a26-6f3f9df11d0c,3 Malzemeli Şambali,Turkey,"A simple and delicious Turkish dessert made with semolina, yogurt, and sugar, ready in minutes",Ana Yemek,"[""2 su bardağı irmik"", ""1 su bardağı yoğurt"", ""1 su bardağı toz şeker"", ""Tatlınızı dilim lerken bıçak ıslatılırsa, dilim lerin kenarları daha düzgün ve temiz olur.""]","[""Geniş bir kaba irmik, yoğurt ve toz şekeri koyup iyice karıştırın. Karışım koyu bir hamur kıvamında olmalı."", ""Karışımı yağlı kağıt serili fırın tepsisine yayın, üzerini düzleştirin."", ""İsteğe bağlı olarak üzerini badem, fıstık veya ceviz ile süsleyin."", ""Önceden ısıtılmış 170 derecelik fırında yaklaşık 35-40 dakika, üzeri altın sarısı rengini alana kadar pişirin."", ""Fırından çıktıktan sonra soğumaya bırakın, dilimleyip servis yapın. Afiyet olsun.""]"
8b9a00ce-311c-4edd-b104-d1f2f2441970,Çilek Jöleli İrmik Tatlısı,Turkey,"Taze çilek aromasıyla buluşan yumuşacık irmik tatlısı, jöleli dokusuyla ferah bir lezzet sunar",Tatlı,"[""1 paket çilek aromalı toz jöle karışımı"", ""1 kilogram süt"", ""1 su bardağı irmik"", ""1 su bardağı toz şeker"", ""1 paket vanilya"", ""1 yemek kaşığı tereyağı"", ""1 yemek kaşığı Hindistan cevizi""]","[""Öncelikle jöleyi paketin üzerinde yazıldığı gibi yapalım ve soğuması için kenara alalım."", ""Tatlı için süt, irmik ve şekeri ufak bir tencerede, çırpıcı yardımıyla sürekli karıştırarak pişirelim."", ""Biraz koyu kıvam aldığında margarin, vanilya ve Hindistan cevizini ekleyelim."", ""5 dakika daha karıştırıp, boza kıvamına geldiğinde ocaktan alalım ve soğumadan tatlıyı yapacağımız kaba dökelim."", ""Tatlı oda sıcaklığına geldiğinde, üzerine jöleyi döküp, buzdolabına kaldıralım."", ""3-4 saat dolapta durduktan sonra, kalıbı bir tabağa ters çevirelim ve dilimlereyerek servis edelim. Afiyet olsun.""]"
bfe8f8eb-f631-4b99-8fdf-c85951dff803,Fırında Pesto Soslu Tavuk,Turkey,"Zeytinyağı ve tuzla marine edilmiş tavuk göğüslerinin, pesto sosla harmanlanarak fırında pişirildiği pratik ve lezzetli bir tarif",Tavuk Yemekleri,"[""4 adet tavuk göğüs bonfile"", ""4 yemek kaşığı zeytinyağı"", ""1 çay kaşığı tuz"", ""1 tatlı kaşığı toz kırmızı biber"", ""1/2 çay kaşığı karabiber""]","[""Tavuk göğüslerini bir kasede zeytinyağı, tuz, toz kırmızı biber, karabiber ve sarımsakla birlikte karıştırın."", ""Sosladığınız tavukları kızdırılmış tavada arkalı önlü yaklaşık 8 dakika pişirin."", ""Bu sırada fesleğen, sarımsak, çam fıstığı, rendelenmiş parmesan peyniri, zeytinyağı, soğuk su ve tuzu mutfak robotundan geçirin."", ""Tavada pişmiş olan tavukları fırın kabına alın ve üzerilerine rendelenmiş mozzarella peynirini paylaştırıp 185 derece fırında 12 dakika pişirin."", ""12 dakikanın ardından kabı fırından çıkarıp tavukların üzerilerine pesto sos gezdirin ve son olarak doğranmış kokteyl domatesleri ilave edip 5 dakika daha fırınlayın."", ""Fırından çıkardıktan sonra kıyılmış fesleğen serpiştirip, sıcak olarak servis edin. Afiyet olsun!""]"
e1608472-23c8-46fe-8d2e-5899ff38862e,Gelin Pastası,Turkey,"Hafif ve lezzetli bir kek olan Gelin Pastası, özel günler için ideal bir tatlıdır",Tatlı,"[""4 adet yumurta"", ""1 su bardağı şeker"", ""1/4 çay bardağı sıvı yağ"", ""1 su bardağı un"", ""1 paket vanilya"", ""1 paket kabartma tozu""]","[""Kek için yumurta ve şekeri iyice köpürtün. Diğer malzemeleri de ekleyip çırpın."", ""Yağlanmış dikdörtgen bir kalıba kek karışımını dökün. İyice yaydırın. 180 derecede 25 dakika pişirin."", ""Kek pişince soğumaya bırakın."", ""Süt ve şekeri karıştırın ve kaynatmadan ve şeker eriyene kadar hafif ısıtın."", ""Muhallebi için beyaz çikolata hariç tüm malzemeleri tencereye koyup karıştırarak kaynayana kadar karıştırın ve beyaz çikolatayı ekleyin. Soğumaya bırakın."", ""Muhallebi ılınınca toz krem şantiyi ekleyip mikserle çırpın."", ""Kekin üzerine muhallebiyi dökün ve eşit bir şekilde dağıtın. Hindistan cevizi ile üzerini kaplayın. Dilimleyip Antep fıstığı, çilek ile süsleyin.""]"
e6538986-18e1-4324-b1d6-c9f6e98022e0,Pratik Yulaf Topları,Turkey,Sağlıklı ve pratik atıştırmalık için hızlıca hazırlayabileceğiniz lezzetli yulaf topları,Ana Yemek,"[""1 çay bardağı kuru üzüm"", ""1 adet portakalın kabuğu"", ""10 adet hurma (veya kuru kayısı)"", ""1 tatlı kaşığı tarçın"", ""2 su bardağı yulaf ezmesi (veya yulaf unu)"", ""1 çay bardağı fındık (ceviz, badem vs kullanabilirsiniz)"", ""1 paket Hindistan cevizi (üzeri için)""]","[""Bal kabaklarını iyice yumuşayana kadar haşlıyoruz."", ""Hurmayı (kullanacaksanız kuru kayısıyı) ve kuru üzümü sıcak suda 2 saat kadar bekletiyoruz."", ""Bal kabakları haşlanıp kuru malzemeler de yumuşayınca hepsini rondo ya da blender yardımıyla püre haline getiriyoruz."", ""Kuru yemişleri havanda döverek irili ufaklı parçalar haline getirip meyve püresinin üzerine ekliyoruz."", ""Yulafları meyve püresinin içine kontrollü bir biçimde ekliyoruz. Burada kıvam ele yapışmayacak durumda olmalı."", ""Tarçını ve portakal kabuklarını yulaflı meyve püresine ekliyoruz."", ""Son olarak elde ettiğimiz karışımdan ceviz büyüklüğünde toplar yapıp Hindistan cevizine buluyoruz."", ""Buzdolabında birkaç saat dinlendirdikten sonra servise hazır hale getiriyoruz. Afiyet olsun.""]"
f8889419-a8e2-42fb-be36-7f12a65273a9,Beşamel Soslu Patatesli Tavuk,Turkey,"Beşamel sosun zengin lezzetiyle buluşan patatesli tavuk, doyurucu ve lezzetli bir ana yemek",Tavuk Yemekleri,"[""900 gram tavuk but (kuşbaşı doğranmış) (göğüs de olur)"", ""1 adet soğan (küp doğranmış)"", ""2 adet yeşil biber"", ""1 adet kırmızı kapya biber"", ""1 tatlı kaşığı biber salçası"", ""5 yemek kaşığı zeytinyağı""]","[""Tavaya zeytinyağ konarak tavuklar 15-20 dakika sotelenir, ardından küp küp doğranmış soğan, biberler eklenip pişmeye bırakılır."", ""Patatesler ilave edilerek salça, tuz ve baharatlar eklenir, kısık ateşte pişirilmeye devam edilir."", ""Bir yandan da beşamel sosu hazırlayalım. Un tereyağında 3-4 dakika güzelce kavrulur."", ""Süt yavaş yavaş eklenerek hızla karıştırılır. Kaynayıp göz göz olunca tuz ve karabiber eklenip ocaktan alınır."", ""Hazırlanan tavuk sote borcama alınır. Beşamel sos üzerine güzelce dökülür .Kaşar peyniri eklenerek 180°C fırında üzeri kızarıncaya kadar pişirilir. Afiyet olsun.""]"
8203d0ca-1d78-4b57-a665-ebe80a6cc908,Fırında Karışık Kızartma,Turkey,Sebzelerin lezzetini en üst düzeye çıkaran pratik ve sağlıklı bir fırın yemeği,Ana Yemek,"[""3 adet kabak"", ""3 adet patlıcan"", ""3 adet patates"", ""3 adet yeşil biber"", ""1 çay bardağı sıvı yağ"", ""1 tatlı kaşığı tuz"", ""1 tatlı kaşığı karabiber"", ""1 tatlı kaşığı pul biber"", ""3 yemek kaşığı yoğurt""]","[""Kabak, patlıcan, patates ve biberi doğrayıp yağ ve baharatlar ile harmanlıyoruz."", ""Harmanladıktan sonra tepsiye alıp fırına veriyoruz."", ""200 derecede 30 dakika pişiyor."", ""3 yemek kaşığı yoğurda sarımsağı rendeleyerek sarımsaklı yoğurdu hazırlıyoruz."", ""Fırından çıkan kızartmamızı servis tabağına alıp üzerine sarımsaklı yoğurdu ekleyip lezzetli hale getiriyorsunuz. Ve tarifimiz hazır afiyet olsun :)""]"
6170878f-099c-4fa9-bd83-0ee2f7c14aa1,Pazı Yoğurtlaması,Turkey,"Pazıların tereyağında yumuşayarak yoğurtla buluştuğu, pratik ve lezzetli bir zeytinyağlı yemek",Ana Yemek,"[""1 su bardağı yoğurt"", ""1 çay kaşığı tuz"", ""1 yemek kaşığı tereyağı"", ""1 çay kaşığı toz kırmızı biber"", ""Etimek Tatlısı Tarifi"", ""Damla Çikolatalı Kurabiye"", ""Tatlı Tarifleri Spoonful Mozaik Pasta Çikolatalı Sufle İrmik Helvası Fırın Sütlaç Profiterol Revani Magnolia"", ""Kahvaltılık Tarifler Pancake Krep Pişi Kuymak Kaygana Kahvaltılık Sos Menemen Muhlama Yumurtalı Ekmek Omlet"", ""Omlet""]","[""Pazıları güzelce yıkayıp süzdürün."", ""Saplarını kesin. 1 parmak kalınlığında doğrayın ve haşlayın."", ""Fazla suyunu sıkıp bir kaba alın. Bir tavada yemeklik ince doğranmış kuru soğanı iyice kavurun, içine pazıları ilave edip biraz kavurun ve ocaktan alın."", ""Ilıyınca sarımsaklı yoğurtla karıştırın. Tereyağı ve toz kırmızı biberi bir tavada eritip üzerine gezdirin. Ardından servis eidn. Afiyetler olsun!""]"
68d6ec91-8a48-4ad7-810f-494c523783ab,Mevsiminde Tarifler,Turkey,Mevsimin taze lezzetlerini bir araya getiren pratik ve lezzetli tarifler,Ana Yemek,"[""Etimek Tatlısı Tarifi"", ""Soğuk Çay"", ""Damla Çikolatalı Kurabiye"", ""Tatlı Tarifleri Spoonful Mozaik Pasta Çikolatalı Sufle İrmik Helvası Fırın Sütlaç Profiterol Revani Magnolia"", ""Kahvaltılık Tarifler Pancake Krep Pişi Kuymak Kaygana Kahvaltılık Sos Menemen Muhlama Yumurtalı Ekmek Omlet"", ""Omlet""]","[""Sulu ev yemeklerinin en sevilenlerinden olan patlıcan yemeği bu suyuna bol bol ekmek banılacak haliyle çok güzel. Kalabalık aile sofraları onu çok sevecek. Tarifi hemen burada: Patlıcan Yemeği"", ""Un, kabak ve yeşillikle hazırlayabileceğiniz en nefis tariflerden biri olan mücveri bu kez fırında yaptık. Bu haliyle çok daha hafif olan kabak mücveri kızartmadan uzak duranları da sevindirecek: Fırı"", ""Barbunya, özellikle bolca bulunduğu yaz aylarında ayıklanıp dolaba konan, sonrasında da bol bol pişirilen sebzelerin başında geliyor. En taze olduğu zamanlarda ise zeytinyağlı haliyle sofralara lezzet"", ""Konya’nın en sevilen lezzetlerinden biri olan etli bamya çorbası içindeki çiçek bamyalar ve küçük kuşbaşı doğranmış dana eti, limon suyuyla birlikte çorbaya asıl lezzetini veriyor. Onu hemen denemeli:"", ""Zeytinyağlıların en sevileni, kalabalık sofraların vazgeçilmez yemek tariflerinden olan zeytinyağlı biber dolmasını tam kıvamında yapmak aslında çok kolay. Tarifimiz sizi bekler: Zeytinyağlı Biber Dol""]"
6fa704f2-628f-474a-8072-68c5d14f2766,Elmalı Klasik Tart,Turkey,"Elmalı klasik tart, çıtır hamurun ve şerbetli elmaların mükemmel uyumuyla damaklarda unutulmaz bir tat bırakır",Ana Yemek,"[""125 gram tereyağı"", ""1/2 su bardağı toz şeker"", ""1/2 paket kabartma tozu"", ""2,5 su bardağı un"", ""1 adet yumurta""]","[""İlk olarak iç harcımızı hazırlayalım. Elmalarımızı soyup rendeleyelim. Bir tencereye tarçını, şekeri ve elmaları koyup kısık ateşte pişirelim."", ""Elmalar iyice suyunu çektikten sonra cevizlerimizi ekleyip ocağın altını kapatalım ve iç harcımızı soğumaya bırakalım."", ""Tart hamurumuz için, yumurta, şeker ve tereyağını güzelce karıştıralım kabartma tozunu da ekleyip ardından kontrollü şekilde unu ekleyip kulak memesi kıvamında bir hamur elde edelim."", ""Hamuru 15 -20 dakika kadar buzdolabınd dinlendirmenizde fayda var."", ""Dinlenmiş hamuru 3 e bölüp 1 parçasını süslemek için ayırın buzdolabına atın."", ""Tart hamurunu açmak için zemine biraz un dökün ve merdane yardımı ile hamuru tart kalıbınız boyunda açın."", ""Tart kalıbınızı güzelce yağlayın, eğer tart kalıbınız yoksa borcam da kullanabilirsiniz."", ""Hamuru kalıba güzelce yerleştirdikten sonra fazla kabarmaması için çatal yardımıyla delikler açın."", ""İç harcı hamurun üzerine dökün güzelce kaşık yardımıyla eşitleyin, üzerini süslemek için ayırdığınız hamuru da merdane yardımıyla açıp şeritler halinde kesin ve sırayla harcın üzerine dizin."", ""Önceden ısıtılmış fırında 180 derecede yaklaşık 30-35 dakika kontrollü şekilde pişirin. Afiyet olsun.""]"
ef59df6a-94ac-4cb1-9b7e-b4c6c8ab34eb,Kemikli Et Haşlama,Turkey,Kemikli etin sebzelerle birlikte haşlanarak lezzetli ve doyurucu bir yemeğe dönüştüğü pratik bir tarif,Et Yemekleri,"[""2-3 adet kemikli et"", ""1 adet soğan"", ""2 adet havuç"", ""2 adet patates"", ""5 yemek kaşığı sıvı yağ"", ""1 çay kaşığı karabiber"", ""1 çay kaşığı tuz"", ""1/2 adet limon""]","[""Kemikli etleri kanı iyice çıkana kadar suda bekletin. Tencereye yağı alın kızdırın."", ""Üzerine etleri ekleyin. Bir iki kere çevirin. Sıcak su ekleyin ve haşlamaya bırakın. Haşlanan etlerin içine küp küp doğradığınız sebzeleri, tuz ve karabiberi ilave edin."", ""Ardından bu şekilde etler ve sebzeler yumuşayana kadar ortalama 40-45 dakika pişirin."", ""Ardından servis edin. Afiyetler olsun.""]"
9399ee00-8be4-49e4-b92e-d9ad17eec21b,Kıymalı Ispanaklı Börek,Turkey,Ispanak ve kıymanın harika lezzetini bir araya getiren pratik ve lezzetli bir börek tarifi,Börek & Hamur İşi,"[""2 adet yufka"", ""2 adet ıspanak"", ""250 gram kıyma"", ""3 yemek kaşığı zeytinyağı"", ""1 adet soğan"", ""1/2 tatlı kaşığı tuz"", ""1 çay kaşığı karabiber"", ""1 çay kaşığı pul biber""]","[""Harcınız için tavaya yağı alın. Isınan yağda kıymanızı iyice kavurun."", ""Renk alınca küp küp doğradığınız soğanları da ilave edin. Daha sonra iyice yıkanıp orta boy doğradığınız ıspanağı da ekleyin."", ""Tuz ve karabiberini de ekleyip 15 dakika kadar pişirin. Ispanaklar iyice diriliğini kaybedince altını kapatın."", ""Yufkayı tezgaha açın. Bolca soslayın. Diğer yufkayı da üzerine açın. Soslayın."", ""İlk önce dörde, sonra her parçayı ikiye bölün. Harcı paylaştırın, sarın."", ""Tepsiye alınca yumurta sarısını sürüp galeta unu ekleyin."", ""Önceden ısınmış alt üst ayar 200 derece fırında iyice kızarana kadar pişirin. Afiyet olsun.""]"
7a07891c-6a24-49b1-860b-f741bdc454f0,Şekersiz Fit Brownie,Turkey,"Şeker içermeyen, keçiboynuzu özüyle tatlandırılmış sağlıklı ve lezzetli bir brownie tarifi",Ana Yemek,"[""2 adet yumurta"", ""1 yemek kaşığı Hindistan cevizi yağı"", ""1 yemek kaşığı keçiboynuzu özü"", ""1 yemek kaşığı tam buğday unu"", ""10 adet hurma"", ""1 çay kaşığı kabartma tozu"", ""1 çay kaşığı vanilya"", ""1 yemek kaşığı kakao"", ""1/2 su bardağı ceviz""]","[""Hurmaları sıcak suda bekletiyoruz."", ""Hurmalar yumuşayınca robotta çekip püre haline getiriyoruz."", ""Yumurtaları bir çay kaşığı vanilya ile köpük olana kadar çırpıyoruz."", ""Hurma püresini, Hindistan cevizi yağını ve pekmezi yumurta karışımına ilave edip söndürmeden karıştırıyoruz."", ""Kalan malzemeleri de ekleyip spatula ile alttan üste doğru karıştırıyoruz."", ""Yağlı kağıt serdiğimiz tepsiye karışımı döküp önceden ısıtılmış 180 derece fırında 12-13 dakika kadar pişiriyoruz.""]"
9cc35536-b384-4c46-a144-ba449269ac6a,Kakaolu Pamuk Kek,Turkey,Yumuşacık dokusu ve bol kakaolu tadıyla vazgeçilmez bir lezzet,Tatlı,"[""4 adet yumurta"", ""1 su bardağı sıvı yağ"", ""1 su bardağı süt"", ""2 su bardağı un"", ""3 yemek kaşığı kakao"", ""3 yemek kaşığı çikolata kreması"", ""1 su bardağı şeker"", ""1 paket kabartma tozu"", ""1 paket vanilin""]","[""Öncelikle yumurtaların sarısını ve akını ayırıyoruz."", ""Beyazlarını aldığımız bir kaba köpük gibi olana kadar bir mikser yardımı ile çırpıyoruz."", ""Daha sonra sarılarını aldığımız ayrı kaba, sıvıyağ, süt, kakao, çikolata kreması, şeker ve vanilini ekliyoruz."", ""En son unu ve kabartma tozunu ekleyip güzel bir şekilde çırpıyoruz. Üst kısmı köpüklenmeye başlayınca iyice karışmış demektir."", ""Ayırdığımız beyazları ekliyoruz ve kekimizi söndürmeden aşağıdan yukarıya doğru karıştırıyoruz."", ""Kek kalıbının (istediğiniz şekilde kek kalıbı olur) içini yağ ve unlayalım ki kekimiz yapışmasın, karışımımızı kalıbımıza döküyoruz. Birkaç kez sallayıp zemine vuralım ki kekimiz güzel kabarsın ve dü"", ""Son olarak önceden ısıtılmış 170 derecelik fırınımıza kekimizi gönderiyoruz :) Afiyet olsun.""]"
d811a28e-1a57-425d-9727-6fb161b06dbb,Kupta Kadayıflı Muhallebi,Turkey,"Kıtır kadayıf ve cevizin muhallebiyle buluştuğu, hem pratik hem de lezzetli bir tatlı",Tatlı,"[""2 su bardağı kavrulmuş kadayıf"", ""2 yemek kaşığı şeker"", ""1,5 su bardağı ceviz""]","[""Muhallebi için krem şanti ve vanilin hariç tüm malzemeleri tencereye alıp pişirmeye başlıyoruz."", ""Muhallebi bir yandan pişerken bir kapta cevizi, kadayıfı ve şekeri alıp harmanlıyoruz."", ""Muhallebi göz göz olup kıvam alınca ocaktan alıyoruz."", ""Krem şantiyi ve vanilini ekleyip çırpmaya başlıyoruz."", ""Kaplara ilk önce kadayıftan çok az yayıp üzerine muhallebi, muhallebinin üzerine kadayıf olacak şekilde kabımıza uygun kat çıkıyoruz."", ""En üstünü ister muhallebi olarak bırakın ister kadayıf olarak tamamen sizin tercihinize kalmış.""]"
59e83110-7efa-4931-8996-07283eb43ae1,Tuzlu Atıştırmalık Tarifleri,Turkey,Lezzetli ve pratik tuzlu atıştırmalıklar için harika tarifler,Ana Yemek,"[""Etimek Tatlısı Tarifi"", ""Damla Çikolatalı Kurabiye"", ""Tatlı Tarifleri Spoonful Mozaik Pasta Çikolatalı Sufle İrmik Helvası Fırın Sütlaç Profiterol Revani Magnolia"", ""Kahvaltılık Tarifler Pancake Krep Pişi Kuymak Kaygana Kahvaltılık Sos Menemen Muhlama Yumurtalı Ekmek Omlet"", ""Omlet""]","[""Fırında patates kızartması tarifinde o çok sevdiğimiz baharatları ekleyip patates dilimlerini fırına alıyoruz. Patates kızartmasını çok sevenler ama sağlıksız diye kızartmalardan uzak duranlar için ha"", ""Ana yemeğin yanına hep pilav ya da makarna yapmaktan sıkılanlar için nefis lezzetiyle fırında kaşarlı mantar tarifi geliyor. Sadece 15 dakikada hazırlanıp fırına giren kaşarlı mantarlar kısa sürede so""]"
e1df553e-2421-461f-ad04-09b6ef4421ec,Havuçlu Lahana Salatası,Turkey,"Hafif ve lezzetli bir başlangıç, havuçlu lahana salatası ile sofranıza ferahlık katın",Salata,"[""1/4 adet lahana (250 g)"", ""1 tatlı kaşığı tuz"", ""1 adet havuç (büyük boy)"", ""1 tatlı kaşığı hardal"", ""2 tatlı kaşığı mayonez"", ""3 yemek kaşığı yoğurt"", ""1 yemek kaşığı sirke"", ""1/4 dilim limon"", ""3 yemek kaşığı zeytinyağı""]","[""Lahanayı ince ince kıyıp yıkayın ve kurulayın. Tuzu üzerine serpip elinizde sıkıştırarak 1-2 dakika yoğurun. 10 dakika kadar bu şekilde suyunu salması için bırakın. Ardından suyunu süzün ve kalan suyu"", ""Havucu rendeleyip, dereotunu da ayıklayarak lahanaların üzerine ekleyin."", ""Mayonez, hardal, yoğurt, sirke, limonun suyu ve zeytinyağını ekleyin."", ""Güzelce karıştırın. Dilerseniz farklı yeşillik ve baharatlarla çeşnilendirin."", ""Hemen servis edebilir veya hava almayan bir kapta bir haftaya kadar buzdolabında saklayabilirsiniz. Afiyet olsun!""]"
d09bea64-0a07-43d5-91f2-54297819a4df,Rafine Şekersiz Un Helvası,Turkey,"Rafine şeker kullanılmadan, leblebinin doğal tatlılığıyla hazırlanan sağlıklı ve pratik bir helva tarifi",Tatlı,"[""1 su bardağı leblebi"", ""1 yemek kaşığı tereyağı"", ""2 su bardağı süt"", ""7 yemek kaşığı keçiboynuzu unu""]","[""Bir su bardağı leblebiyi öğütücü veya rondodan geçirerek toz haline getirelim."", ""Tavamıza tereyağımızı alıp eritelim, üzerine öğütücüden geçirdiğimiz leblebi tozlarını ekleyelim ve kısık ateşte rengi hafif dönene kadar kavuralım."", ""Sıra şerbetini hazırlamakta. İki su bardağı sütü sos tenceresini alalım, üzerine yedi yemek kaşığı kadar keçiboynuzu ununu ekleyelim. Kaynayana kadar karıştırarak pişirelim."", ""Son aşamada helvamız ile sıcak şerbetimizi buluşturalım. Kısık ateşte iyice bütünleşene kadar karıştıralım.""]"
d4936e7c-1a91-4742-9925-46ac813fa9dc,Cevizli ve Tarçınlı Havuçlu Kek,Turkey,"Tarçın ve cevizin büyüleyici aromasıyla birleşen, yumuşacık havuçlu kek",Tatlı,"[""3 adet yumurta"", ""1 su bardağı şeker"", ""1 su bardağı süt"", ""1 su bardağı sıvı yağ"", ""3 adet havuç"", ""1 paket vanilya"", ""1 paket kabartma tozu"", ""2 tatlı kaşığı tarçın"", ""1 çay kaşığı ucumuskat cevizi rendesi"", ""5 adet kakule"", ""1 su bardağı ceviz içi (ince çekilmiş)""]","[""Yumurtaları şeker ile birlikte 3 dakika beyazlaşana kadar çırpalım."", ""Havuçları ince rendeden rendeleyip fazla suyunu havlu kağıtla alalım."", ""Kalan bütün malzemeleri yumurtaya ilave edelim."", ""Unu ve kabartma tozunu eleyerek ilave edelim ve spatula ile karıştıralım."", ""Yağlanan kek kalıbına dökelim ve önceden ısıtılmış 170 derecelik fırında tam 1 saat alt üst ayarda pişirelim."", ""Piştikten sonra hemen dışarı alalım ve ılıması icin kenara alalım."", ""Kremayı ısıtalım (kesinlikle kaynamayacak, beyaz çikolatanın üzerine döküp pürüzsüz bir hal alana kadar karıştıralım."", ""Ilıyan keki kalıptan çıkartalım ve beyaz çikolatayı üzerine dökelim."", ""Süslemesi için şeker hamurundan havuçlar yaptım, siz isterseniz ceviz ile süsleyebilirsiniz.""]"
462bb0e3-f6ea-4950-a845-b6227be732c8,Sebzeli Glutensiz Kek,Turkey,"Sebzelerin tazeliğiyle buluşan, sağlıklı ve lezzetli glutensiz kek",Tatlı,"[""1 adet pırasa"", ""1 adet kabak"", ""1 adet havuç"", ""2 adet yumurta"", ""1 su bardağı nohut unu"", ""1/2 su bardağı badem unu (tercihen)"", ""1/2 çay bardağı zeytinyağı"", ""1 su bardağı lor peyniri (beyaz peynir / keçi peyniri de olur)"", ""1 çay kaşığı tuz"", ""1 çay kaşığı zerdeçal"", ""1 çay kaşığı pul biber"", ""1 çay kaşığı susam ve çörek otu karışımı""]","[""Sebzelerimizi rondodan geçiriyoruz ve püre haline getiriyoruz."", ""Dereotunu ince ince kıyıyoruz ve rondodan geçirdiğimiz sebzelerimizin içine ekliyoruz."", ""Yumurtalarımızı bir kapta iyice çırpıyoruz ve içine en son unları eklemek üzere, tüm malzemeleri ekleyip güzelce karıştırıyoruz. Karışım hamurumuz ne çok cıvık ne de çok katı olmalı."", ""Sebzeli karışımımızı da hamurumuzun üzerine ekliyoruz ve iyice harmanlıyoruz."", ""Önceden yağladığımız bir kek kalıbının içine hamurumuzu döküyoruz, üzerine ben susam ve çörek otu eklemeyi tercih ettim."", ""200 derece fırında 30-35 dakika kadar pişiriyoruz""]"
d8ef5034-4735-4819-a295-d733ebd723cf,Gavurdağı Salata,Turkey,"Taze ve lezzetli malzemelerle hazırlanan, ferah bir meze alternatifi",Salata,"[""1 adet kuru soğan"", ""1 adet büyük boy domates"", ""1 adet salatalık"", ""1 çay bardağı ceviz"", ""1 yemek kaşığı nar ekşisi"", ""1 tatlı kaşığı limon suyu"", ""1 tatlı kaşığı zeytinyağı"", ""1 çay kaşığı toz kırmızı biber"", ""1 çay kaşığı isot"", ""1 çay kaşığı sumak"", ""1 çay kaşığı tuz""]","[""Tüm malzemeleri (kuru soğan, yeşil soğan, salatalık, domates) brunoise (en küçük) doğrayın."", ""Bir kap içerisinde hepsini birleştirin ve içerisine nar ekşisi, limon suyu, zeytinyağı, toz kırmızı biberi, isot, sumak, tuz ve cevizi ilave ederek karıştırın. Servis tabağına alın.""]"
96f0c3ea-2331-4ea3-868e-eb53386191ee,Fırında Levrek,Turkey,"Fırında levrek, limon ve soğan ile harmanlanmış lezzetli ve pratik bir balık yemeğidir",Balık & Deniz Ürünleri,"[""2 adet orta boy levrek"", ""1 adet soğan"", ""1 adet limon"", ""4 yemek kaşığı zeytinyağı"", ""1 çay kaşığı tuz""]","[""Levrekleri bol suda temizleyin, fazla suyunu süzdürün. Üst kısımlarına bıçakla kesikler atın ki pişmesi kolay olsun."", ""Balıkların karın kısımlarını göz kararı tuzlayıp halka halka doğradığınız soğanları içine yerleştirin."", ""Yine halka halka dogradiginiz limanları üstteki kesik yerlere yerleştirin."", ""Balıkları yağlı kağıt serilmiş fırın tepsisine yerleştirin ve üzerine zeytinyağını gezdirin."", ""Önceden ısıtılmış 200 derece fırında üzeri kızarana kadar ortalama 30 dakika pişirin. Fırınınıza göre süre değişebilir. Önemli olan balığı kurutmamak.""]"
ace924f2-4fda-4a3e-b171-9106d45421f3,Çıtır Pastırmalı Bal Kabaklı Makarna,Turkey,Pastırma ve bal kabağının harmanlandığı lezzetli bir makarna tarifi,Pilav & Makarna,"[""100 gram un"", ""1 adet yumurta"", ""1 yemek kaşığı zeytinyağı"", ""1 çay kaşığı tuz""]","[""Unu hamur yoğurma makinesinin haznesine ekleyin. Üzerine yumurta, zeytinyağı ve tuzu da ilave edip sert bir hamur elde edin."", ""Hava almayacak şekilde üzerini kapatıp 40 dakika dinlendirin. Dinlenmiş hamuru 2 bezeye ayırıp açın. Açılmış hamurları 2 parmak kalınlığında kesin ve bol tuzlu kaynar suda 4 dakika kadar pişirin."", ""Sosu için pastırmaları zeytinyağında kavurup tavadan alın. Tavaya pırasaları, sarımsağı alıp soteleyin, pırasalar yumuşayınca bal kabaklarını da ekleyin."", ""Tavaya tavuk suyunu ekleyin, bal kabakları yumuşamaya başlayınca kremayı da ekleyin. Sos kıvam almaya başlayınca pastırmaları da içine ekleyip sosu ocaktan alın."", ""Sosu servis tabağına alın, üzerine haşlanmış makarna, yanık tereyağı ve rendelenmiş İzmir tulum peyniri koyarak servis edin. Afiyet olsun!""]"
8a97ad97-12ef-47c7-9983-6affa41836c7,Hazır Yufkayla Pratik Baklava,Turkey,"Pratik ve lezzetli, hazır yufkayla hazırlanan çıtır çıtır baklava tarifi",Tatlı,"[""1 paket baklava yufkası"", ""250 gram tereyağı"", ""400 gram ceviz içi"", ""1 su bardağı sıvı yağ""]","[""İlk önce pişirme kabımıza toz şekerimizi koyuyoruz. Suyumuzu ilave edip kaynamaya alıyoruz. Kaynarken üzerine yarım limonu sıkıyoruz. Yaklaşık 20 - 25 dakika arası kaynıyor ve şerbetimiz hazır."", ""Eğer benim gibi yuvarlak tepsi kullanacaksanız yufkalarınızı tepsiye göre kesiyoruz. (Düz tepsi için kesmeye gerek olmadan direkt kullanabilirsiniz)"", ""Tereyağımızı eritiyoruz ve üzerine sıvı yağımızı ekliyoruz. Tepsimizin en alt kısmına yağımızı sürüyoruz. Tepsiye 2 kat yufka yerleştirip yağlıyoruz."", ""3-4 kat bu şekilde yufka yerleştirdikten sonra, cevizlerimizi ekliyoruz ve üzerine yufkalarımızı koymaya devam ediyoruz. (Kaç kat yapmak isterseniz o kadar yufka koyabilirsiniz) Daha sonra dilimlere a"", ""Baklavamızı fırına atıyoruz. Yaklaşık 200 derecede 45 dakika - 1 saat arası pişiriyoruz."", ""Üzerine hazırlamış olduğumuz şerbeti döküyoruz. Fıstık ile süslüyoruz. Hepinize afiyet olsun.""]"
33d29c5d-c3d5-4a31-9fe3-4cbfcade1d38,Videolu Tarifler,Turkey,Videolu tariflerle pratik ve lezzetli tatlıları kolayca hazırlayın,Ana Yemek,"[""Etimek Tatlısı Tarifi"", ""Damla Çikolatalı Kurabiye"", ""Tatlı Tarifleri Spoonful Mozaik Pasta Çikolatalı Sufle İrmik Helvası Fırın Sütlaç Profiterol Revani Magnolia"", ""Kahvaltılık Tarifler Pancake Krep Pişi Kuymak Kaygana Kahvaltılık Sos Menemen Muhlama Yumurtalı Ekmek Omlet"", ""Omlet""]","[""Her gün ne yemek yapacağım derdine düşenlerin imdadına videolu tariflerle yetişiyoruz. Leziz ve pratik tariflerimizle, yemek yapmak hem eğlenceli bir aktiviteye dönüşecek hem de basit anlatımları kola"", ""Az malzemeyle, evde kolayca yapılan tatlıların başında gelen, tam ölçülü şerbetiyle, tane tane dökülen kıvamıyla damakta nefis bir tat bırakan irmik helvasını sevenler buraya! Tam kıvamında irmik helv""]"
3c7e3aad-fd1e-4d67-90ce-723844eca3b7,Şerbet-i Sütlü,Turkey,"Sütlü ve irmikli tatlıların ferahlatıcı lezzeti, şerbetiyle buluşuyor",İçecek,"[""4 adet yumurta"", ""4 yemek kaşığı (tepeleme) un"", ""4 yemek kaşığı (tepeleme) irmik"", ""1 paket vanilin"", ""1 paket kabartma tozu"", ""1 tatlı kaşığı limon suyu""]","[""Yumurta ve şekeri köpük köpük oluncaya kadar çırpalım. Daha sonra diğer malzemeleri de ekleyip kare veya yuvarlak borcama ya da o boyutlardaki bir fırın kabına yağlayıp harcımızı dökelim. Önceden ısıt"", ""Diğer taraftan 2 bardak sıcak sütün içerisine bir bardak şekerimizi döküp iyice karıştırıp erimesini sağlayalım, üzerine kalan 3 bardak soğuk sütü de ekleyelim. Şerbetimiz kaynatılmayacak, soğuk olaca"", ""Fırından çıkan kekimizin üzerine soğuk şerbetimizi dökelim. Şerbetini anında çekiyor yumuşacık sünger gibi bir dokusu var."", ""Daha sonra süt ve krem şantiyi çırpıp soğuyan tatlımızın üzerine sürelim. Hindistan cevizi ile süsleyelim. Bu tatlıyı buzdolabına kaldırıp bir gece bekletirsek çok daha lezzetli oluyor. Afiyet, şifa o""]"
f4a5e622-5b75-4c17-82c4-6d172c8b7848,Etli Domatesli Arpa Şehriye Yemeği,Turkey,"Zeytinyağında kavrulan arpa şehriyelerin, domates sosuyla buluştuğu pratik ve lezzetli bir yemek",Et Yemekleri,"[""1 su bardağı arpa şehriye"", ""1 su bardağı domates sosu (veya domates rendesi)"", ""2 yemek kaşığı zeytinyağı"", ""1 yemek kaşığı tereyağı"", ""1,5-2 su bardağı sıcak su (üzerini geçecek kadar)"", ""1 tatlı kaşığı tuz"", ""1 tatlı kaşığı karabiber""]","[""Önce biraz zeytinyağında arpa şehriyeleri kavurdum, üzerine domates sosu ekledim karıştırdım."", ""Sonra üzerini birazcık geçecek kadar sıcak su ve 1 yemek kaşığı tereyağı ekledim, güzelce karıştırdım."", ""Son olarak tuz ve karabiberi ekledim, altını kısıp pişmeye bıraktım."", ""Yumuşayınca altını kapatıp bir peçete koyarak kapağı kapalı demlenmeye bıraktım. Bence domatesli olunca biraz sulu sulu kalması daha da lezzetli yapıyor!"", ""Etler için tencereye 1 yemek zeytinyağını aldım ve iyice ısınmasını bekledim, sonrasında etleri ekledim."", ""Sularını salana kadar ellemedim, sularını salmaya başlayınca birazcık kavurdum ve suyunu çekince soğanlar ile sarımsakları ekledim."", ""Bu esnada tuz, karabiber ve kekiği ekledim. En son tereyağını ekleyerek güzelce kavurdum."", ""Sonrasında üzerini geçecek kadar sıcak su (çok abartmaya gerek yok) ekledim ve altını kısıp, kapağını kapatıp pişmeye bıraktım. Etler yumuşayana kadar pişebilir."", ""En son iki yemeği karıştırarak tekrar ısıttım! Afiyet olsun!""]"
6ed5bbd7-0141-42c8-9d0c-fd4073f8033b,Chilaquiles,Turkey,"Meksika mutfağının lezzetli ve pratik kahvaltısı chilaquiles, çıtır tortilla cipslerinin bol soslu ve baharatlı harikasıdır",Ana Yemek,"[""3 adet domates"", ""1 adet sarımsak"", ""3 adet süs biberi"", ""1/2 yemek kaşığı salça"", ""1 adet lavaş (büyük boy)"", ""1 adet yumurta""]","[""Öncelikle güzel bir sos yapacağız. Rendelenmiş domates, salça, sarımsak, yağ baharatlar ve süs biberi ekleyip koyulaşıncaya kadar kaynatıyoruz."", ""Lavaşı üçgen kesiyoruz."", ""Yağda hafif kızartıyoruz."", ""Yumurtayı poşe pişiriyoruz."", ""Lavaşları tabana, üstüne sos ve yumurtayı koyuyoruz.""]"
bdbbee7e-b5f3-4a90-b984-cef8441319f1,"Kuru Meyveli, Vişne Reçelli Tatlı Krep",Turkey,Vişne reçelinin tatlılığı ile kuru meyvelerin zenginliğini bir araya getiren lezzetli bir krep tarifi,Tatlı,"[""2 su bardağı süt"", ""3 adet yumurta"", ""1 yemek kaşığı un"", ""1 silme tatlı kaşığı toz şeker"", ""1/4 silme çay kaşığı tuz"", ""1/4 silme çay kaşığı karabiber""]","[""Krep hamurunu hazırlamak için; süt, yumurta, un, toz şeker, tuz ve karabiberi derin bir karıştırma kabına aktarın. Bir çırpıcı yardımıyla sürekli karıştırarak, pürüzsüz bir hamur elde edin."", ""Krebin iç harcı için; labne peyniri, küp şeklinde doğranmış kuru meyve karışımı, toz şeker ve tuzu krema kıvamına gelene kadar karıştırın."", ""Oda sıcaklığında beklettiğiniz krep karışımından küçük bir kepçeye doldurun (25- 30 gram). Krep harcını yavaşça tavaya aktarın ve tavayı kaplaması için yayın."", ""Kısık ateşte, renk almadan arkalı önlü ters çevirerek her iki yönünü 2 dakika kızartın. Pişen krepleri, oda sıcaklığında 2- 3 dakika kadar dinlendirin."", ""Her bir krepten 8 adet üçgen parça çıkartın. Arka kısımlarını bıçak ya da kalıp yardımıyla düzeltin. Hazırladığınız krep parçalarını bir kat krep, bir kat krema karışımı olacak şekilde piramit şeklind"", ""Vişne reçeli ve pudra şekeri ilavesi ile bekletmeden servis edin. Sevdiklerinizle paylaşın.""]"
e761d8b5-a7a6-4cae-81d2-e00e352ef232,Elmalı Börek,Turkey,"Tereyağı ve yumurtayla hazırlanan çıtır çıtır elmalı börek, hem pratik hem de lezzetli bir atıştırmalık",Börek & Hamur İşi,"[""200 gram oda sıcaklığında tereyağı"", ""1 adet yumurta"", ""2 yemek kaşığı pudra şekeri"", ""3 - 3,5 su bardağı un"", ""4 yemek kaşığı yoğurt"", ""3 yemek kaşığı soğuk su"", ""1 yemek kaşığı sirke""]","[""Tereyağı, yoğurt,pudra şekeri, sirke, soğuk su ve yumurtayı bir kabın içine aktarın ve çırpma teli yardımıyla birbirlerine karışmalarını sağlayın."", ""Ardından un ve kabartma tozunu azar azar, eleyerek karışıma ilave edin."", ""Elinizle yoğurmaya başlayın. Unu azar azar ilave edin ki kıvam kontrolü yapabilin."", ""Hazırladığınız hamuru streç filme sarın ve buzdolabında 40 dakika kadar dinlendirin."", ""O sırada iç harcını hazırlamaya başlayın. Elmaları rendeleyin ve derince bir tavanın içerisine aktarın."", ""Üzerine toz şekeri de ilave ederek orta ateşte suyunu salıp çekene kadar pişirmeye başlayın."", ""Piştikten sonra ocaktan alın. İçine toz tarçın ve cevizleri ilave ederek oda sıcaklığında soğumaya bırakın."", ""Dinlenen hamuru hafif unlanmış tezgahın üzerine aktarın. İki eşit parçaya bölün."", ""Parçaları uzunlamasına olacak şekilde, orta kalınlıkta merdane yardımıyla açın."", ""Her iki açılmış hamurun içerisine elmalı harcı yayarak aktarın ve rulo şeklinde sarın. Kapatırken uçlarını hafifçe suyla ıslatın."", ""Yağlanmış yuvarlak bir fırın tepsisine ruloları döndürerek yerleştirin. Daha önceden ısıtılmış 180 derecelik fırında 25-30 dakika kadar hamuru hafifçe kızarana kadar pişirin."", ""Çıkarıp oda sıcaklığında bir müddet dinlendirdikten sonra dilimleyerek servis edin.""]"
787cf9de-015d-4810-bf6c-b86e4cfa278c,Milföy Pizza,Turkey,"Milföy hamurları ile hazırlanan, pratik ve lezzetli atıştırmalık pizza",Ana Yemek,"[""5 adet milföy hamuru (dikdörtgen)"", ""1 adet domates"", ""1 yemek kaşığı salça"", ""1 tatlı kaşığı kuru fesleğen"", ""2 adet çarliston biber"", ""1/2 çay kaşığı tuz""]","[""Dikdörtgen milföy hamurlarını üçgen iki parça oluşacak şekilde köşeden köşeye keserek iki parçaya ayırın. Böylece bir hamurdan iki dik üçgen parça elde etmiş olacaksınız."", ""Sonrasında oluşan üçgen parçaların kenarını pizza dilimine benzeyecek şekilde bir parmak kalınlığında kıvırın ve dilimleri yağlı kağıt serilmiş bir tepsiye dizin."", ""Her bir dilimi bir çatal yardımıyla 2-3 defa delin. Böylece dilimlerin aşırı kabarmasını önleyerek pizza dilimine benzer bir görüntü elde etmiş olacaksınız."", ""Pizza sosunu hazırlamak için 1 adet domatesi bir kaseye rendeleyin ve içerisine salçayı, kuru fesleğeni ve tuzu ilave ederek karıştırın. Bir kaşık yardımıyla bu sosu dilimlerin üzerine yayın."", ""Çarliston biberlerini ince ince dilimleyin. Siyah ve yeşil zeytinlerin çekirdeklerini çıkararak onları da küçük parçalara ayırın. Dilerseniz dilimlenmiş sucukları da daha küçük parçalara ayırabilirsin"", ""Hazırlamış olduğunuz tüm malzemeleri soslanmış dilimlerin üzerine paylaştırın ve en son üzerlerine rendelenmiş kaşar peynirini serpin."", ""Önceden ısıtılmış 180 derecelik fırında 15 dakika kadar pişirin. Afiyet olsun!""]"
7e2a6068-59ea-4c49-8448-629498879fc6,Kolay Etsiz Çiğ Köfte,Turkey,"Lezzetli ve pratik, et içermeyen çiğ köfte tarifi",Vegetarian,"[""4 su bardağı bulgur"", ""2 su bardağı kaynar su"", ""2 adet soğan (rendelenmiş)"", ""2 adet domates (rendelenmiş)"", ""200 mililitrezeytinyağı (1 su b.)"", ""125 mililitrenar ekşisi (1 çay b.)"", ""1 adet limon suyu"", ""2 yemek kaşığı (tepeleme) domates salçası"", ""2 yemek kaşığı (tepeleme) biber salçası"", ""2 yemek kaşığı isot"", ""2 yemek kaşığı sumak"", ""1 tatlı kaşığı pul biber"", ""1 yemek kaşığı tatlı toz kırmızı biber"", ""1 çay kaşığı kimyon"", ""1 çay kaşığı karabiber""]","[""Bulguru yoğurulacak kapta ıslatalım. 10 dakika dinlendirelim."", ""Soğan, sarımsak, domates, zeytinyağı, nar ekşisi, limon suyu, baharatları ekleyip stand mikserde en az 15-20 dakika yoğuralım."", ""Stand mikseer yoksa eğer, elde 25-30 dakika yoğurmanızı öneririm. Afiyet olsun.""]"
d3cf7d17-c02d-4b14-94ef-b1a776c6043d,Nohut ve Ton Balıklı Pita Sandviç,Turkey,Pratik ve doyurucu nohut ile ton balığının harmanlandığı lezzetli pita sandviçi,Balık & Deniz Ürünleri,"[""2 adet pita ekmeğiveya bazlama"", ""1 su bardağı haşlanmış nohut"", ""1 adet kırmızı soğan"", ""2 yaprak göbek marul"", ""4 adet cherry domates"", ""1/2 adet kırmızı biber"", ""1 yemek kaşığı ay çekirdeği içi""]","[""Maydanoz ve naneleri ince ince kıyın. Bebek ıspanak yapraklarını biraz daha irice, göbek yapraklarını da ince uzun doğrayın."", ""Kırmızı soğanı yuvarlak yuvarlak, biberi uzun uzun doğrayın."", ""Domatesleri dörde bölün. Ton balığının yağını süzdürün."", ""Sos malzemeleri ve pitalar dışında kalan bütün malzemeleri bir büyük bir kaseye alıp karıştırın."", ""Sos malzemelerini de ufak bir kaseye alıp iyice çırpın."", ""Sosu nohutlu karışımla birleştirip, sosun bütün malzemelerle iyice harmanlanmasını sağlayın."", ""Pita ekmeklerinin çerisine nohutlu karışımı eşit miktarda bölüştürün. Ardından servis edin. Afiyetler olsun!""]"
99e507dd-13a6-4c8f-9c87-a43e65b40c26,Tavada Pratik Pizza,Turkey,"Fırına gerek kalmadan, tavada dakikalar içinde hazırlanan lezzetli ve pratik bir pizza",Ye,"[""2 adet yumurta"", ""1 çay bardağı yoğurt"", ""1 yemek kaşığı zeytinyağı"", ""1 su bardağı (tepeleme) un"", ""1 paket kabartma tozu"", ""1 tatlı kaşığı ketçap"", ""1 tatlı kaşığı domates salçası"", ""2 yemek kaşığı su"", ""1 tatlı kaşığı tuz"", ""1 adet biber"", ""1 adet domates"", ""10 adet zeytin""]","[""Bir kapta yumurtalar ve yoğurt güzelce karıştırılır.Üzerine tuz , kabartma tozu ve un eklenip karıştırılır.Kek kıvamından daha katı bir kıvam olacak."", ""Yağlanmış krep tavası veya teflon tavaya yaptığımız pizza harcı güzelde yayılır. Ocağa alınıp üzerine kapak kapatılıp orta ateşte göz göz olana kadar pişirilir."", ""Pizza sosu için salça, ketçap, kekik ve su bir kasede karıştırılır. Göz göz olan pizza hamuruna pizza sosu yayılır. Üzerine dilediğiniz malzemeleri ekleyebilirsiniz. Biz bugün rendelenmiş kaşar peynir"", ""Malzemeleri koyduğumuz pizzayı kısık ateşte üzerine kapak kapalı halde altı üstünü pişiriyoruz. Ortalama 15-20 dakikada pişiyor.""]"
7ee4d129-89e6-4077-8d49-94a13c5e86b0,Damla Sakızlı Kurabiye,Turkey,"Damla sakızının eşsiz aromasıyla lezzetlenen, çay saatlerinin vazgeçilmezi çıtır kurabiyeler",Tatlı,"[""1 adet yumurta"", ""100 gram tereyağı"", ""2 yemek kaşığı pudra şekeri"", ""2,5 su bardağı un"", ""1 paket vanilya"", ""1/2 çay kaşığı karbonat"", ""3 parça damla sakızı (dövülmüş)"", ""1 tatlı kaşığı pudra şekeri (servisi için)""]","[""Soğuk tereyağ küp küp bölünerek kaba alınır."", ""Yumurta, pudra şekeri, un, vanilya, karbonat ve dövülmüş damla sakızı eklenir. Ele yapışmayan bir hamur elde edilinceye kadar yoğrulur."", ""Hamur yaklaşık yarım saat buzdolabında dinlendirilir."", ""Dinlenen hamur parçalara ayrılır, şekillendirilir ve tepsiye dizilir."", ""Önceden ısıtılmış 150 derece fırında üzeri hafif pembeleşinceye kadar pişirilir."", ""Fırından çıkarılan kurabiyeler bir miktar soğuduktan sonra üzerine pudra şekeri serpilerek servis edilir.""]"
69b49a10-3a5f-45c0-b641-08bd10b5da6c,Milföy Pasta,Turkey,Milföy hamurları ile hazırlanan pratik ve lezzetli bir pasta tarifi,Tatlı,"[""1 adet yumurta"", ""1 yemek kaşığı nişasta"", ""2 yemek kaşığı un"", ""1,5 yemek kaşığı toz şeker"", ""1 paket vanilin"", ""2 su bardağı süt"", ""100 gram bitter çikolata""]","[""1. İlk olarak milföy hamurları video’da gördüğünüz şekilde kesilip bir tepsiye dizilir ve son derece fırında kabarana kadar pişirilir."", ""2. Kreması için : Süt ve vanilin hariç bütün malzemeler bir tencereye alınıp karıştırılır."", ""Daha sonra kısık ateş üzerine konulur ve süt eklenip karıştırılır. Koyu bir kıvam elde edilince vanilin eklenip karıştırılıp ocaktan alınır ve biraz soğumaya bırakılır."", ""4. Çikolata parçacıkları eritilir."", ""5. Pişen milföy hamurlarının arası kat kat açılıp her katın arasına krema sürülür ve kapatılır."", ""6. Son olarak üzerine çikolata sürülür ve dekor verilip soğumaya bırakılır. Afiyet olsun.""]"
960115f9-8e01-41cd-98d9-738723b027fa,Limonlu Brownie,Turkey,"Narenciye ve çikolatanın mükemmel birleşimi olan bu limonlu brownie, hem tatlı hem de ferahlatıcı bir lezzet sunar",Ana Yemek,"[""3/4 su bardağı un"", ""1/2 su bardağı toz şeker"", ""1 paket vanilya"", ""1 çay kaşığı kabartma tozu"", ""100 gram oda sıcaklığında tereyağı"", ""1 adet limon"", ""3 adet yumurta""]","[""Un, şeker, vanilya ve kabartma tozunu bir kaba alarak güzelce karıştırın."", ""Tereyağını unlu karışıma ekleyin ve mikserle çırparak kenarda bekletin."", ""Ayrı bir kaba 1 adet limonun kabuğunu ince rende ile rendeleyin."", ""Limonun yarısının suyunu sıkarak rendelenmiş limon kabuklarının üzerine ekleyin."", ""Yumurtaları limon rendesi ve suyuna eklerek mikserle güzelce çırpın."", ""Yumurtalı karışımı unlu-tereyağlı karışımın üzerine ekleyerek, güzelce karışana kadar (2-3 dakika) çırpın."", ""20x20 cm'lik pişirme kabına pişirme kağıdı sererek, hazırladığınız brownie karışımını dökün."", ""Önceden ısıtılmış 180 derece fırında kontrollü olarak 20 dakika pişirin. Üzerine pudra şekeri serperek afiyetle tüketin.""]"
b006e539-3a5b-4792-a8d1-a76dc6518ccf,Patatesli Katmer,Turkey,"Yumuşak içi ve çıtır dışıyla patatesli katmer, pratik ve lezzetli bir atıştırmalık",Ana Yemek,"[""1 su bardağı ılık su"", ""1 su bardağı ılık süt"", ""1/2 su bardağı sıvı yağ"", ""1 tatlı kaşığı toz şeker"", ""2 tatlı kaşığı tuz"", ""1 paket kuru maya"", ""5-6 su bardağı un""]","[""Derin bir kabın içerisine unun yarısını alıp ortasını açın. Ortasın süt,su, sıvı yağ, şeker maya ve tuzu koyup karıştırın. Kalan unu yavaş yavaş ileve edelim ve yumuşak bir hamur elde edin. Hamuru 30-"", ""Haşlanmış patateslerimizi rendeleyin. Yemeklik doğradığınız kuru soğanı zeytinyağında renk alana dek çevirin."", ""Salçayı ilave edip 2-3 dakika kavurup patatesi ve baharatları ilave edin. İyice harmanlanan harcı ocaktan alıp soğumaya bırakın."", ""Hamurdan mandalina büyüklüğünde parçalar koparın."", ""İçine patatesli harçtan koyup yuvarlayın."", ""Yuvarladığımız hamuru merdane yardımıyla kahvaltı tabağı boyutlarında açın."", ""Çok az sıvı yağ dökülmüş yanmaz yapışmaz tavada arkalı önlü pişirin. Tüm bezelere aynı işlemi uygulayın."", ""Patatesli katmerleriniz hazır! Afiyetler olsun.""]"
bf96dd19-c093-4509-8980-d78f5865ed59,Dana Şinitzel,Turkey,"Ev yapımı dana şinitzel, çıtır galeta unuyla lezzetli bir ana yemek",Et Yemekleri,"[""150 gram bonfile"", ""1 adet yumurta"", ""3 yemek kaşığı galeta unu""]","[""Yumurtayı çırpın. Ayrı genişçe tabakların birine un birine galeta ununu ekleyin."", ""Kasaptan aldığınız şinitzellik etin her iki yüzünüde tuz ve karabiber ile ovun."", ""Eti önce una bulayın sonrasında çırpılmış yumurta en son da galeta ununa bulayın."", ""Bir tavaya çok olmayacak şekilde sıvı yağ alın. Güzelce kızdırın, hazırladığınız eti tavaya alın her tarafını yaklaşık 2-3 dakika kadar kızartın."", ""Çok ince olduğu için hemen kızaracaktır, başından ayrılmayın."", ""Piştikten sonra fazla yağını almak için bir peçete üzerine alın."", ""Patates püresi için patatesleri haşlayın."", ""Henüz sıcakken içerisine tereyağı, kaşar, baharatları ekleyerek harmanlayın. Etinizi püre ve limonla servis edin. Afiyet olsun.""]"
3c567fc7-d038-4a9f-ad4c-58f62da24d6a,Yoğurtlu Mahlepli Kurabiye,Turkey,"Mahlebin eşsiz aromasıyla yoğurtlu kurabiyeler, çay saatlerinin vazgeçilmezi",Tatlı,"[""125 gram tereyağı"", ""1 yemek kaşığı yoğurt"", ""1 çay bardağı sıvı yağ"", ""1 çay kaşığı toz şeker"", ""1 adet yumurta beyazı"", ""2 su bardağı un"", ""1 çay kaşığı kabartma tozu"", ""1 tatlı kaşığı toz mahlep"", ""1 tatlı kaşığı tuz"", ""1 yemek kaşığı susam"", ""1 yemek kaşığı çörek otu""]","[""Bütün malzemeleri derin bir kaba alın."", ""Unu kontrollü bir şekilde ekleyerek ele yapışmayan bir hamur yoğurun."", ""Hamuru iki yağlı kağıt arasında çok ince olmayacak şekilde açın."", ""Yuvarlak ya da istediğini bir kalıpla kesin."", ""Hamur bitene kadar aynı işlemi uygulayın."", ""Yağlı kağıt serili fırın tepsisine dizin."", ""Ayrılan yumurta sarısını üzerine sürün ve çatalla artık şeklinde çizik atın."", ""Üzerine susam serpip önceden ısıtılmış 170 derecelik fırında üzerleri kızarana kadar yaklaşık 25 dakika pişirin."", ""Kurabiyelerimiz hazır. Afiyet olsun.""]"
7923f366-0fdb-4665-9279-f92ddeaf99ff,3 Malzemeli Bulut Kurabiye,Turkey,Hafif ve lezzetli bulut kurabiye tarifimizle mis gibi bir atıştırmalık hazırlayın,Tatlı,"[""3 adet yumurta beyazı"", ""1/2 su bardağı bitter çikolata (erimiş)"", ""1 çay kaşığı kabartma tozu"", ""1 kase damla çikolata""]","[""Yumurtaların beyazlarını kar gibi olana kadar mikserle çırpıyoruz."", ""Benmari usulü erittiğimiz çikolatayı yavaşça yumurta beyazına ekleyip karıştırdım."", ""Yağlı kağıt serili tepsiye kaşık yardımı ile birer kaşık koydum."", ""170 derece ısıtılmış fırında 10 dakika pişirdim. Üzerine isteğe bağlı damla çikolata serpiştirdim. Afiyet olsun.""]"
97ddf074-3bde-47d6-abaf-01bd0ab42587,Fındıklı Kakaolu Kek,Turkey,"Fındıklı kakaolu kek, çay saatlerinin vazgeçilmez lezzetlerinden biridir",Tatlı,"[""3 su bardağı un"", ""2 su bardağı toz şeker"", ""1 su bardağı süt"", ""1 su bardağı sıvı yağ"", ""3 adet yumurta"", ""1 paket vanilya"", ""1 paket kabartma tozu"", ""50 gram kakao"", ""1 çay bardağı fındık içi""]","[""Bütün malzemeleri bir kapta iyice karışana kadar çırpın."", ""Kek kalıbını yağlayın."", ""Hazırlanan karışımı kalıba dökün."", ""Fırında 20-25 dk pişirin."", ""Oda sıcaklığında soğuduktan sonra dilimleyerek servis edin.""]"
e156d731-bf01-4cdd-895a-f6e2ea9d255d,Tahinli Cevizli Rulo Kurabiye,Turkey,"Tahin ve cevizin zengin lezzetini bir araya getiren, pratik ve lezzetli bir kurabiye tarifi",Tatlı,"[""125 gram oda sıcaklığında tereyağı"", ""1/2 su bardağı yoğurt (oda sıcaklığında)"", ""1/2 çay bardağı zeytinyağı"", ""1 tatlı kaşığı elma sirkesi"", ""1 paket kabartma tozu"", ""1 çay kaşığı tuz"", ""1 paket vanilya"", ""5 su bardağı un""]","[""Tereyağını, zeytinyağını, yoğurdu ve tuzu derin bir kabın içinde güzelce karıştırın"", ""Karışıma, vanilya ve elma sirkesini de ekleyip, karıştırmaya devam edin."", ""Kabartma tozunu da ilave ettikten sonra içine unu yavaş yavaş yoğurarak ekleyin."", ""Yağlı ama ele yapışmayan bir hamur elde edeceksiniz. Hamuru streç filmle sarın ve yaklaşık 30 dakika buzdolabında dinlendirin"", ""İç harcı için gereken tüm malzemeleri bir kapta güzelce karıştırın."", ""Hamurun dinlenme süresinin sonunda dolaptan alın ve ikiye bölün."", ""Tezgahın üstüne streç film serin ve ikiye böldüğünüz hamurun bir parçasını bu streç filmin üstüne alın."", ""Üstüne bir parça daha streç film serin ve bir merdane yardımıyla kare şeklinde açın."", ""Üstteki streç filmi kaldırın ve hazırladığınız iç harcın yarısını hamurun üstünde hiç boşluk kalmayacak şekilde yayın."", ""Altta kalan streç filmin yardımıyla hamuru rulo şeklinde yuvarlayın ve yağlı kağıt serdiğiniz bir fırın tepsisinin üstüne alın."", ""Bir bıçak yardımıyla dilimleyin ve aralarında boşluklar olacak şekilde dilimleri tepsiye yerleştirin."", ""Hamurun ve harcın kalan kısmını da aynı şekilde hazırladıktan sonra önceden ısıtılmış 170 derece fırında, üstleri kızarana dek yaklaşık 35 dakika pişirin."", ""Üstlerine tarçın serpin ve ılık ya da soğuk olarak servis edin.""]"
b5b92429-9be5-421f-9642-eaee32a0b945,Kereviz Cipsi,Turkey,"Kereviz cipsi, sağlıklı ve lezzetli bir atıştırmalık alternatifidir",Ana Yemek,"[""1 adet kereviz"", ""1 yemek kaşığı zeytinyağı"", ""Etimek Tatlısı Tarifi"", ""Damla Çikolatalı Kurabiye"", ""Tatlı Tarifleri Spoonful Mozaik Pasta Çikolatalı Sufle İrmik Helvası Fırın Sütlaç Profiterol Revani Magnolia"", ""Kahvaltılık Tarifler Pancake Krep Pişi Kuymak Kaygana Kahvaltılık Sos Menemen Muhlama Yumurtalı Ekmek Omlet"", ""Omlet""]","[""Kerevizi soyup çok ince ince doğrayın biraz zeytinyağı, pul biber, sarımsak tozu, zencefil, köri, karabiber, kekik, kimyon ve önemlisi biraz soya sosu ekleyip iyice elinizle yoğurun."", ""Yağlı kağıdın üzerine dizip 200 derecede kızarıncaya kadar 15-20 dakika pişirin. Afiyet olsun.""]"
766bc115-603d-44ac-a3e1-5e988f40429f,Karpuzlu Limonata,Turkey,Serinletici ve ferahlatıcı karpuzlu limonata ile yaz aylarında içinizi ferahlatın,İçecek,"[""1/2 adet orta boy karpuz (dilimlenmiş, kabukları çıkartılmı"", ""3 adet orta boy limon"", ""1,5 su bardağı soğuk su"", ""3 yemek kaşığı toz şeker (arzuya göre esmer şeker)""]","[""Kabuğunu kesip dilimlere ayırdığınız karpuz çekirdeklerini tek tek ayıklayın."", ""Bol suda yıkayıp üzerlerini kuruladığınız limon kabuklarını rendenin iri tarafıyla rendeleyin."", ""Ortadan ikiye kestiğiniz limonların suyunu sıkın."", ""Çekirdekleri ayıklanmış karpuzları küçük parçalar halinde blendera alın. Taze sıkılmış limon suyu, rendelenmiş limon kabuğu, soğuk su ve toz şeker ekledikten sonra blenderı çalıştırın."", ""Kısa sürede hazır olan karışımı bir süzgeç yardımıyla süzün. Posa kısmını kullanmayın. Hazır olan karpuzlu limonatayı soğuttuktan sonra sevdiklerinizle paylaşın.""]"
8c489e7e-5cb8-4b02-8638-865bd4f122e2,Fındıklı Pratik Kurabiye,Turkey,"Lezzetli ve pratik fındıklı kurabiye tarifi, çay saatlerinin vazgeçilmezi olacak",Tatlı,"[""125 gram tereyağı (oda ısısında bekletilmiş)"", ""1/2 su bardağı sıvı yağ"", ""2 adet yumurta (akları ayrılacak)"", ""1 su bardağı şeker"", ""1/2 su bardağı nişasta"", ""1 tatlı kaşığı tarçın"", ""2,5 su bardağı un"", ""1 paket kabartma tozu"", ""1/2 su bardağı fındık (ince kırılmış)""]","[""Oda ısısındaki tereyağını, sıvı yağı ve yumurta sarılarını derin bir kaseye koyun. Güzelce karıştırın."", ""Şekeri ilave edin. Karıştırmaya devam edin. Nişasta, tarçın, un ve kabartma tozunu da eleyerek ekleyin. Yoğurun."", ""Ceviz büyüklüğünde parçalar koparın ve şekil verin. Kurabiyelerin üzerini bastırmamaya özen gösterin."", ""Ayırdığımız yumurta aklarını, çatal yardımıyla çırpın. Kurabiyelerin üzerlerini önce yumurta akına, daha sonra kırık fındıklara parçalarına bulayın."", ""Önceden ısıtılmış 180 derecelik fırında 20 dakika kadar pişirin. Afiyet olsun.""]"
e8977419-b01a-4f92-976a-8dbcd1357530,Acılı Ezme,Turkey,"Geleneksel Türk mezesi olan acılı ezme, ferahlatıcı lezzetiyle sofralarınızı şenlendirecek",Ana Yemek,"[""3 adet domates"", ""1 adet soğan"", ""2 adet yeşil biber"", ""1 adet kapya biber""]","[""Bütün malzemeleri minik minik doğrayıp hazırlayabileceğiniz gibi mutfak robotu da tercih edilebilir. Soğan ve maydanoz hariç diğer malzemeler iri iri doğranıp hepsi ayrı ayrı mutfak robotundan geçiril"", ""Geniş bir kaseye alınır. Soğan minik küpler halinde, maydanoz ise ince ince kıyılır. Diğer malzemelere eklenir."", ""Sosu için salçalar baharatlar ve diğer bütün malzemeler ayrı bir kasede karıştırılır. İyice özleşince sebzeler kaseye aktarılır. 10-15 dakika dinlendikten sonra servis yapılır. Afiyet olsun.""]"
b559bbb2-29bb-4a67-a9a3-c07f8efbd60c,Kapya Biber Mezesi,Turkey,Zeytinyağı ve limon suyuyla harmanlanmış kapya biberlerin ferahlatıcı lezzetiyle sofranıza şık bir dokunuş katın,Sebze Yemekleri,"[""3 adet kırmızı kapya biber"", ""1/2 adet limon suyu"", ""3 yemek kaşığı zeytinyağı"", ""2 yemek kaşığı sirke (arzuya göre)"", ""1 çay kaşığı tuz""]","[""Kırmızı kapya biberlerin çekirdeklerini çıkarın ve yağlı kağıt serili fırın tepsisine dizin. Önceden ısıtılmış 200 derece fırında 15 dakika pişirin. Pişen biberler soğuduktan sonra kabuklarını güzelce"", ""Kapya biberleri iri şekilde doğrayın ve derin bir kaba alın. Üzerine rendelenmiş sarımsağı ilave edin."", ""Maydanoz, dereotu ve iri kıyılmış cevizleri de ekleyin."", ""Üzerine sirke, limon, tuz ve zeytinyağlı karışımını ekleyin."", ""Tüm malzemeleri güzelce karıştırıp servis tabağına alın."", ""Üzerine dereotu serpiştirip, ceviz ile süsleyin. Afiyet olsun!""]"
cd1b9b6d-8026-481a-b3d8-df340d48a7f2,Damla Çikolatalı Kakaolu Kek,Turkey,"Mis gibi kokan, damla çikolatalı kakaolu kek, çay saatlerinin vazgeçilmezi",Tatlı,"[""3 adet yumurta"", ""1,5 su bardağı toz şeker"", ""2 çay bardağı süt"", ""1 çay bardağı ayçiçek yağı"", ""2,5 su bardağı un (elenmiş)"", ""2 tepeleme tatlı kaşığı kakao"", ""2 yemek kaşığı çikolata kreması (sürülebilir çikolata)"", ""1 çay bardağı damla çikolata"", ""1 paket kabartma tozu""]","[""Yumurtaları ve toz şekeri derin bir kapta bir mikser yada çırpma teli yardımıyla toz şeker tamamen eriyip kabarana kadar çırpın."", ""Çikolata kremasını ilave edin."", ""Kabartma tozunu ekleyin."", ""Unu ilave edin ve bir spatula yada çırpma teli yardımıyla karıştırın."", ""Damla çikolataları da ilave edip son kez karıştırın."", ""Tereyağı ile yağladığınız kek kalıbına boşaltın ve 180 derece de önceden ısınmış alt-üst ayarlı fansız fırında 35- 40 dakika pişirin."", ""İçi nemli, yumuşacık damla çikolatalı kekiniz hazır. Afiyet olsun!""]"
986ad5d3-e42b-48d9-88f1-69195897ea04,Banana Bread,Turkey,"Muzlu ekmek, olgun muzlarla hazırlanan nemli ve lezzetli bir tatlıdır",Ana Yemek,"[""4 adet muz"", ""2 adet yumurta"", ""3 yemek kaşığı bal"", ""1 çay kaşığı tarçın"", ""1/2 çay kaşığı kabartma tozu"", ""1/2 çay kaşığı karbonat"", ""7 yemek kaşığı un"", ""100 mililitresüt"", ""10 yemek kaşığı eritilmiş tereyağı"", ""1/2 çay kaşığı tuz""]","[""Muzları çatal yardımı ile geniş bir kapta eziyoruz."", ""Tereyağını eritiyoruz."", ""Yumurtaları içine kırıyoruz."", ""Kabartma tozu, tarçın, tuz ve karbonatı ekliyoruz"", ""Sütün yarını ve unun yarışını koyup karıştırıyoruz."", ""Kalan süt ve unu da koyup çırpıyoruz."", ""Karışımı kek kalıbına alıp üzerine karışık çekirdekleri serpiştiriyoruz."", ""Öncede ısıtılmış 180 derecelik fırında 40 dakika kadar pişirin. Afiyet olsun.""]"
e9fef869-98d2-4696-b419-45419f6f4984,Kuru Yemişli Baharatlı Kraker,Turkey,"Baharatlı nohut ve yer fıstığı ile harmanlanmış çıtır krakerler, atıştırmalık olarak ideal lezzet",Ana Yemek,"[""2 paket kraker (çubuk ya da halka)"", ""200 gram haşlanmış nohut"", ""200 gram yer fıstığı"", ""2 yemek kaşığı ayçiçek yağı"", ""1/2 çay kaşığı tuz"", ""1 çay kaşığı toz kırmızı biber""]","[""Krakerleri küçük parçalar halinde kırın."", ""Haşlanmış nohut, kabuksuz yer fıstığı, tuz, toz kırmızı biber ve ayçiçek yağı ile harmanlayın."", ""Yağlı kağıt ile kapladığınız fırın tepsisine kuru yemişli kraker karışımını yayın."", ""Önceden ısıtılmış 200 derece fırında 15 dakika kadar fırınlayın."", ""Ilındıktan sonra ağzı kapalı bir kapta muhafaza edin ve sevdiklerinizle paylaşın.""]"
954b39f1-9a79-4f9f-ae21-aedf47e17102,Trabzon Pidesi,Turkey,"Karadeniz'in lezzetli pidesi, ince hamuru ve bol malzemeleriyle sofralarınızı şenlendirecek",Börek & Hamur İşi,"[""160 gram un"", ""1/2 su bardağı su (ılık)"", ""1 tatlı kaşığı instant maya"", ""1 çay kaşığı tuz"", ""1 tatlı kaşığı zeytinyağı""]","[""Bir kasede maya, ılık su ve zeytinyağını karıştırın ve 3 dakika bekletin."", ""Unu bir yoğurma kabına alın ve mayalı karışımı unun üzerine dökün."", ""Yoğurduğunuz hamurun üzerine streç film örtüp, 30 dakika mayalanmaya bırakın."", ""Mayalanan hamuru elinizle açabildiğiniz incelikte açın."", ""Kenarlarını bir parmak olacak şekilde içe doğru katlayın."", ""240 derece fırında 5 dakika bu şekilde fırınlayın."", ""5 dakika fırında pişen pideyi fırından çıkarıp üzerine rendelenmiş kolot peyniri ve tel peynirini ekleyip 5 dakika daha fırına verin."", ""Pideyi tekrar fırından çıkarın ve üzerine yumurta ve 1 yemek kaşığı tereyağı ekleyin ve fırını kapatıp sadece mevcut ısısı ile yumurtayı pişirmesini bekleyin. Sarısını çok fazla katılaştırmadan fırınd""]"
5e119903-a35f-403a-a0b0-45d9e8bf3237,Bol Badem Kurabiye,Turkey,"Lezzetli ve besleyici bol badem kurabiyesi, badem ezmesi ve unuyla hazırlanan pratik bir tarif",Tatlı,"[""3 yemek kaşığı badem ezmesi"", ""2 yemek kaşığı Hindistan cevizi unu"", ""6 yemek kaşığı badem unu"", ""1 çay kaşığı vanilya"", ""1 çay kaşığı karbonat"", ""1 çay kaşığı portakal kabuğu tozu"", ""3 yemek kaşığı bal""]","[""Tüm malzemeleri spatula yardımıyla güzelce karıştırıyoruz."", ""Ceviz büyüklüğünde toplar yapıp avuç içimizle hafifçe bastırıyoruz."", ""Aralıklar bırakarak yağlı kağıt serilmiş fırın tepsisine diziyoruz."", ""150 derecelik önceden ısıttığımız fırında 6 dakika pişiriyoruz. Afiyet olsun.""]"
800a4d70-96dd-4444-b535-dcd48abb0bbd,Tahinli Çörek,Turkey,"Tahinli çörek, lezzetli ve yumuşak dokusuyla kahvaltıların vazgeçilmezi olan geleneksel bir hamur işidir",Ana Yemek,"[""1 yemek kaşığı kuru maya"", ""1 yemek kaşığı şeker"", ""3 çay bardağı ılık süt"", ""4,5 su bardağı un"", ""1 çay kaşığı tuz"", ""2 yemek kaşığı tereyağı"", ""1/2 su bardağı sıvı yağ""]","[""Maya, şeker ve sütü karıştırın. Kabın üzerini streçleyerek 10 dakika bekletin."", ""Yoğurma kabına unu alın. Tereyağı, sıvı yağ, tuz ve aktifleşen mayayı ekleyin."", ""Güzelce yoğurduktan sonra üzerini streçleyin ve mayalanması için 1 saat bekletin."", ""Mayalanan hamuru 1-2 kere daha yoğurduktan sonra 12 parçaya ayırın. Her bezeyi merdane yardımıyla küçük küçük açın."", ""Üzerine tahinli karışımı sürüp rulo haline getirin ve gül şeklinde sarın."", ""Yumurta sarısını sürün cevizleri serpin 180° önceden ısıtılmış fırında yarım saat pişirin."", ""İlk sıcağa çıkan çörekleri dilediğiniz gibi servis edebilirsiniz. Afiyet olsun.""]"
bbb9a208-d288-46aa-add6-bf54d1090984,Siyez Bulgurlu Zerde Tatlısı,Turkey,Geleneksel zerde tatlısının siyez bulguruyla yapılan sağlıklı ve lezzetli versiyonu,Tatlı,"[""700 ml su"", ""80 gram siyez bulguru"", ""100 gram toz şeker"", ""1 tatlı kaşığı safran"", ""1 çay kaşığı toz zerdeçal"", ""40 gram soyulmuş iç badem"", ""1 çay kaşığı tuz"", ""2 yemek kaşığı nişasta""]","[""Suyu bir tencereye alıp siyez bulgurunu ekleyip kaynatmaya başlayın."", ""Siyez bulgurumuz haşlanınca safran, zerdeçal, toz şeker ve tuz ilave edip bir taşım daha birlikte kaynatın."", ""Nişastayı az bir su ile açıp kaynayan zerdeye kıvam alıncaya kadar dökün."", ""İstede bağlı olarak isterseniz içerisine, isterseniz de üzerine badem atarak zenginleştirebilirsiniz. Afiyet olsun.""]"
d5650052-1fdf-4581-9d7c-6f4f5fa39266,Çikolatalı Granola,Turkey,Ev yapımı çikolatalı granola ile kahvaltılarınızı lezzetlendirin. Kıtır yulaf ve bitter çikolatanın mükemmel uyumu,Tatlı,"[""1 su bardağı yulaf ezmesi"", ""40 gram bitter çikolata"", ""3 tatlı kaşığı pekmez"", ""3 tatlı kaşığı tereyağı""]","[""İlk olarak tereyağını benmari usulü eritiyoruz. Bitter çikolatamızı bıçak yardımı ile küçük parçalara ayırıyoruz."", ""Yulaf ezmesi, parçalara ayırdığımız çikolataları ve fıstık içini derin bir kaba alıyoruz ve güzelce karıştırıyoruz."", ""Üzerine 1 Türk kahvesi fincanı süt, pekmez ve tereyağını ilave ediyoruz, Islanmamış kısmı kalmamalı."", ""Yağlı kağıt serdiğimiz tepsiye incecik olacak şekilde karışımı yayıyoruz."", ""Önceden ısıtılmış fırında 20 dakika kontrollü bir şekilde karıştırarak pişiriyoruz.""]"
e198a8c2-91d3-4462-bc57-08772d0d5842,Ev Yapımı Ekmek,Turkey,Ev yapımı ekmek tarifimizle fırınınızda harika bir lezzet yaratın. Kolay adımlarla mis gibi ekmek yapmanın keyfini çıkarın,Börek & Hamur İşi,"[""1 kilogram un"", ""400 mililitresu"", ""1 silme tatlı kaşığı kuru maya"", ""2 çay kaşığı tuz"", ""3 çay kaşığı sarımsak tozu"", ""3 çay kaşığı kekik"", ""1 çay kaşığı değirmende çekilmiş tane kara biber""]","[""Unu karıştırma kabımıza alalım."", ""Üzerine kuru maya, şeker, tuz, zeytinyağı, sarımsak tozu, kekik, karabiberi ekleyelim ve homojen olana kadar karıştıralım."", ""Ele yapışmayacak kıvama geldiğinde beş dakika yoğurup güzel bir yuvarlak haline getirelim."", ""Üzerine biraz zeytinyağı damlatıp elimizle yayalım."", ""Nemli bir havluyla hamura çok bastırmayacak şekilde üzerini kapatıp iki buçuk saat mayalanmaya bırakalım."", ""İki buçuk saat sonra hamuru açıp bir tur daha yoğuralım ve yağlı kağıt serilmiş fırın tepsisine alalım."", ""Üzerine tekrar biraz zeytinyağı sürüp yarım saat daha üzeri açık mayalandıralım."", ""Üç saat mayalanmış hamurumuzun üzerine un serpelim ve sivri bir bıçak yardımıyla istediğimiz şekli çizelim."", ""Önceden alt üst fanı açık ve 225 dereceye ısıtılmış fırında 15 dakika daha sonra ısıyı 200 dereceye çekerek pişirelim. Afiyet olsun.""]"
4eefe676-4e95-4479-b80f-4f2fa83955d7,Kremalı Sarımsaklı Çorba,Turkey,"Sarımsağın benzersiz aromasıyla hazırlanan, kremsi dokusuyla damaklarda tat bırakan lezzetli bir çorba",Çorba,"[""1 adet soğan"", ""2 adet havuç"", ""4 yemek kaşığı sıvı yağ"", ""2 yemek kaşığı un"", ""1 su bardağı et suyu"", ""5 su bardağı sıcak su""]","[""Orta boy tencereye sıvı yağımızı küp küp doğranmış soğanımızı alarak kavuruyoruz."", ""Küp küp doğramış olduğumuz havuç sarımsakları koyarak kısık ateşte biraz daha kavurarak unumuzu ilave ederek kokusu çıkana kadar kavuruyoruz."", ""Üzerine et suyu sıcak suyu ilave ederek havuçlar yumuşayana kadar pişiriyoruz."", ""Blenderden geçirip bir kutu kremayı ilave ederek 2 dakika daha kaynatıyoruz."", ""Servis ederken tereyağı ile kırmızı toz biberi kızdırıyoruz üzerine ilave ediyoruz. Afiyet olsun.""]"
5539e400-f1ab-4295-941d-d9892767b5b8,Yoğurtlu Kereviz Salatası,Turkey,"Ferahlatıcı ve lezzetli yoğurtlu kereviz salatası, sağlıklı atıştırmalık veya meze olarak ideal",Salata,"[""2 adet kereviz (küçük boy)"", ""1 adet havuç"", ""5 yemek kaşığı yoğurt"", ""1/2 çay kaşığı tuz"", ""1 tatlı kaşığı mayonez (isteğe bağlı)"", ""1/2 adet kereviz yaprağı"", ""7 adet ceviz içi"", ""1 yemek kaşığı zeytinyağ""]","[""Öncelikle kerevizlerinizi soyun. Kararmaması için limonlu suya koyun."", ""1 adet havuç alun ve kabuklarını soyun. Blenderde kereviz ve havucunuzu rendeleyin. Tavaya 1 yemek kaşığı zeytinyağ koyun. Kereviz ve havucu ilave edin ve 10 dakika soteleyin."", ""Derin bir kasede yoğurt , tuz , sarımsak ve isteğe bağlı olarak mayonezi güzelce karıştırın."", ""Sotelenen kereviz ve havucu soğumaya bırakın. Bu arada içine kereviz yapraklarını doğrayıp ilave edin. Onun sıcaklığı ile yapraklarda biraz pişecektir. Son olarak cevizleri ekleyip yoğurt karışımına i""]"
c18736aa-1a53-449c-a4ca-f94311265c00,Çıtır Mantı,Turkey,Kıymalı harcı ile hazırlanan ve fırında çıtırlaşan geleneksel Türk lezzeti,Börek & Hamur İşi,"[""400 gram kıyma"", ""2 adet orta boy soğan"", ""1 yemek kaşığı sarımsaklı yoğurt (arzuya göre)"", ""1 yemek kaşığı tereyağlı sos (naneli, pul biberli) (arzuya göre)""]","[""Milföy hamurları buzluktan çıkartılır, çözdürülür."", ""Kıyma soğan ve baharatlar karıştırılır."", ""Her bir kare milföy dörde bölünür."", ""Minik karelerin içine bolca kıymalı harç konur."", ""Küçük toplar halinde şekil verilip kapatılır."", ""Fırın 200 derecede önceden ısıtılır. Mantılar fırın tepsisine dizilir. Üzerileri kızarana kadar pişirilir. Afiyet olsun.""]"
eeba3f0e-530d-4d5c-b9fb-b55e357820cf,Airfryer'da Yoğurtlu Tatlı,Turkey,"Airfryer'da hazırlanan pratik ve lezzetli yoğurtlu tatlı, çıtır dışı ve yumuşak içiyle damakları şenlendiriyor",Tatlı,"[""4 yemek kaşığı yoğurt"", ""1 adet yumurta"", ""2 yemek kaşığı pudra şekeri"", ""1 yemek kaşığı mısır nişastası"", ""2 adet çilek""]","[""Sıcağa dayanıklı ufak bir kasede yoğurt, yumurta, pudra şekeri ve nişastayı pürüzsüz olana kadar karıştırın."", ""Çilekleri ortadan ikiye bölüp karışımın üstüne yerleştirin ve file badem serpip 150 derecede ısıtılmış hava fritözünde 25-30 dakika üzeri kızartıp kıvam alana kadar pişirin. Bu işlemi dilerseniz fırın"", ""Tatlınızı 5-10 dakika dinlendirin, ılık olarak servis edin.""]"
4d1739cd-6829-4ae4-bc44-753df5aba1bd,Brownie Kek,Turkey,Çikolatalı ve lezzetli brownie kek tarifi,Tatlı,"[""2 adet yumurta"", ""1 su bardağı toz şeker"", ""1 su bardağı süt"", ""1 su bardağı sıvı yağ"", ""3 tepeleme yemek kaşığı kakao"", ""2 su bardağı un"", ""1 paket kabartma tozu"", ""1 paket vanilya"", ""1 paket çikolata sosu"", ""1 tatlı kaşığı (tepeleme) Antep fıstığı tozu""]","[""Yumurta ve şekeri derin bir kapta iyice kabarana kadar çırpın."", ""Ardından sıvı yağ, süt ve unu ekleyip tekrar çırpmaya devam edin."", ""Kakaoyu da ekleyip iyice pürüzsüz olana kadar çırpın ve ardından vanilya ve kabartma tozunu ekleyin çırpmaya devam edin."", ""Kek kalıbını hafif ıslatın ve brownie harcını içine dökün, her tarafına eşit şekilde dağılsın."", ""Önceden ısıtılmış fırında, yarım saat pişirmeye bırakın. Piştikten sonra sıcaklığının gitmesini bekleyin."", ""Çikolata sosunu, paketteki ölçülerle yapın. Hatta bir bardak eksik süt koyabilirsiniz daha koyu bir kıvam alması için."", ""Puding kıvamı alan sosun da altını kapattıktan sonra, birkaç kere çevirip biraz soğutun. Kekin üzerine gezdirin."", ""Süslemek için ben Antep fıstığı tozu kullandım, isteyen başka bir şey kullanabilir, tamamen sizin hayal gücünüze kalmış, afiyet olsun.""]"
d7c8ea7e-abf8-43a6-ac00-60928403a932,Havuçlu Kafes Kurabiye,Turkey,"Havuçlu kafes kurabiye, havuçun tatlılığı ve tereyağının zenginliğiyle harmanlanmış, çıtır çıtır bir lezzet şöleni sunan özel bir kurabiye tarifi",Tatlı,"[""65 gram tereyağı (oda sıcaklığında)"", ""65 gram margarin"", ""1 çay bardağı sıvı yağ"", ""1 çay bardağı yoğurt"", ""1 paket vanilya şurubu ya da toz vanilin"", ""1 çay kaşığı kabartma tozu"", ""4 su bardağı un"", ""5 adet havuç"", ""1 çay bardağı toz şeker"", ""1 çay bardağı ceviz içi (iri çekilmiş)"", ""1 tatlı kaşığı tarçın"", ""1 çay bardağı pudra şekeri""]","[""Öncelikle iç harcını hazırlayalım. Bunun için havuçları yıkayıp, soyun ve rendeleyin. Rendelediğiniz havuçları yapışmaz tabanlı bir tavaya alın, ocağın altını açın."", ""İçine toz şekeri ilave edip, havuçlar suyunu salıp tekrar çekene tek karıştırarak pişirin."", ""Piştikten sonra içine cevizleri ve tarçını ilave edip karıştırın ve ocağın altını kapatıp soğumaya bırakın."", ""Hamuru için ; un hariç diğer malzemeleri bir kaba alın ve unu yavaş yavaş ilave ederek ele yapışmayan, kulak memesi kıvamında bir hamur elde edene dek yoğurun."", ""Yoğurduğunuz hamuru 3 eşit bezeye ayırın. Her bir bezeyi un serpilmiş tezgahta yaklaşık 2 cm inceliğinde açın."", ""Açtığınız hamuru bir su bardağı yardımıyla yuvarlak yuvarlak kesin. Her bir kurabiye için iki adet yuvarlağa ihtiyacımız var."", ""Yuvarlaklardan birinin ortasına hazırladığınız iç harçtan hafif tepeleme olacak şekilde koyun. Diğer yuvarlağın üstüne bir bıçak yardımıyla kesikler atın ve iç harç koyduğunuz yuvarlağın üstüne kapatı"", ""Dışta kalan hamur parçalarını kesmek için, üst üste kapattığınız yuvarlakların üstüne bir çay bardağını kapatın ve hafifçe bastırarak şeklini sabitleyin."", ""Hazırladığınız kurabiyeyi, yağlı kağıt serilmiş fırın tepsinine yerleştirin."", ""Bu şekilde tüm kurabiyeleri hazırlayıp tepsiye yerleştirin."", ""Önceden ısıtılmış 180 derece fırında, üstleri hafifçe kızarana dek yaklaşık 15 dakika pişirin."", ""Kurabiyeleri fırından alın ve soğuduktan sonra üstlerine pudra şekeri serperek servis edin.""]"
37960bd9-d5b1-4cf4-91be-f28e0abc137d,Fincanda Sufle,Turkey,Fincanda pişirilen pratik ve lezzetli sufle tarifi. Çikolatalı veya vanilyalı olarak hazırlanabilir,Ana Yemek,"[""1 adet yumurta"", ""1 çay bardağı toz şeker"", ""1 çay bardağı süt"", ""1 çay bardağı sıvı yağ"", ""1 su bardağı un"", ""2 yemek kaşığı kakao"", ""1/2 paket kabartma tozu"", ""120 gram bitter çikolata""]","[""Yumurta ve şekeri çırpın. Süt ve yağı ekleyip karıştırın. Un, kakao ve kabartma tozunu da ekleyin."", ""Isıya dayanıklı kaplara ya da porselen fincanlara kek harcını dökün. İçerisine 2 parça bitter çikolata ekleyin."", ""Tencereye çok az su ekleyip kaynatın. Kaynadıktan sonra fincanları koyun. Üzerine temiz bir bez örtün."", ""Kapağını kapatın. Orta ateşte 10-12 dakika pişirin. Üzerine pudra şekeri serperek servis edebilirsiniz.""]"
94da87a5-b017-45c2-a7dc-0521cce271de,Püreli Misket Köfte,Turkey,"Kıyma, soğan ve ekmek içinden hazırlanan lezzetli misket köfteler, patates püresi eşliğinde sunuluyor",Ye,"[""500 gram kıyma"", ""1 adet soğan"", ""1 su bardağı ekmek içi"", ""2 çay kaşığı tuz"", ""1 çay kaşığı karabiber"", ""2 çay kaşığı kimyon"", ""6 adet patates"", ""1 su bardağı süt"", ""1/4 çay kaşığı muskat cevizi rendesi"", ""1/2 su bardağı rendelenmiş kaşar peyniri"", ""1 adet domates rendesi"", ""1 çay kaşığı toz şeker""]","[""Bir kaba kıymayı alın ve içerisine rendelenmiş soğanı ekleyin. Tuz, karabiber, kimyon ve ekmek içini ekleyip güzelce yoğurun. Ardından küçük toplar hazırlayıp dolaba kaldırın."", ""Patatesleri yıkadıktan sonra bir tencereye alın ve yumuşayana kadar haşlayın. Sonrasında güzelce ezin."", ""İçerisine tereyağı, muskat rendesi, tuz, süt ve kaşar peynirini ekleyip pürüzsüz olana kadar karıştırın."", ""Köfteleri kızgın yağda kızartın ve tabaklara eklediğiniz pürelerin üzerine ilave edin."", ""Tereyağı eklediğiniz tavaya domates rendesini, salçayı, tuz ve şekeri ekleyin. Bir çay bardağı su ekleyip kaynattıktan sonra köftelerin üzerine dökün. Yemek hazır. Afiyet olsun!""]"
f8e50769-0f8a-4e23-a7b2-319dfc44b924,Glutensiz Yılbaşı Ağacı Ekmeği,Turkey,Glutensiz yılbaşı ağacı şeklinde sunulan lezzetli ve sağlıklı bir ekmek tarifi,Ana Yemek,"[""1 su bardağı Hindistan cevizi sütü"", ""1 su bardağı su"", ""1 çay bardağı Hindistan cevizi şekeri"", ""3 çay kaşığı instant maya"", ""2 çay kaşığı karnıyarık otu"", ""1 yemek kaşığı Hindistan cevizi yağı"", ""2 çay kaşığı tuz"", ""4-5 su bardağı çiğ karabuğday unu""]","[""Ilık sütü, ılık suyu, şekeri ve kuru mayayı bir kapta karıştıralım, 10 dakika bekletelim. Köpük köpük olsun. Daha sonra kabımıza önce 3 su bardağı çiğ karabuğday ununu, karnıyarık otu tozunu ve tuzu e"", ""İyice karıştırdıktan sonra yavaş yavaş Hindistan cevizi yağını da ekleyelim. 10 dakika kadar daha karıştıralım. Hamur toparlanmaya başladığında mayalanması için üzerine streç film çekelim yarım saat k"", ""Daha sonra elimizi zeytinyağı ile az az yağlayarak cevizden biraz daha büyük olacak şekilde hamurdan koparıp, yuvarlayalım. (Elimize yapışmasın diye yağlıyoruz çünkü ne kadar az un o kadar iyi) Yağlı"", ""10 dakika kadar tepside mayalanması için bekletelim. Sonra yumurta sarısını sürerek 180 derecede yaklaşık 35-40 dakika kadar pişirelim. Çıkar çıkmaz Hindistan cevizi yağı sürelim ki parlasın. Sunum es""]"
94caaf06-33b7-46e1-8708-8917351f1422,Elmalı Milföy Tart,Turkey,Cıvıltılı milföy hamurunun içinde şerbetlenmiş elma dilimleriyle hazırlanan pratik ve lezzetli bir tatlı,Ana Yemek,"[""1 adet yeşil elma"", ""1 adet milföy hamuru"", ""1 yemek kaşığı toz şeker"", ""1 tatlı kaşığı toz tarçın"", ""1 adet yumurta sarısı"", ""1 yemek kaşığı pudra şekeri"", ""1 tatlı kaşığı bal""]","[""Kişi sayınıza göre milföyleri yağlı kağıt serdiğini tepsinize aralıklı bir şekilde bırakın ve oda sıcaklığında biraz yumuşamasını bekleyin."", ""Bu sırada şekeri ve tarçını bir kapta iyice karıştırın. Elmayı dilimleyin."", ""Sonra çatal yardımıyla milföylerde delikler açıp üzerine yumurta sarısı sürün."", ""Ardından milföylerin üzerine şekerli tarçın karışımından serpin ve dilimlediğiniz elmalardan üzerine koyun."", ""Tekrar üzerine şekerli tarçın karışımından serpin."", ""Elmalara bir tatlı kaşığı bal da dökebilirsiniz."", ""Bu işlemi kullandığınız milföyler bitene kadar yapın."", ""Önceden ısıtılmış 180 derece fırında 20-25 dakika pişirin. Fırından fırına fark olabilir."", ""Arada kontrol yapın. Servis ederken de üzerine pudra şekerini minik bir süzgeç yardımıyla serpiştirin. Afiyet olsun.""]"
cf9319e0-e5b0-4615-9588-923367581131,Narçiko,Turkey,Nar taneleri ve bitter çikolatanın muhteşem uyumuyla hazırlanan kolay ve lezzetli bir tatlı,Ana Yemek,"[""120 gram bitter çikolata"", ""1 adet nar"", ""1 tatlı kaşığı Hindistan cevizi yağı""]","[""Öncelikle narı temizliyoruz."", ""Çikolatayı benmari usulü eritiyoruz. Hindistan cevizi yağını ekliyoruz."", ""Narları silikon cupcake kaplarına birer kaşık olacak şekilde paylaştırıyoruz. Kap yoksa yağlı kağıt üzerine öbek öbek koyuyoruz."", ""Narların üzerini kapatacak şekilde erimiş çikolata döküyoruz."", ""Daha sonra donması için dondurucuya kaldırıyoruz. 1 saatin ardından tüketebilirsiniz. Afiyet olsun.""]"
eede2c9c-a7f0-4ffd-8255-57203ff462d0,Orman Kebabı,Turkey,"Orman kebabı, et ve sebzelerin harmanlandığı, lezzetli ve doyurucu bir fırın yemeğidir",Et Yemekleri,"[""500 gram dana kuşbaşı eti (ya da kuzu kuşbaşı)"", ""2 adet orta boy soğan"", ""2 adet havuç"", ""2 adet patates"", ""1 yemek kaşığı salça"", ""2 yemek kaşığı un"", ""3 yemek kaşığı zeytinyağı"", ""1 çay kaşığı tuz"", ""1 çay kaşığı karabiber"", ""1 tatlı kaşığı kekik"", ""1/4 çay bardağı zeytinyağı (kekik ısıtmak için)""]","[""Orman kebabı için kuşbaşı etleri 1 yemek kaşığı zeytinyağı ve 2 yemek kaşığı un ile karıştırın."", ""Teflon bir tencerede kalan 2 yemek kaşığı zeytinyağı kızdırıp üzerine etleri atıp kavuralım. Etler suyunu çekince bir tabağa alın."", ""Aynı teflon tencerenin içinde büyükçe doğradığınız soğanları kavurun. Bu aşamada dilerseniz biraz daha zeytinyağı ekleyebilirsiniz. Daha sonra üzerine doğradığınız havuçları atıp kavurmaya devam edin."", ""Malzemeler kavrulunca etleri, 1 yemek kaşığı salçayı ve 1 yemek kaşığı terayağı ekleyip kavurun."", ""Üzerini geçecek kadar sıcak su ekledikten sonra tuzunu ve karabiberini de ekleyip etler iyice yumuşayana kadar pişirin."", ""Etler iyice yumuşadıktan sonra bezelyeleri ekleyin. Etlerin iyice pişip pişmediğini mutlaka kontrol edin."", ""Kalan 1 yemek kaşığı terayağında bolca kekik kavurup yemeğin üzerine gezdirin."", ""Orman kebabı hazır. Yemeğinizi ocaktan alın. Dilediğiniz gibi servis edebilirsiniz. Afiyet olsun.""]"
a4b9f3c0-f561-4fee-8392-d0aa454cee62,Hamsi Marine,Turkey,Hamsilerin elma sirkesi ve tuzla marine edilerek hazırlanan lezzetli ve pratik bir mezze tarifi,Balık & Deniz Ürünleri,"[""500 gram hamsi (temizlenmiş, kılçıksız)"", ""2 yemek kaşığı tuz"", ""1 su bardağı elma sirkesi"", ""1/2 su bardağı su"", ""1,5 su bardağı zeytinyağı"", ""1 tatlı kaşığı tane karabiber"", ""2 adet acı kuru biber""]","[""Temizlenmiş hamsileri geniş bir süzgece derileri altta kalacak şekilde bir kat yerleştirin. Tüm yüzeylere gelecek şekilde tuz serpin ve balıklar bitene kadar bu işlemi kat kat dizerek uygulayın."", ""Süzgecin üstünü streçle kapatın,süzgecin altına bir tabak yerleştirin ve 2 saat buzdolabında dinlendirin."", ""Balıkları buzdolabından çıkartın ve geniş bir kaseyi buzlu suyla doldurup balılları içine batırarak fazla tuzundan arındırın. Balıkları tekrar dikkatlice süzgece alın ve 15-20 dakika süzdürün."", ""Hamsileri geniş bir tepsiye derileri altta kalacak şekilde yerleştirin. Elma sirkesi ve suyu karıştırıp balıkların üstüne dökün. Tepsinin üstünü streç filmle kapatıp 12 saat buzdolabında bekletin."", ""Hamsileri buzdolabından çıkartın tekrar dikkatlice süzün. Hamsileri yeni ve temiz bir tepsiye almadan önce tepsinin tabanına ince bir kat zeytinyağı gezdirin. Hamsileri aralarında bolca zeytinyağı ola"", ""Son olarak ince dilimlenmiş sarımsakları, tane karabiberleri ve çekirdeksiz parçalar halinde kuru acı biberleri de ekleyin. Son olarak hiç hava boşluğu kalmadağına emin olana kadar zeytinyağı ekleyin."", ""Hamsi marineneniz 2 saatin ardından yenmeye hazır hale gelecek. Bu mezeyi 15 gün boyunca buzdolabında saklayabilirsiniz."", ""Servis etmeden önce dilediğiniz kadar hamsiyi tabağa alın 10-15 dakika oda sıcaklığına gelmesini bekleyin. Böylelikle dolapta sertleşen zeytinyağı tekrar sıvı hale gelecektir. Servis ederken yanında d""]"
bc079ed3-ff2f-47f0-b9bf-9b5344cdb75f,Tepsi Et,Turkey,"Kıyma ve soğanın enfes uyumuyla hazırlanan, sevdiklerinize ikram edebileceğiniz lezzetli bir yemek",Et Yemekleri,"[""500 gram kıyma"", ""2 adet soğan"", ""1 çay kaşığı tuz"", ""1 çay kaşığı baharat karışımı"", ""1 ajda çay bardağı salçalı su""]","[""Soğanları küçük küçük doğrayalım."", ""Maydanozları da doğrayalım."", ""Baharat ve kıymayı ekleyip yoğuralım."", ""Dileğe göre üstünü soğan, patates, domates ile süsleyip fırınlayalım. Afiyet olsun.""]"
c10ee1d0-bf71-401d-bb19-2bb84f3c3f44,Windbeutel,Turkey,"Hafif ve gözenekli yapısıyla klasik Fransız pastası Windbeutel, çay saatlerinin vazgeçilmezi",Ana Yemek,"[""250 mililitresu"", ""50 gram tereyağı"", ""1/4 çay kaşığı tuz"", ""1 silme tatlı kaşığı şeker"", ""200 gram un"", ""5 adet orta boy yumurta""]","[""Hamuru için derin ve kalın tabanlı bir tavada suyu, tereyağını, şekeri ve tuzu bir taşım kaynatın."", ""Kaynayan karışıma unu ekleyin. Kısık ateşte, karışım pürüzsüz ve kuru bir hal alana kadar hamuru pişirin. Hamuru derin bir karıştırma kabına alıp tahta kaşık yardımı ile ılıyana kadar ara ara havaland"", ""Hamur ılınınca yumurtaları tek tek ekleyip hamura yedirin. Hamur koyu, esnek ve pürüzsüz bir hal alana kadar işleme devam edin. Hamuru tırtıklı uç taktığınız bir sıkma torbasına alın."", ""Tepsiye yağlı kağıt serin. Hamuru, aralarında boşluk kalacak şekilde, içi dolu büyük daireler çizerek sıkın. Kalan hamuru, tek bir halka daha olacak şekilde hamurların üzerine sıkın."", ""Fırını önceden fansız olarak 200 derecede ya da fanlı olarak 180 derecede ısıtın. Fırının tabanına bir kapta ya da tepside sıcak su koyun ve hamurları fırının orta rafına koyup kızarana kadar 35 - 40"", ""Hamurlar pişince fırını kapatın ama kapağını açmayın. Kapağını bir tahta kaşık yardımı ile hafifçe aralayın ve biriken buharın çıkmasına izin verin. Bu şekilde 20 - 25 dakika bekletin."", ""Bu esnada soğuk süt ve toz krem şantiyi çırparak sert bir kıvama getirin. Kremayı tırtıklı uç takılmış bir sıkma torbasına alıp buzdolabında bekletin."", ""Çilekleri yıkayıp fazla suyunu peçete yardımı ile alın, uzun dilimler halinde doğrayın."", ""Soğuyan hamurları tepeye yakın olacak şekilde ikiye bölün."", ""Alt kata bir kat krem şanti sıkın, üzerine üç kat çilek dizin ve son olarak bolca krem şanti sıkıp kapak kısmını koyup hafifçe bastırın."", ""Servis tabağına aldığınız tatlıya bolca pudra şekeri serpip afiyetle yiyebilirsiniz.""]"
a760aa1a-f7df-4a05-a424-4fd147d4b316,Şekersiz Krema Dolgulu Krep,Turkey,Şekersiz krema dolgulu lezzetli krep tarifi. Tam buğday unu ve bal ile sağlıklı bir atıştırmalık,Ana Yemek,"[""1 adet yumurta"", ""3 yemek kaşığı tam buğday unu"", ""2 yemek kaşığı bal"", ""1/2 su bardağı süt"", ""1 yemek kaşığı kakao""]","[""Hamurun tüm malzemelerinin hepsini karıştırıyoruz."", ""Arkalı önlü krep tavasında pişiriyoruz."", ""Kremayı karıştırıp dolapta dinlendiriyoruz."", ""Sonra hazır olan kreplere sürüyoruz. Afiyet olsun.""]"
502bfb48-ebba-48cc-87dc-e3f2a8684542,Tuzlu Bomba,Turkey,"Lezzetli baharatlarla harmanlanmış, çıtır çıtır tuzlu bombalar. Pratik ve doyurucu atıştırmalık",Ana Yemek,"[""1,5 büyük çay bardağı tam buğday unu"", ""1/2 büyük çay bardağı su"", ""1 tutambaharat karışımı (arzuya göre; kekik, tatlı kırmız""]","[""İlk adımda ince kesilmiş kaşarları/cheddarları minik yuvarlak şekiller ile kesin."", ""Peynirler hariç; diğer malzemeleri karıştırıp hamuru yoğuruyorun, bir 15 dakika kadar buzdolabında dinledirin. Çıkardığımızda ceviz büyüklüğünde parçalar koparıp, merdane/şişe ile açın."", ""İçine kaşar/cheddarı ekleyip kapatıyor, ucunda kalan fazlalığı alıp yuvarlıyoruz."", ""Önceden ısıtılmış 200 derecelik fırında 7-8 dakika kadar pişiriyoruz. Toplam 9 adet çıktı, daha çok yapmak istiyorsanız ölçüleri aynı oranda artırabilirsiniz. Afiyet olsun!""]"
a60f2d12-1d00-4887-91c2-531e0eb512c1,Kolay Karnabahar Kızartması,Turkey,"Çıtır çıtır karnabahar kızartması, pratik ve lezzetli bir atıştırmalık",Sebze Yemekleri,"[""2 adet küçük boy karnabahar"", ""1 su bardağı sıvı yağ"", ""5 yemek kaşığı un"", ""1 çay kaşığı tuz"", ""1 su bardağı (2 parmak eksik) süt"", ""1 çay bardağı soda"", ""1 su bardağı yoğurt"", ""2 adet büyük diş sarımsak""]","[""Karnabaharların çiçeklerini ayıklayıp yıkayın, sıcak suda 8-10 dakika kaynatıp süzün."", ""Ayrı bir kapta un, süt, soda, yumurta ve tuzu çırpın, haşlanan karnabaharlara bulayın."", ""1,5 su bardağı kızgın sıvı yağda karnabaharlarınızı kızartın. Afiyet olsun.""]"
9034fcb2-89ad-4f8d-aef1-f602813f0b30,Izgara Köfte,Turkey,Lezzetli ızgara köfteler için pratik ve kolay tarif. Mükemmel kıvamda köfteler için ideal malzeme kombinasyonu,Et Yemekleri,"[""600 gram orta yağlı kıyma (dana-koyun karışık)"", ""1 adet küçük boy kuru soğan"", ""1 adet yumurta"", ""1 çay kaşığı kimyon"", ""1/2 çay kaşığı tuz"", ""1/2 çay kaşığı karabiber""]","[""Orta yağlı 600 gram kıymayı karıştırma kabına alın. İçerisinde 1 yumurta, 1 adet rendelenmiş kuru soğan, 1 dilim bayat ekmek içi, 1 çay kaşığı kimyon, yarım çay kaşığı tuz ve karabiberi katın."", ""Tüm malzemelerini eklediğiniz köfte harcını kıvam alıp, toparlanana kadar yoğurun ve üzerine streç film kapatıp en az yarım saat buzdolabında dinlendirin."", ""Köfte harcından ceviz büyüklüğünde parçalar kopartın"", ""Su ile ıslattığınız ellerinizle köftelere yassı şeklini verin."", ""Köfteleri yağladığınız kızgın tavaya dizin."", ""Ters yüz ederek pişirmeye başlayın. Tüm köfteler pişirilene kadar bu işleme devam edin."", ""Köfteleriniz hazır, sıcak sıcak servis edebilirsiniz. Afiyetler olsun.""]"
e10acd13-fb6b-4f93-9542-9b23539fbc8c,Yulaflı Puding,Turkey,"Sağlıklı ve lezzetli yulaflı puding, kahvaltıda veya ara öğünde mükemmel bir seçenektir",Ana Yemek,"[""250 mililitresüt"", ""1 tatlı kaşığı bal"", ""5 yemek kaşığı yulaf ezmesi"", ""1 çay kaşığı (silme) toz kakao""]","[""Süt, yulaf, kakao ve balı küçücük bir tencere ya da cezvenin içine alıyoruz ve karıştırıyoruz."", ""Süt kaynayıp, yulaf kıvam verdikçe karıştırmaya devam ediyoruz."", ""Ocaktan aldığımız sütlü karışımın içine çikolata parçalarını ilave edip erimelerini sağlıyoruz. Çok uzun sürmeyecektir."", ""Dileğimiz bir servis kabına alıp biraz oda sıcaklığına gelmesini bekliyor ve ardından yarım saat dolapta soğumasını bekliyoruz."", ""Dolaptan çıkartıp dilediğiniz gibi servis edebilirsiniz. Afiyet olsun.""]"
e991c9e9-a042-4b52-af96-375bd2e42ee7,Kremalı Domates Çorbası,Turkey,"Lezzetli ve doyurucu kremalı domates çorbası, domateslerin taze tadını kremanın yumuşaklığıyla birleştirir",Çorba,"[""6 adet domates"", ""2 yemek kaşığı domates salçası"", ""2 yemek kaşığı un"", ""1 yemek kaşığı tereyağı"", ""1 adet kuru soğan"", ""2 su bardağı süt"", ""2 su bardağı tavuk suyu"", ""4 su bardağı su"", ""1 paket krema"", ""1 çay kaşığı tuz-karabiber"", ""1 çay kaşığı pul biber""]","[""Tenceremizi ocağa alalım.Tereyağı eritip unu kokusu çıkana kadar kavuralım."", ""Salçamızı ekleyip kavurmaya devam edelim. Domateslerin kabuğunu soyup rendeleyelim. Tenceremize ekleyelim."", ""Sarımsak ve soğanı küçük küçük doğrayıp ilave edelim. Süt ve baharatları ekledikten sonra 2 su bardağı tavuk suyu, 4 su bardağı su ekleyelim.Toplamda 6 su bardağı olacak."", ""20 dakika kadar kaynadıktan sonra blenderdan geçirelim."", ""Pürüzsüz olan çorbamıza en son kremayı ekleyip 5 dakika kadar kaynatalım. Yoğunluğuna göre sıcak su ekleyebilirsiniz."", ""Üzerine kaşar rendeleyerek servis edebilirsiniz.Afiyet olsun.""]"
5273832b-4313-47fd-aab6-c6c2e6649a73,Beyaz Çikolatalı Brownie,Turkey,"Kıvamında bitter çikolata ve beyaz çikolata parçacıklarıyla harmanlanmış, çikolata severler için vazgeçilmez bir lezzet",Tatlı,"[""6 tepeleme yemek kaşığı tereyağı"", ""100 gram bitter çikolata"", ""2 adet orta boy yumurta"", ""1 çay bardağı şeker"", ""1 su bardağı un"", ""1 paket vanilya"", ""40 gram beyaz çikolata (üzeri için)""]","[""Tereyağını bir sos tenceresinde kısık ateşte eritin ardından altını kapatın ve içini iri kıydığınız bitteri ekleyin ve karıştırın."", ""Derin bir kasede 2 yumurtayı mikserle veya el mikseri ile iyice çırpın."", ""Yumurtalara çikolata karışımını da ekleyip ardından 1 su bardağı beyaz un ve 1 paket vanilyayı da ekleyip spatula ile karıştırın."", ""İnce bir tabaka halinde 27 cm lik fırın kabına yayın."", ""Üzerine gelişigüzel iri kıyılmış ceviz ve kıydığınız beyaz çikolatayı batırın."", ""Önceden ısıtılmış 180 derecelik fırında pişirin. Afiyet olsun.""]"
cac3883d-095d-43df-9a82-87cfa374bb8b,Elmalı Avokado Salatası,Turkey,"Taze ve ferahlatıcı elmalı avokado salatası, hem doyurucu hem de sağlıklı bir seçenek",Salata,"[""2 adet orta boy olgun avokado"", ""2 adet orta boy yeşil elma"", ""1 adet orta boy kırmızı elma"", ""1 yemek kaşığı tuzsuz kabak çekirdeği (ayıklanmış)"", ""3 yemek kaşığı zeytinyağı"", ""1 yemek kaşığı taze sıkılmış limon suyu"", ""1 tatlı kaşığı sumak"", ""1/2 çay kaşığı tuz""]","[""Ortadan ikiye kesip çekirdeklerini çıkardığınız avokadoların kabuklarını soyun. Küp şeklinde doğradığınız avokadoları kararmaması için limon suyuyla buluşturun."", ""Bol suda yıkayıp fazla suyunu süzdürdüğünüz taze soğanları yeşil yapraklarıyla birlikte incecik doğrayın."", ""Kabuklarını soyduğunuz ekşi yeşil elmaları küp şeklinde kesin. Dört eşit parçaya bölüp çekirdekli kısımlarını temizlediğiniz kırmızı elmaları da yeşillerle uyumlu olacak şekilde dilimleyin."", ""Doğradığınız tüm salata malzemelerini geniş bir kaseye alıp tuz, ayıklanmış kabak çekirdeği ve sumak ilavesiyle karıştırın."", ""Servis tabağına aldığınız salatayı zeytinyağı ve arzuya göre son anda eklediğiniz nar taneleri eşliğinde sevdiklerinizle paylaşın.""]"
be7baf2f-500c-4694-b64d-1c0e9aa74d15,Çikolatalı Cheesecake Dolgulu Kek,Turkey,"Çikolatalı cheesecake dolgulu kek, çikolata severler için mükemmel bir tatlı seçeneği. İçi kremsi cheesecake dolgusuyla dışı yumuşak kekten oluşan bu lezzet, damaklarda unutulmaz bir tat bırakıyor",Tatlı,"[""1 adet yumurta"", ""2 yemek kaşığı nişasta"", ""1/2 su bardağı şeker"", ""250 gram labne peyniri""]","[""Öncelikle cheesecake için bir kaba yumurta, nişasta, şeker ve labne peynirini ekleyip krema kıvamına gelene kadar çırpıp bir kenarda bekletiyoruz."", ""Kek için bir kapta yumuşamış tereyağı, vanilin ve şekeri ekleyerek çırpıyoruz. Ardından yumurtalarıda tek tek ekleyip çırpalım."", ""Isıttığımız sütü doğradığımız çikolataların üstüne döküp erimesini bekleyip güzelce karıştıralım. Ilıdıktan sonra kek karışımının içine döküp çırpalım."", ""Un, kabartma tozu ve kakaoyu eleyerek ekleyip tekrar çırpalım. Ardından iyice yağlayıp unladığımız kek kalıbına kek hamurumuzun 3/2 sini dökelim."", ""Kaşık yardımıyla ortasına çukur açıp kenarları yukarı doğru kaldıralım. Daha sonra kremamızı kenarlara değmeyecek şekilde ortasına koyalım. Kalan kekimizle de kremamızın üstünü kapatıp, düzeltelim."", ""Önceden ısıttığımız 170 derece fırında pişirelim. (Yaklaşık 50 dakikada pişiyor, dikkatli olup kürdan yardımıyla kontrol edelim.)"", ""Pişip soğuyan keki kalıptan çıkarıp istediğiniz gibi süsleyip servis edebilirsiniz.""]"
9a30b6cb-6881-44d6-afd2-46c2285d7d45,Çikolatalı Coco Kurabiye,Turkey,"Hindistan cevizi, labne ve bal ile hazırlanan pratik, çikolatalı coco kurabiye tarifi",Tatlı,"[""1 su bardağı Hindistan cevizi"", ""2 yemek kaşığı labne"", ""2 yemek kaşığı bal"", ""1 paket çikolata""]","[""İlk önce bir kaba 1 su bardağı Hindistan cevizi, labne ve balı koyup karıştırıyoruz."", ""Sonra 10 dakika buzlukta bekletiyoruz."", ""Çikolatamızı benmari usulü eritip buzluktan çıkardığımız kurabiyeyi çikolataya buluyoruz. Afiyet olsun.""]"
625fd970-60cd-4c6f-9c22-4cddac7bfebb,Peynirli Biber Böreği,Turkey,Lezzetli lor peyniri ve taze kapya biberlerle hazırlanan pratik börek tarifi,Börek & Hamur İşi,"[""8 adet kapya biber"", ""500 gram lor peyniri"", ""2 adet yumurta"", ""1/4 adet dereotu"", ""1 çay kaşığı tuz"", ""1 çay kaşığı karabiber""]","[""Biberleri fırında ya da ocakta közleyin. Ardından kabuklarını soyun ve fazla suyunu akıtmak için süzgeçte bekletin."", ""Lor peynirinin içerisine yumurta, dereotu, maydanoz, tuz ve karabiberi ilave edip karıştırın."", ""Biberlerin ortasına kenarları boş kalıcak şekilde peynir harcından koyup köşelerini bastırarak kapatın."", ""Doldurulmuş biberleri önce una sonra yumurtaya sonra da galeta ununa batırdıktan sonra ikinci defa yumurtaya ve galeta ununa batırın."", ""Orta ısıdakı sıcak yağda biberleri kızartın. Peynirli biber böreği hazır. Limonlu ya da sirkeli bir salata ile servis edebilirsiniz, afiyet olsun.""]"
4dc6383b-90a6-4480-b9f4-950b815eec79,Yumurtasız Omlet,Turkey,"Yumurtasız lezzetli ve sağlıklı bir omlet alternatifi. Sebzelerle hazırlanan bu pratik tarif, vegan beslenenler için mükemmel bir seçenek",Et Yemekleri,"[""2 yemek kaşığı zeytinyağı"", ""1 adet soğan"", ""1 adet yeşil biber"", ""2 adet domates"", ""450 gram haşlanmış mısır"", ""1/2 su bardağı süt"", ""1 çay kaşığı tuz"", ""1 çay kaşığı karabiber""]","[""Haşlanmış mısır ve sütü mutfak robotunda iyice özleşene kadar çırpın."", ""Zeytinyağında önce soğanları, daha sonra biber ve domatesi pişirin."", ""Piştikten sonra mısır ve süt karışımını da ilave edin ve kısık ateşte koyulaşana kadar pişirin."", ""Tuz ve karabiber de ekleyip sıcak servis edin. Afiyet olsun.""]"
fe182083-4328-4775-b72c-322aa4774b0e,Havuç Topları,Turkey,"Pratik ve lezzetli havuç topları, hem çocukların hem de büyüklerin bayılacağı sağlıklı bir tatlı alternatifidir",Ana Yemek,"[""4-5 adet havuç"", ""1-1,5 paket pötibör bisküvi"", ""4 yemek kaşığı şeker"", ""1 çay bardağı ceviz içi (ince çekilmiş)""]","[""Havuçları ve şekeri iyice yumuşayıncaya kadar pişirin."", ""Pişen karışımın içine cevizleri ekleyin."", ""Ufalanmış bisküvileri ilave edin."", ""Katılaşana kadar iyice yoğurun."", ""Yoğurduğunuz hamuru ceviz büyüklüğünde yuvarlayın."", ""Hindistan cevizine bulayın. Afiyet olsun.""]"
ba54f7b8-1ee1-4a63-a77d-80f728b27918,Limonlu Çatlak Kurabiye,Turkey,İçi yumuşacık dışı çıtır limonlu çatlak kurabiye tarifi,Tatlı,"[""2 adet yumurta"", ""1/2 su bardağı sıvı yağ"", ""3-4 yemek kaşığı toz şeker"", ""1/2 adet limon suyu"", ""1 adet limon kabuğu rendesi"", ""1 paket kabartma tozu"", ""1 paket vanilya"", ""2,5 su bardağı un""]","[""Yumurtayı şekeri çırpma kabında çırpıyoruz, sonra diğer malzemeleri koyup unu ekliyoruz ve iyice yoğuruyoruz."", ""Hamurun kıvamı biraz yumuşak ve yapışkan oluyor. Dolapta en az yarım saat dinlendirin. Küçük ceviz büyüklüğünde parçalar koparıp yuvarlayın dışını pudra şekerine bulayın."", ""Yağlı kağıt serilmiş fırın tepsisine de önceden ısıtılmış fırında 180 derecede 15 dakika pişirin. Afiyet olsun.""]"
8e435e8d-65b1-473f-a47d-4c272941de11,Fındıklı Çıtır Çikolata Topları,Turkey,"Fındıklı çıtır çikolata topları, çikolata kreması ve tereyağı ile hazırlanan, dışı çıtır içi yumuşak lezzetli bir tatlıdır",Tatlı,"[""125 gram çikolata kreması"", ""2,5 su bardağı un"", ""125 gram tereyağı"", ""1 adet yumurta"", ""2 yemek kaşığı şeker"", ""1 paket kabartma tozu"", ""1 yemek kaşığı nişasta"", ""2 yemek kaşığı dövülmüş fındık"", ""1 yemek kaşığı bal"", ""1 su bardağı fındık (dövülmüş)""]","[""Fırını 165 dereceye ayarlayın."", ""Unu ve tereyağını bir kabın içinde harmanlayın."", ""Şeker, bal, dövülmüş fındık, kabartma tozu, yumurta ve nişastayı ekleyip yoğurun."", ""Minik minik yuvarlayın ve tepsiye dizin."", ""Yaklaşık 10-12 dakika fazla renk almadan pişirin."", ""İyice soğuduktan sonra benmari usulü ısıtmış olduğunuz çikolata kremasına batırın ve fındığa bulayıp oda sıcaklığında dinlendirin. İşte bu kadar afiyetler olsun!""]"
774b1a55-7304-48bd-b04e-9fa0e0e80b55,3 Malzemeli Fit Kurabiye,Turkey,Sağlıklı ve lezzetli 3 malzemeli fit kurabiye tarifi. Hem pratik hem de besleyici atıştırmalık,Tatlı,"[""2 su bardağı yulaf"", ""4 adet olgun muz"", ""1 paket bitter çikolata""]","[""Muzları çatalla ezelim, yulafı ekleyip karıştıralım."", ""Çikolatayı ekleyelim, önceden ısıtılmış 200 derece fırında 12 dakika pişirelim. Afiyet olsun.""]"
92f8013a-f0ac-4b17-babd-88b1ced5c9ab,Güveçte Fırın Sütlaç,Turkey,"Güveçte fırın sütlaç, kıtır yüzeyi ve yumuşak içiyle klasik lezzetin modern sunumu",Tatlı,"[""1 litre süt"", ""1 su bardağı toz şeker"", ""1/2 çay kaşığı tuz"", ""3 yemek kaşığı pirinç"", ""1 su bardağı su"", ""3 yemek kaşığı nişasta"", ""2-3 yemek kaşığı soğuk su""]","[""Pirinçleri 1 bardak su ile haşlayın. 1 litre sütü, 1 su bardağı toz şeker ile kaynatın. Şekerin tadının iyice çıkması için içine bir çimdik de tuz atın."", ""Öte yandan nişastayı 2-3 yemek kaşığı soğuk su ile açın. Kaynamış sütten bir kepçe alarak nişastalı karışıma ekleyin. Bu işlemi nişastanın topaklanmaması için yapıyoruz."", ""Ardından nişastalı karışımı kontrollü şekilde süte ilave edin ve süt kıvam alana kadar karıştırın. Ardından haşlanan pirinçleri süzün ve süte ekleyip 6-7 dakika pişirin."", ""Sütlaç hazır! Şimdi güveç çömleklere eşit şekilde sütlacı dağıtın. Çömlekleri fırın tepsisine alın. Fırın tepsisinin içine soğuk su dökün."", ""Fırında 200 derecede, ızgara ayarında, orta katta pişireceğiz. Kontrollü olun, hatta fırının başından ayrılmayın."", ""Bazı sütlaçlar acele edip önden kızaracaktır. Kızaran sütlaçların üzerlerini folyo ile kapatın. Diğer arkadaşlar da kızardıktan sonra fırından alın, soğuyunca üzerine toz fındık serpin. Afiyet olsun.""]"
6331af1a-037f-4450-b1c1-72a547991caa,Hafif Kremalı Şeftali,Turkey,Taze şeftalinin ferahlatıcı lezzeti ile light labne ve yoğurdun birleşiminden oluşan sağlıklı ve hafif bir tatlı,Ana Yemek,"[""1 adet orta boy şeftali"", ""1,5 yemek kaşığı light labne peyniri"", ""1 yemek kaşığı light yoğurt"", ""4 yemek kaşığı bal"", ""1 çay kaşığı vanilya şurubu ya da toz vanilin""]","[""Şeftaliyi ortadan ikiye kesin, çekirdeğini çıkartın. Kabuğunu soymadan küp şeklinde doğrayın."", ""Doğradığınız şeftalileri 1 yemek kaşığı bal ile karıştırın."", ""Light yoğurt ve labne peynirini, kalan 3 yemek kaşığı bal ve vanilya şurubu ile koyu bir kıvam alana kadar karıştırın."", ""Servis kaselerine dilimlenmiş şeftalileri ve hafif kremayı paylaştırın. Renk vermesi için nane yaprakları ile süsleyin."", ""Küçük bir uyarı: Kendini bu tatlıya çok fazla kaptırma, her ne kadar hafif olsa da her şeyin fazlası zararlı! Eğer bu tatlıyı çok beğendiysen ilerleyen günlerde labne yerine sadece yoğurt ile hazırlay""]"
41842555-e00a-4caa-bc64-af326a51c45b,Çıtır Tavuk Tabağı,Turkey,"Mısır gevreği kaplı çıtır tavuk parçaları, krema ve yumurta ile hazırlanan lezzetli bir ana yemek",Tavuk Yemekleri,"[""1 paket mısır gevreği"", ""2 adet yumurta"", ""2 yemek kaşığı krema"", ""1 yemek kaşığı tuz"", ""1 yemek kaşığı toz acı biber"", ""1 yemek kaşığı karabiber"", ""1 yemek kaşığı toz sarımsak""]","[""3 tane tepsiyi tezgaha koyup birine bolca mısır gevreği koyun ve elinizle kabaca parçalayın. Diğer tepsiye yumurta ve krema koyup iyice çırpın."", ""Son tepsinin yarısına un, diğer yarısına da tuz, karabiber, toz acı biber ve toz sarımsak ile karıştırın."", ""Tavuk göğsünü uzun şeritler halinde, 2 parça kemiksiz tavuk budu da ortadan ikiye kesin. Kanatları ise bütün olarak kızartacaksınız."", ""Tavukları sırasıyla baharata, una, yumurtaya ve mısır gevreğine batırın ve ardından ısınmış yağda kızartın."", ""Kanatları en son eklemeyi unutmayın. Kısık ateşte biraz daha uzun süre pişmeleri gerekecek kemikli oldukları için."", ""Biscuit için un ve oda sıcaklığındaki tereyağını karıştırın. Karışım toz gibi olacak. İçine kabartma tozu, tuz ve süt ekleyip yoğurun."", ""Çok fazla yoğurmadan, hamuru tezgahta açın ve bardakla 6 tane yuvarlak çıkartın. 200 derecede, altlı üstlü ve fansız çalışan fırının orta rafında 15 dakika pişirin. Afiyet olsun.""]"
f5bed696-b529-42c9-be5b-56b62e9e153b,Şekerlemeli Çikolatalı Brownie,Turkey,Tereyağlı yumuşak brownie içine şekerlemeler eklenerek hazırlanan çikolatalı ve tatlı bir lezzet,Tatlı,"[""200 gram tereyağı"", ""1 su bardağı toz şeker"", ""2 adet yumurta"", ""1 paket vanilya"", ""2 su bardağı un"", ""1 çay kaşığı karbonat"", ""1 çay kaşığı tuz"", ""80 gram çikolata"", ""1 paket şekerleme""]","[""Şekeri ve tereyağını iyice çırpın."", ""Ardından yumurta vanilyayı ekleyip çırpmaya devam edin."", ""Daha sonra un, tuz ve sodayı ekleyin."", ""En son çikolata parçalarını da ekleyip karıştırın. Üstüne şekerleri ekleyin."", ""Yağlı kağıt serili borcama koyup 160 derece fırında 25 dakika kadar pişirin. Afiyet olsun.""]"
cb35d09c-3b96-451a-98d4-9b38a431d20c,Deniz Börülcesi Salatası,Turkey,Deniz börülcesinin taze lezzeti ile hazırlanan ferifet verici bir salata,Salata,"[""5 yemek kaşığı limon suyu"", ""5 yemek kaşığı zeytinyağı"", ""Etimek Tatlısı Tarifi"", ""Damla Çikolatalı Kurabiye"", ""Tatlı Tarifleri Spoonful Mozaik Pasta Çikolatalı Sufle İrmik Helvası Fırın Sütlaç Profiterol Revani Magnolia"", ""Kahvaltılık Tarifler Pancake Krep Pişi Kuymak Kaygana Kahvaltılık Sos Menemen Muhlama Yumurtalı Ekmek Omlet"", ""Omlet""]","[""1 demet deniz börülcesini kahverengi saplarından temizleyip tencereye koyun."", ""Börülceler başlanırken zeytinyağ, limon ve sarımsak sosunu hazırlıyoruz."", ""Haşlanan deniz börülcelerini süzgece alın ve sudan geçirin."", ""Sonra deniz börülcesinin dallarının üst kısmından tutup aşağı doğru çekiyoruz."", ""Kılçıklardan ayırma işlemi gerçekleştikten sonra ayıklanan börülceleri bir kaba alıp üzerine sosunu ekleyip karıştırıyoruz. Afiyet olsun.""]"
917125a3-ab5d-4843-bea4-196f0d24017e,Milföy Donut,Turkey,"Milföy hamurundan hazırlanan çıtır donutlar, erimiş bitter çikolata ve Etimek tatlısıyla servis edilir",Ana Yemek,"[""4 adet yaprak milföy"", ""80 gram bitter çikolata"", ""Etimek Tatlısı Tarifi"", ""Damla Çikolatalı Kurabiye"", ""Tatlı Tarifleri Spoonful Mozaik Pasta Çikolatalı Sufle İrmik Helvası Fırın Sütlaç Profiterol Revani Magnolia"", ""Kahvaltılık Tarifler Pancake Krep Pişi Kuymak Kaygana Kahvaltılık Sos Menemen Muhlama Yumurtalı Ekmek Omlet"", ""Omlet""]","[""Öncelikle milföy yapraklarından bardak yardımıyla yuvarlak şekiller elde edin."", ""Daha sonra bu yuvarlakların ortasını su şisesi kapağı gibi aparatlar yardımıyla delin. Ya da donut kalıbınız varsa direkt onu kullanın."", ""Milföyleri 180 derece de önceden ısıtılmış fırında 15 dakika pişirin."", ""Kabaran milföyleri oda sıcaklığına gelince benmari usulü erittiğiniz 80 gram bitter çikolataya tek tek bulayıp dilediğiniz gibi süsleyin. Afiyet olsun.""]"
50c84d05-9a35-4613-8901-79c786b65798,Kuru Antep Dolması,Turkey,"Geleneksel Antep usulü hazırlanan, kıyma ve pirinçle doldurulmuş lezzetli bir dolma tarifi",Ana Yemek,"[""3 su bardağı pirinç"", ""1 adet büyük boy soğan"", ""100 gram yağlı kıyma (kuyruk yağınız varsa tercihimdir)"", ""2,5 tatlı kaşığı karabiber"", ""2 tatlı kaşığı tuz"", ""6 yemek kaşığı salça (renginin yoğunluğuna göre ayarlayabilirsiniz)"", ""100 mililitresu""]","[""Ben bol salçalı ve bol zeytinyağlı yapıyorum. Göz kararı yaptığım için size yaklaşık olarak ölçüledim. Dolma içinin fotoğrafına bakarak parlaklığına ve kırmızılığına ulaşabilirsiniz."", ""Kuruluklarım kaynamış paketlenmiş olarak dondurucumda hazırdı. Kaynamamış ise ayrı ayrı kaynar suya patlıcanlarınızı biberlerinizi ve kabaklarınızı atarak haşlayabilirsiniz. Üçü de ayrı suda pişmelidi"", ""Her bir patlıcanı ve biberi yarısına kadar içimizle dolduruyoruz. Ortadan başlayarak kazanın içine dizerek kazanı tamamlıyor ve bitiriyoruz."", ""Hazır olunca bir tabak yada dolma taşı kapatalım. 2 tatlı kaşığı tuz atalım. Üzerini 2 parmak geçecek kadar su dolduralım. Ocağa alalım. Kaynamaya başlayınca 4 tane limon tuzu atıp 1.5 Saat unutuyoruz"", ""Tam 1.5 saat sonra altını kapatıp süzelim. 10 dakika sonra servis edebilirsiniz. Afiyet olsun.""]"
7f4623f7-10a8-4851-9c6f-acdf23040045,Kek Tarifleri,Turkey,Lezzetli ve pratik tatlı tarifleri koleksiyonuyla damakları şenlendirin,Tatlı,"[""Etimek Tatlısı Tarifi"", ""Damla Çikolatalı Kurabiye"", ""Tatlı Tarifleri Spoonful Mozaik Pasta Çikolatalı Sufle İrmik Helvası Fırın Sütlaç Profiterol Revani Magnolia"", ""Kahvaltılık Tarifler Pancake Krep Pişi Kuymak Kaygana Kahvaltılık Sos Menemen Muhlama Yumurtalı Ekmek Omlet"", ""Omlet""]","[""Üzümlü, portakallı, cevizli, tarçınlı, havuçlu ve kakaolu gibi onlarca çeşidi bulunan kekler iştah kabartan kokularıyla bütün evi etkisi altına alacak. İster sade, ister mozaik, ister kakaolu tüm bu k"", ""Mutfakta çareler tükenmez. Bayat ekmekler de değerlendirilir, artan yemekler de. Bu kez de sırada bayatlayan, kalan kekler var! Bu bayat kek değerlendirme yöntemleriyle keklerinizi bambaşka tatlılara,"", ""Islak kek yaptığınızda kek sosunu tam çekmiyor ya da kıvamı istediğiniz gibi olmuyorsa nefis sos önerilerimiz var, toplanın! Kıvamı mükemmel, ıslaklığı tam istediğiniz gibi olacak ıslak kekler yapmak"", ""İçerisinde az un olması sebebiyle kıvamı bildiğimiz keklerden çok daha farklı olan, çikolata tadının buram buram hissedildiği, hafif nemli kıvamıyla öne çıkan brownie'yi evde tam kıvamında yapmak bizi""]"
8f717f70-330d-498a-9745-21567f29e522,Sarımsaklı Tavuk Suyu Çorbası,Turkey,"Sarımsağın enfes aromasıyla zenginleştirilmiş, doyurucu ve lezzetli bir tavuk çorbası",Çorba,"[""2 adet haşlanmış tavuk göğsü (Didiklenmiş)"", ""5 su bardağı tavuk göğsü"", ""2 yemek kaşığı un"", ""2 yemek kaşığı tereyağı"", ""1 tatlı kaşığı tuz"", ""1 çay kaşığı karabiber"", ""1 tatlı kaşığı nane""]","[""Un ile tereyağını geniş bir tencerede un kokusu çıkana kadar kavurun."", ""Ilık tavuk suyunu yavaş yavaş ilave ederek, kaynayana kadar karıştırın."", ""Çorba kaynamaya başladıktan sonra didiklenmiş tavukları ekleyin. Kısık ateşte 10-15 dakika kadar kapağı kapalı bir şekilde kaynamaya bırakın."", ""İçerisine tuzu, dövülmüş sarımsağı, karabiberi ve naneyi ilave ederek 5 dakika daha pişirin."", ""Kısa bir süre dinlendikten sonra kaselere alıp servis edebilirsiniz. Afiyet olsun.""]"
c07908a0-2e30-418b-a36e-d90eb1d8a92c,4 Malzemeli Un Kurabiyesi,Turkey,"Sadece 4 malzemeye ihtiyacınız olan bu pratik un kurabiyesi, çay saatlerinin vazgeçilmezi olacak",Ye,"[""250 gram tereyağ"", ""1 su bardağı pudra şekeri"", ""2-3 su bardağı un"", ""1 paket kabartma tozu""]","[""Oda sıcaklığındaki tereyağını geniş bir karıştırma kabına alın. Pudra şekerini ekleyip tereyağıyla birlikte krema kıvamını alana kadar karıştırın."", ""Elenmiş unu azar azar katın, kabartma tozunu ekleyip kurabiye hamurunu toparlanana kadar yoğurun."", ""Arzuya göre şeklini verdiğiniz kurabiye hamurlarını, yağlı kağıt serilmiş fırın tepsisine aralıklı olarak yerleştirin."", ""Önceden ısıtılmış 150 derece fırında, 30 dakika pişirin. Ilık olarak sevdiklerinizle paylaşın.""]"
8a8def47-129a-47ce-b267-3c05b6e3e39c,Tuzda Yumurta Sarısı,Turkey,"Tuzda pişirilen yumurta sarıları, benzersiz lezzeti ve kremsi dokusuyla şaşırtıcı bir atıştırmalık",Kahvaltı,"[""2 adet orta boy yumurta"", ""Etimek Tatlısı Tarifi"", ""Damla Çikolatalı Kurabiye"", ""Tatlı Tarifleri Spoonful Mozaik Pasta Çikolatalı Sufle İrmik Helvası Fırın Sütlaç Profiterol Revani Magnolia"", ""Kahvaltılık Tarifler Pancake Krep Pişi Kuymak Kaygana Kahvaltılık Sos Menemen Muhlama Yumurtalı Ekmek Omlet"", ""Omlet""]","[""Yapacağınız yumurta sayısına göre orta boy fazla çukur olmayan bir tabağa iri taneli kaya tuzunu iki parmak kalınlığında serin."", ""Kaya tuzunun içine yumurta sarılarını bırakabilmeniz için boşluklar oluşturun."", ""Daha sonra açtığımız çukura yumurta sarılarını koyuyoruz ve üzerini tuzla kaplıyoruz. 10-12 saat beklemeye alıyoruz."", ""10 saat sonra tuzun içinden çıkarıp, tuzunu suda arındırıyoruz ve kullanıma hazır hale getiriyoruz."", ""İsterseniz dilim dilim kullanın isterseniz de toz haline getirerek. Afiyet olsun.""]"
93a16b05-fb91-4a13-bf25-8cf5785b1ade,Kolay Sigara Böreği,Turkey,"Pratik ve lezzetli sigara böreği, az malzemeyle hazırlanabilir enfes bir atıştırmalık",Börek & Hamur İşi,"[""4 adet yufka"", ""300 gram lor peyniri"", ""Etimek Tatlısı Tarifi"", ""Damla Çikolatalı Kurabiye"", ""Tatlı Tarifleri Spoonful Mozaik Pasta Çikolatalı Sufle İrmik Helvası Fırın Sütlaç Profiterol Revani Magnolia"", ""Kahvaltılık Tarifler Pancake Krep Pişi Kuymak Kaygana Kahvaltılık Sos Menemen Muhlama Yumurtalı Ekmek Omlet"", ""Omlet""]","[""Yufkaların katları açılır, hepsi üst üste konularak 12 eşit parçaya ayrılır.Toplamda 48 parça elde edilir."", ""Her bir parçanın geniş tarafına peynir konularak kenarları içine alınır ve sıkı bir şekilde sarılır. Sıvı yağda kızartılarak servis tabağına alınır. Afiyet olsun :)""]"
40ee4dc7-5807-4f64-a445-22603387e958,Şeftalili Labneli Pasta,Turkey,"Taze şeftalilerin ferahlatıcı lezzeti ile yoğun labnenin buluştuğu, hafif ve nefis bir pasta tarifi",Tatlı,"[""3 adet yumurta"", ""1.5 su bardağı toz şeker"", ""1/2 adet limon kabuğu rendesi"", ""125 gram tereyağ"", ""1/2 paket kabartma tozu"", ""1/2 su bardağı ince çekilmiş fındık"", ""2.5 su bardağı un""]","[""Kek için gerekli olan, fındık haricindeki tüm malzemeleri bir mikser yardımıyla karıştırın. Dibini yağladığınız bir fırın kabına, hazırladığınız kek hamurunu dökün."", ""Şeftalileri yıkayın ve küp küp doğrayın. Şeftalilerin yarısını kek hamurunun üstüne serpiştirin. Üstlerine robottan çektiğiniz fındıkları serpiştirin."", ""Labneli karışım için gerekli olan; labne, yumurta, limon suyu, toz şeker ve vanilyayı mikserle güzelce çırpın ve kek hamurunun üstüne yaydığınız şeftalilerin üstüne yayın."", ""Kalan şeftalileri de labneli karışımın üstüne güzelce serpiştirin."", ""Önceden ısıtılmış 180 derece fırında 45 dakika boyunca pişmeye bırakın."", ""Bu sırada üstü için gerekli olan; un, toz şeker ve tereyağını güzelce yoğurarak birbirine yedirin. Hazırladığınız bu hamuru streç filme sarıp buzdolabına kaldırın."", ""45 dakikanın sonunda tatlınızı fırından alın ve yoğurup buzdolabına kaldırdığınız hamurdan parçalar kopartarak, avcunuzla inceltin. Bu parçalarla mümkün olduğunda tatlınızın üstünü kapatın."", ""Ardından tekrar fırına sürün ve üstleri kızarana dek yaklaşık 15 dakika daha pişirin."", ""Fırından aldığınız şeftalili labneli pastanızı, oda ısısında soğumaya bırakın."", ""Soğuduktan sonra pudra şekeri ile süsleyin ve dilimleyerek servis edin.""]"
2e75da00-46d9-4be7-a45b-a7a938a3ff66,Çikolatalı Tatlı Tarifleri,Turkey,Lezzetli çikolatalı tatlılar koleksiyonu ile tatlı krizlerinizi en güzel şekilde çözün,Tatlı,"[""Etimek Tatlısı Tarifi"", ""Damla Çikolatalı Kurabiye"", ""Tatlı Tarifleri Spoonful Mozaik Pasta Çikolatalı Sufle İrmik Helvası Fırın Sütlaç Profiterol Revani Magnolia"", ""Kahvaltılık Tarifler Pancake Krep Pişi Kuymak Kaygana Kahvaltılık Sos Menemen Muhlama Yumurtalı Ekmek Omlet"", ""Omlet""]","[""Tatlı sevmeyen bile hayır demez: Çikolatalı tatlılar. Güzel bir akşam yemeği menüsünü hafif, pratik ve kolay çikolatalı tatlı tarifleriyle tamamlamakta hiç zorlamayacaksınız. Ne pişireyim, ne yapayım"", ""İyi günde kötü günde bizi yalnız bırakmayan çikolatayı biz de yalnız bırakmayalım dedik. Onu Antep fıstıklarıyla, fındık ezmeleriyle, helvalarla sarıp sarmaladık, çeşit çeşit kekler yaptık. Evde kek y"", ""Tencerede sufle, sufle yapmanın zor olduğunu söyleyenler için adeta bir cevap tadında. Üstelik sadece ve sadece 10 dakikada pişiyor, fırın kullanmanıza gerek kalmıyor ve içinin akışkanlığıyla şaşırtıy""]"
72a4a083-c0fa-4292-9228-bb39baff43aa,Gelin Çantası,Turkey,Vanilya ve kakao aromalı lezzetli Gelin Çantası tarifi,Ana Yemek,"[""1 su bardağı un"", ""1 paket vanilya"", ""2,5 yemek kaşığı kakao"", ""2 çay kaşığı kabartma tozu"", ""1 su bardağı süt"", ""1 adet yumurta""]","[""Süt ve toz krem şantiyi güzelce çırpın. Dolapta dinlendirin. Katı kıvamlı olmalı ki hamurların arasında güzel dursun."", ""Yumurta ve şekeri derin bir kapta birleştirin. Çırpın."", ""Süt ve sıvı yağını da ekleyin ve çırpmaya devam edin."", ""Un, kabartma tozu, vanilya ve kakaoyu da eleyerek ekleyin."", ""Homojen olacak şekilde çırpın."", ""Tavaya yağı ekleyin ve ısıtın. Hamurdan yarımşar kepçe dökerek çevirerek pişirin. Hamurların yüzeyinde kabarcık çıktıysa çevirmeye hazır demektir."", ""Hamurları dinlendirin ve soğutun. Arasını açtıktan sonra krem şanti yerleştirin ve birleştirin."", ""Süsledikten sonra servis edebilirsiniz. Afiyet olsun!""]"
57eae591-7344-42c7-8c91-a6d85a401ada,Sebzeli Hindi Rosto,Turkey,Hindi filetosunun sebzelerle harmanlandığı lezzetli ve besleyici bir rosto tarifi,Sebze Yemekleri,"[""750 gram hindi göğüs (fileto)"", ""2 adet yumurta sarısı"", ""2 yemek kaşığı galeta unu"", ""1 su bardağı garnitür"", ""3 yemek kaşığı zeytinyağı"", ""1 adet kapya biber""]","[""Hindi göğüs etini mutfak robotunda çekin ve kıyma haline getirin."", ""Hazır garnitür ve kapya biberi hariç diğer tüm malzemeleri mutfak robotuna atın ve hepsini güzelce çekin."", ""Kapya biberi küp küp doğrayın ve hazır garnitürle beraber hazırladığınız harca karıştırıp, güzelce fakat garnitürü ezmeden yoğurun."", ""Yağlı kağıt serilmiş bir fırın tepsisine hazırladığınız harcı alın ve rulo haline getirin."", ""Önceden ısınmış 180 derece fırında üstü kızarana dek yaklaşık 40 dakika kontrollü olarak pişirin."", ""Fırından aldıktan sonra dilimleyerek sıcak sıcak servis edin. Afiyet olsun.""]"
498aff19-9f73-457c-8345-30dc3807efc3,Beşamel Soslu Ispanak Yemeği,Turkey,"Beşamel sosun zengin lezzetiyle harmanlanmış, ferahlatıcı ıspanak yemeği",Sebze Yemekleri,"[""500 gram ıspanak"", ""1 adet soğan"", ""1 adet kırmızı biber"", ""1 adet havuç"", ""1 yemek kaşığı salça"", ""4 yemek kaşığı sıvı yağ"", ""1 çay kaşığı tuz""]","[""Soğan, biber ve havuçları kavuruyoruz. Salçayı ilave edip, biraz daha kavurup doğranmış ıspanağı ekliyoruz."", ""Bir fırın kabına alıp beşamel sosu üzerine gezdiriyoruz. Üzerine kırmızı biber dilimleri serpiyoruz. 180 derece önceden ısınmış fırında pişiriyoruz. Üzeri kızardıktan 15 dakika sonra alabilirsiniz. Af""]"
db51e1de-8e02-4318-a33b-7ec94f839e8d,Çilek Soslu Islak Kek,Turkey,"Nefis çilek sosuyla servis edilen, yumuşacık ve ıslak dokulu kek tarifi",Tatlı,"[""1 su bardağı un"", ""1 su bardağı şeker"", ""4 adet yumurta"", ""2 yemek kaşığı ılık su"", ""1 paket kabartma tozu"", ""1 paket vanilya""]","[""Yumurtaların sarılarını ve beyazlarını birbirinden ayırın."", ""Ayrı kaplara aldığınız yumurta sarılarını şekerle, beyazlarını 1 tutam tuz ile köpük haline gelinceye kadar çırpın."", ""Yumurta sarısı-şeker karışımına un, kabartma tozu ve vanilyayı ekleyerek güzelce karıştırın."", ""Köpük halindeki yumurta beyazlarını 3 aşamada karışıma ekleyin ve köpüğü söndürmeden spatula yardımıyla yedirin."", ""Hazırladığınız kek karışımını yağladığınız kek kalıbına aktarın."", ""Önceden ısıtılmış 180 derece fırında 35 dakika pişirin."", ""Kek ılıdıktan sonra dilimleyerek üzerine çatal yardımıyla delikler açın."", ""Süt ve kremayı karıştırarak ılık kekin üzerine dökerek keki güzelce ıslatın."", ""Çilek püresi, su, pudra şekeri ve nişastayı küçük bir tencerede karıştırarak kaynayana kadar pişirin."", ""Çilek sosunu ılıtarak kekin üzerine dökün. Dolapta 1 saat kadar beklettikten sonra afiyetle tüketin.""]"
87583986-b0bc-4125-b060-87d747393165,Pratik Portakallı Pasta,Turkey,"Pratik ve lezzetli portakallı pasta, tam buğdaylı bisküvi ve çikolata ile harmanlanmış hafif bir tatlı",Tatlı,"[""2 paket tam buğdaylı bisküvi"", ""3 yemek kaşığı eritilmiş tereyağı"", ""1 avuçpul çikolata (damla çikolata ya da rendelenmiş çikolata)""]","[""İlk olarak bisküvilerimizi robottan geçiriyoruz. Ardından badem, pul çikolata ve eritilmiş tereyağını ekleyip tekrar robottan geçiriyoruz."", ""Yağlı fırın kağıdı sermiş olduğumuz kelepçeli kalıba döküp üzerini bastırıyoruz, dolaba kaldırıyoruz."", ""Sütü, irmiği ve şekeri kaynayana kadar karıştırarak pişiriyoruz. Ardından bisküvili tabanımızın üzerine döküp, dolaba kaldırıyoruz."", ""Portakal suyu,şeker ve nişastayı tencerede karıştırarak kaynatıp irmikli muhallebinin üzerine döküyoruz."", ""1 gece dolapta dinlendiriyoruz. Üzerine süslemek için iri çekilmiş bademleri de serpip servise hazırlıyoruz. Afiyet olsun.""]"
e31dac87-2aa4-4a7d-96c8-0fcceb61f6f9,Çikolatalı Milkshake,Turkey,"Bitter çikolatanın zengin tadıyla hazırlanan bu milkshake, kakao ve şekerin mükemmel uyumuyla damakları şenlendiriyor",Tatlı,"[""2 tatlı kaşığı kakao"", ""3 tatlı kaşığı toz şeker"", ""80 gram bitter çikolata"", ""200 ml krema (1 su bardağı)""]","[""200 ml kremayı uygun bir kaseye alarak çırpma teli yada mikser yardımı ile hafifçe kabartın. 3 tatlı kaşığı şekeri de kabardıktan sonra ilave edin ve son bir kez çırpın."", ""80 gram benmari usulü erittiğiniz çikolatayı bu karışıma ilave edin ve spatula yardımıyla söndürmemeye gayret ederek karıştırın."", ""2 tatlı kaşığı kakaoyu da ilave edip karıştırmaya devam edin."", ""Çikolatanızın bir kısmını kaşığa alarak bardağınızı zevkinize göre süsleyin."", ""Bardağa karışımı ilave edin ve içeceğiniz hazır. Dilediğiniz şekilde süsleyebilirsiniz.""]"
87b874f9-59d6-46fd-8f70-51c2cc178091,Yalancı Tavuk Göğsü,Turkey,"Tavuksuz lezzet şöleni! Bu yalancı tavuk göğsü tarifi, beşamel sosun enfes tadıyla sofranızı şenlendirecek",Tavuk Yemekleri,"[""125 gram tereyağı (8,5 yemek kaşığı)"", ""1 su bardağı elenmiş un"", ""1 litre süt (5 su bardağı)"", ""1,5 su bardağı toz şeker"", ""1 paket vanilin""]","[""Yalancı tavuk göğsü için tereyağını derin bir tencerede eritin. Elenmiş unu ekleyip kavurmaya başlayın."", ""Un sararıp kokusu çıkmaya başlayınca sütü yavaş yavaş ekleyerek hızlı hareketlerle bir çırpıcı yardımıyla karıştırın."", ""Şekeri ekleyip muhallebi kıvamına gelene kadar karıştırarak pişirin."", ""Üzeri göz göz olunca vanilyayı ekleyip ocağın altını kapatın."", ""Muhallebiyi yaklaşık 7-8 dakika boyunca bir mikserle yüksek devirdi çırpın. Muhallebiyi su ile ıslattığınız bir borcama dökün ve soğumaya bırakın."", ""Yalancı tavuk göğsü hazır. Oda sıcaklığına gelince buzdolabına koyun ve en az 4 saat boyunca dolapta bekletin. Servis ederken tarçın serpebilirsiniz. Afiyet olsun.""]"
c7184ec0-79ff-4d13-877c-9fd8ba8aaa41,Ev Yapımı Boğaz Pastili,Turkey,"Doğal malzemelerle hazırlanan bu ev yapımı boğaz pastili, boğazınızı yumuşatmak için mükemmel bir çözüm",Ana Yemek,"[""1 su bardağı esmer şeker"", ""1/2 su bardağı su"", ""3-4 adet karanfil"", ""1 tatlı kaşığı toz zencefil"", ""1/2 tatlı kaşığı tarçın"", ""1 yemek kaşığı limon suyu"", ""1 yemek kaşığı bal""]","[""Bal hariç tüm malzemeleri tencereye alalım. Kısık ateşte kaynamaya başlamadan önce hızlı bir şekilde şekerin erimesini sağlayalım. Sürekli karıştırarak 15-20 dakika kadar pişirelim."", ""Karışım köpük köpük olup kıvam almaya başlayacaktır. Süre sonunda bir tatlı kaşığı karışımdan alıp bir tabağa dökün. Bu şekilde donup donmadığını kontrol edebilirsiniz."", ""Eğer tabakta sert bir kıvam alıyorsa olmuştur. Eğer kıvamı istenilen gibi değilse bir miktar daha kaynatmaya devam edin."", ""Bu işlem bittikten sonra karanfilleri içinden çıkarın ve balı ekleyip karıştırın. Yağlı kağıt üzerine karışımdan bir çay kaşığı yardımıyla küçük yuvarlaklar dökün."", ""Karışım çabuk donduğu için dökmesi zor olabilir o yüzden bu işlem sırasında hızlı davranın."", ""Tamamen donduktan sonra üzerine pudra şekeri serpin."", ""Ardından kavanozlarda saklayarak muhafaza edebilirsiniz.""]"
ea930648-0ea1-46c7-ae73-165ef44ea9fd,Bal Kabağı Tatlısı,Turkey,"Bal kabağının doğal tatlılığı ile şekerin buluştuğu, tahinle zenginleştirilmiş geleneksel bir lezzet",Tatlı,"[""2 kilogram bal kabağı (soyulmuş, dilim lenmiş)"", ""4 su bardağı toz şeker"", ""1 yemek kaşığı tahin"", ""1 adet küçük boy muz"", ""Etimek Tatlısı Tarifi"", ""Damla Çikolatalı Kurabiye"", ""Tatlı Tarifleri Spoonful Mozaik Pasta Çikolatalı Sufle İrmik Helvası Fırın Sütlaç Profiterol Revani Magnolia"", ""Kahvaltılık Tarifler Pancake Krep Pişi Kuymak Kaygana Kahvaltılık Sos Menemen Muhlama Yumurtalı Ekmek Omlet"", ""Omlet""]","[""Dilimlenmiş kabakları tencerenin tabanını tamamen kaplayacak şekilde, tek sıra olarak dizin."", ""Üstüne üstlerini örtecek kadar şeker serpin."", ""Üstüne tekrar bir sıra kabak dizin ve bu şekilde tüm malzeme bitene dek sıra sıra dizmeye devam edin."", ""Yaklaşık 40-45 dakika kısık ateşte kontrol ederek pişirin."", ""Soğuduktan sonra üzerine ceviz ve tahinle süsleyerek servis edin. Afiyet olsun.""]"
e29ab399-7f87-4308-b536-17b4bb242a87,Fırınlanmış Peynir Helvası,Turkey,"Taze peynir ve tereyağının muhteşem uyumuyla hazırlanan, fırında pişirilen lezzetli bir helva",Tatlı,"[""300 gram tuzsuz taze peynir"", ""150 gram tereyağı"", ""400 gram toz şeker"", ""1 adet yumurta sarısı"", ""250 gram un"", ""75 gram irmik""]","[""Tuzsuz taze peyniri ufalayarak derin bir tencereye alın. Tereyağı ve yumurta sarısı ekleyip karıştırın."", ""Kısık ateşte, aralarda karıştırarak peynir eriyene kadar pişirin."", ""Peynir tamamen eridiğinde sırasıyla; toz şeker, un ve irmik katıp tahta bir kaşıkla karıştırarak pişirme işlemini sürdürün."", ""Kaynamaya başlayıp özleşen helva karışımını ısıya dayanıklı kare bir fırın tepsisine aktarın. Üzerini bir spatula ile düzeltip önceden ısıtılmış 200 derece fırında renk alana kadar fırınlayın."", ""Dilimledikten sonra ılık ya da soğuk olarak dondurma ilavesiyle sevdiklerinizle paylaşın.""]"
5c46b9a1-1d41-434c-b45e-db1131e22aaf,Karalahana Çorbası,Turkey,"Doğu Karadeniz'in lezzetli ve besleyici çorbası, karalahana ile hazırlanan enfes bir kış çorbası",Çorba,"[""1 adet kuru soğan"", ""1 adet havuç"", ""1 yemek kaşığı karışık salça"", ""1 yemek kaşığı mısır unu"", ""1 su bardağı haşlanmış barbunya"", ""1 çay bardağı haşlanmış mısır"", ""1 yemek kaşığı tereyağı"", ""2 yemek kaşığı sıvı yağ"", ""6 su bardağı sıcak su (1 bardağı et suyu)"", ""1 çay kaşığı tuz"", ""1 çay kaşığı karabiber"", ""1 çay kaşığı kırmızı pul biber""]","[""1 demet karalahananın sap kısmını kesip, iyice yıkayın. Karalahanaları yıkadıktan sonra karalahanaları ince ve küçük bir şekilde doğrayın."", ""15 dakika haşlayıp suyunu süzün."", ""Derin bir tencere içine 2 yemek kaşığı tereyağı ve 1 yemek kaşığı sıvı yağ koyun."", ""Üzerine 1 adet ince ince doğranmış soğan, havuç ve 2 diş ince ince doğranmış sarımsak ekleyip, 2 dakika kadar kavurun."", ""Daha sonra tencereye 1 yemek kaşığı biber ve domates salçası karışık olacak şekilde ekleyin. Salçanın kokusu çıkana kadar kavurun."", ""Kavrulan salçanın üzerine 5 su bardağı sıcak su ve 1 bardak et suyu döküp, karıştırın. Ardından kaynamaya bırakın."", ""Kaynayan suyun içine doğranmış karalahanaları ekleyin."", ""Ardından 1 su bardağı haşlanmış barbunyayı koyun."", ""Son olarak 1 çay bardağı haşlanmış kırık mısır ve baharatları ekleyin"", ""Mısır ununu 1/2 soğuk su ile iyice açıp yavaş yavaş çorbanın içerine dökün."", ""Karalahana çorbasını ara ara karıştırarak, yaklaşık 30 dakika kısık ateş üzerinde pişirin.""]"
d99fd20e-4c6d-4666-b456-d66481318fae,Avokadolu Kahvaltı Salatası,Turkey,"Taze ve besleyici bir kahvaltı seçeneği olan bu avokadolu salata, gününüze enerjik bir başlangıç yapmanızı sağlar",Salata,"[""7-8 adet çeri domates"", ""2 adet salatalık"", ""1/2 adet sarı biber"", ""1 adet kırmızı kapya biber"", ""1 adet avokado"", ""2 yemek kaşığı susam"", ""1/2 adet limon suyu"", ""1 çay kaşığı tuz"", ""2-3 yemek kaşığı zeytinyağı""]","[""Domatesleri ortadan ikiye bölün. Salatalıkları halka halka doğrayın."", ""Biberleri ve avokadoyu küp küp doğrayın. Fesleğenleri elinizle kopartarak ufaltın ve dil peynirini iri küpler şeklinde dilimleyin."", ""Hepsini karıştırın ve üzerine susamı ilave edin. Limon suyu, zeytinyağı ve tuz ile sosunu hazırlayın ve salataya dökün."", ""İyice karıştırdıktan sonra kahvaltı salatanız hazır. Afiyet olsun!""]"
98c7adc9-7b6b-4ec5-8765-1740b9386624,Pudingli Kek,Turkey,"Üzerinde kremsi puding bulunan yumuşak ve nemli kek, hem göze hem damaga hitap eden lezzetli bir tatlı",Tatlı,"[""3 adet yumurta"", ""1 su bardağı toz şeker"", ""1 su bardağı sıvı yağ"", ""1 su bardağı süt"", ""2,5 su bardağı un"", ""1 paket kabartma tozu"", ""1 paket vanilin"", ""1 paket çikolatalı puding""]","[""Yumurta ve şekeri 5 dakika beyaz köpük kıvamına gelinceye kadar çırpın. Süt ve yağı ekleyip çırpmaya devam edin."", ""Un, kabartma tozu ve vanilini eleyerek ekleyin. Pudingi de ilave ettikten sonra karıştırın."", ""Kalıbınızı yağlayın. Karışımı kalıba dökün. Önceden ısıtılmış 180 derecelik fırında 45 dakika kontrollü pişirin. Pişen kekinizi kalıptan çıkarın ve dilimleyerek servis edin."", ""Pudingli kek tarifiniz hazır. Afiyet olsun.""]"
418fd0f7-60f9-46ca-99e4-f7a870f46a17,Sac Tava,Turkey,Lezzetli dana eti ve sebzelerin sac tavada harmanlandığı pratik ve doyurucu bir ana yemek,Ana Yemek,"[""3 yemek kaşığı sıvı yağ"", ""800 gram kuşbaşı dana eti"", ""1 adet kuru soğan (yemeklik doğranmış)"", ""4 adet sivri biber (doğranmış)"", ""2 adet domates (kabuğu soyulmuş, küp doğranmış)"", ""1 çay kaşığı tuz"", ""1 çay kaşığı pul biber"", ""1 çay kaşığı karabiber"", ""1 tatlı kaşığı tereyağı""]","[""Sac tava için sac tavayı yüksek ateşte ısıtın ve sıvı yağı koyup kızdırın. Üzerine eti ilave edin. Etleri yüksek ateşte suyunu salıp çekene kadar kavurun."", ""Etler hafif kızardığında, soğanı ilave edin ve karıştırın."", ""Soğanlar sotelendikten sonra yeşil biberi de tavaya ekleyin."", ""Biberler de sotelendikten sonra domatesleri ve baharatları da ekleyin."", ""Son olarak domatesler piştikten sonra tereyağı ilave edip karıştırın."", ""Ardından ocağın altını kapatın ve sıcak olarak servis edin. Sac tava hazır. Afiyet olsun.""]"
e2c9be40-55cb-4edc-ae7d-dda7d7c3631f,Ispanaklı Pankek,Turkey,"Sağlıklı ve lezzetli ıspanaklı pankekler, hem doyurucu hem de besleyici bir kahvaltı seçeneği sunar",Tatlı,"[""250 gram ıspanak"", ""3 adet yumurta"", ""4 yemek kaşığı toz şeker (ya da esmer şeker/hindistan cevizi şekeri)"", ""1/2 su bardağı süt"", ""1/2 su bardağı bitkisel yağ"", ""2+1/4 su bardağı un"", ""1 paket kabartma tozu""]","[""Ispanakları dondurucudan çıkarıp biraz çözündüğünde rondodan geçiriyoruz ve yaklaşık 2 su bardağı kadar rondodan geçirilmiş ıspanağımız oluyor. Yumurta ve şekeri çırpıp ardından süt ve yağımızı ilave"", ""Ispanakları karışıma ilave edip en son kabartma tozu ve unu eleyerek ilave ediyoruz ve boza kıvamında yeşil bir kek hamuru elde ediyoruz. Pankek hamurumuzu dilersek fırında pişirebiliriz ama benim ter"", ""En son iki tarafı pişen pankeklerin üzerine ballı yoğurt, incir, file badem, öğütülmüş ceviz ve çok az tarçın serptim. Yumuşacık dokulu bu tarifi mutlaka deneyin.""]"
92554325-cd39-4cb5-ba3e-a29ffc2dae69,Limonlu Yumuşacık Kek,Turkey,"Narenciye aromasıyla ferahlatan, ağızda dağılan yumuşacık dokuda bir limonlu kek tarifi",Tatlı,"[""1 su bardağı toz şeker"", ""3 adet yumurta"", ""3/4 su bardağı sıvı yağ"", ""3 yemek kaşığı eritilmiş tereyağı"", ""1 çay bardağı yoğurt"", ""1 paket kabartma tozu"", ""1/2 çay bardağı limon suyu"", ""1 yemek kaşığı limon kabuğu rendesi"", ""1 paket vanilya"", ""2,5 - 3 su bardağı un""]","[""Bir kabın içerisine yumurtaları kırın ve şekerle birlikte güzelce çırpın."", ""Ardından sıvı yağ, eritilmiş tereyağı, limon suyu ve yoğurdu ekleyerek tekrar çırpın."", ""Limon kabuklarını vanilya ile birlikte ovun ve karışıma ilave edin."", ""Kabartma tozu ve unu eleyerek harca ilave edin. Spatula yardımıyla alttan üste doğru kuru malzemeleri harca güzelce yedirin."", ""Yağlanmış kek kalıbına kek harcını aktarın. Önceden ısıtılmış 165 derecelik fırında 30-40 dakika kadar pişirin."", ""Limon suyu ve pudra şekerini güzelce çırpın. Keki fırından çıkarın ve oda sıcaklığında soğuttuktan sonra hazırladığınız sosu üzerine gezdirin ve servis edin.""]"
7a73028e-a0d7-4f06-88b2-29e2b863316f,Bükme Çörekler,Turkey,"Tereyağıyla hazırlanan yumuşacık hamurdan yapılan, mis gibi kokan bükme çörekler",Ana Yemek,"[""1 su bardağı ılık süt"", ""1/2 su bardağı ılık su"", ""100 gram tereyağı"", ""1 paket instant maya"", ""2 adet yumurta (1 akı üzerine)"", ""1/2 su bardağı şeker"", ""5 su bardağı un (aldığı Kadar)""]","[""Yarım su bardağı ılık suya 1 paket maya ve 1 yemek kaşığı şekeri ekleyip karıştırın. 5 dakika maya aktifleşip kabarsın."", ""O sırada yoğurma kabına sütü, oda sıcaklığındaki tereyağı, yumurtaları kalan şekeri ekleyip pürüzsüz bir hamur elde edene kadar yoğurun. 1 saate yakın mayalandırın."", ""Daha sonra hamuru 4 bezeye bölün, 1 bezeyi dikdörtgen şeklinde açın."", ""Üzerine çikolatayı sürün (kolay sürülmesi için çikolata kutusunu ılık suya koyun), fındık kırıntılarını serpin aynı şekilde 1 dikdörtgen daha açıp üzerine kapatın."", ""Kenarlarını hafif bastırın. 2 cm'lik şeritler kesin 7-8 defa bükün."", ""Kendi etrafında dolayarak sarın."", ""Muffin kalıplarına koyun."", ""Ayırdığınız yumurta akına bir çimdik tuz atıp çatalla biraz çırpın, muffinlere sürün."", ""180 derece fırında yaklaşık 30 -35 dakika kızarana kadar pişirin."", ""Fırından çıkınca üzerini nemli bezle örtüp dinlendirin."", ""Soğumaya yakın üzerilerine pudra şekeri eleyin. Afiyet olsun.""]"
89e6799b-a7e8-4aa1-826b-edc8ea0bee67,Chipotle Sos,Turkey,"Meksika mutfağından lezzetli ve baharatlı bir sos, hamburgerler ve sandviçler için mükemmel tamamlayıcı",Ana Yemek,"[""2 yemek kaşığı ketçap"", ""2 yemek kaşığı mayonez"", ""1 tatlı kaşığı sirke"", ""1 tatlı kaşığı limon suyu"", ""2-3 adet jalapeno biber turşusu""]","[""Tüm malzemeleri bir araya getirin."", ""Homojen kıvam olana kadar karıştırın."", ""Ardından dilediğiniz tarifin yanında chipotle sosunuzu servis edin. Afiyetler olsun.""]"
68704496-416f-45f5-bc95-47ba46f43741,Yulaf Sütlü Sütlaç,Turkey,"Sağlıklı ve lezzetli bir alternatif olan yulaf sütlü sütlaç, geleneksel sütlaç tadını yulafın besleyiciliğiyle birleştirir",Tatlı,"[""1 su bardağı yulaf"", ""5 su bardağı su"", ""4 su bardağı yulaf sütü"", ""3 yemek kaşığı pirinç"", ""4 yemek kaşığı bal"", ""1 paket vanilin"", ""1/2 çay kaşığı tarçın""]","[""Su ve yulafı yaklaşık 5 dakika kadar blenderdan geçirin."", ""Karışımı bir temiz bir bezin içinden süzün. Hazırladığınız yulaf sütünü buzdolabında bekletin. Dilerseniz içerisine bal, vanilya gibi tatlandırıcılar da ekleyebilirsiniz."", ""Pirinci yıkayın. Ufak bir tencerede, kaynar suda yumuşayana kadar haşlayın."", ""Yulaf sütünü orta boy bir tencerede, orta ateşte ara ara karıştırarak koyulaşana kadar kaynatın."", ""Koyulaşan süte pirinçleri süzüp ekleyin ve birlikte 4-5 dakika kısık ateşte pişirmeye devam edin."", ""Karışımı ocaktan alın, içine bal ve vanilini ekleyip karıştırın."", ""Karışımı servis bardaklarına paylaştırın. Önce oda sıcaklığında 1 saat, ardından buzdolabında sertleşene kadar en az dört saat bekletin. Üzerine tarçın serpin ve soğuk olarak servis edin. Afiyet olsun""]"
aa796410-c44f-43f6-993f-574c4207b9fd,Protein Burger,Turkey,"Yüksek proteinli, lezzetli ve doyurucu burger için pratik tarif",Ana Yemek,"[""400 gram kıyma"", ""2 yemek kaşığı keten tohumu"", ""3 yemek kaşığı galeta unu"", ""1 adet yumurta"", ""1 adet soğan"", ""1 çay kaşığı tuz"", ""1 çay kaşığı karabiber"", ""1 çay kaşığı kimyon""]","[""Kıymayı geniş bir kaba alın."", ""Diğer bütün malzemeleri ilave edip 2-3 dakika yoğurun."", ""200 gr'lık bezeler halinde porsiyonlayın."", ""1 yemek kaşığı zeytinyağını ısınmış tavada ısıtın."", ""Zeytinyağı ısınınca köfteleri tavaya yerleştirin."", ""Her iki yüzünü de 10-15 dakika pişirin. Üzerine cheddar peynirlerini de yerleştirin ve 5 dakika daha pişirin.""]"
f0366dd9-4a86-47e6-a720-1096b56c197f,Kıymalı Pazı,Turkey,"Lezzetli kıyma ve taze pazı yapraklarıyla hazırlanan, doyurucu bir Türk mutfağı klasiği",Et Yemekleri,"[""400 gram kıyma"", ""1 adet büyük boy soğan"", ""4 bağpazı (1 kg yakın)"", ""1 yemek kaşığı domates salçası"", ""1/2 yemek kaşığı biber salçası"", ""3 çay bardağı su"", ""1 tatlı kaşığı tuz"", ""1 tatlı kaşığı toz kırmızı biber"", ""1 çay kaşığı karabiber"", ""1 çay bardağı iri bulgur (veya pirinç)""]","[""Yemeklik doğranmış soğan eklenerek kavurmaya devam edilir."", ""Salça ilave edilir, 1-2 dakika kavrulur."", ""Güzelce yıkanmış ve ince doğranmış pazılar ilave edilir. Su eklenir. Karıştırılıp kapak kapalı pişmeye bırakılır."", ""Pazı küçülüp su kaynamaya yaklaşınca bulgur ve ezilmiş sarımsak ilave edilir. Kapak kapalı pişmeye bırakılır."", ""Üzerine bol pul biberle afiyetle yenir.""]"
5cfea8a4-1031-4dc3-90f6-d48576cad346,Leblebi Helvası,Turkey,"Leblebi tozu ve yağlarla hazırlanan geleneksel bir tatlı olan leblebi helvası, kıvamına gelince servis edilir",Tatlı,"[""2 su bardağı leblebi tozu"", ""2 yemek kaşığı tereyağı"", ""1 yemek kaşığı sıvı yağ"", ""1,5 su bardağı şeker"", ""2,5 su bardağı süt""]","[""Leblebi helvası için tencereye süt ve şekeri ekleyin, kaynayana kadar karıştırın."", ""Tereyağını tavaya alın, eritin."", ""Ardından leblebi tozunu ekleyin."", ""10 dakika kadar kısık ateşte kavurun, renk almasını ve kokusunun çıkmasını sağlayın."", ""Üzerine sütü ilave edin."", ""Güzelce karıştırın. Sütü çekmesini sağlayın."", ""Dinlendirdiğiniz helvayı tarçın veya ceviz ile sunabilirsiniz. Leblebi helvası hazır. Afiyet olsun!""]"
eb539596-67fb-4abb-b231-d2909b33a741,Tahinli Köy Kurabiyesi,Turkey,"Tahinin lezzetli aromasıyla harmanlanmış, çıtır çıtır köy kurabiyesi tarifi",Tatlı,"[""2 adet yumurta"", ""2 çay bardağı şeker"", ""3/4 çay bardağı sıvı yağ"", ""3/4 çay bardağı yoğurt"", ""2 yemek kaşığı tahin"", ""1 adet portakal suyu"", ""1 adet portakal kabuğu rendesi"", ""1 çay kaşığı tarçın"", ""1/2 paket kabartma tozu"", ""1 silme çay kaşığı karbonat"", ""1 paket vanilin"", ""5 çay bardağı un""]","[""Yumurtalardan birinin sarısını ayırıyoruz. Geri kalanları hamur yoğurma kabımıza alıyoruz. Üzerine şekerleri ilave edip çırpıyoruz."", ""Çırpılan karışımın üzerine sıvı malzemelerimizi ekliyoruz."", ""Portakal kabuğu rendesi, kabartma tozu, tarçın, karbonat ve vanilin ekliyoruz, karıştırıyoruz."", ""Son olarak kontrollü bir şekilde unu ilave ediyoruz."", ""Ellerimizi yağlayıp hamurdan dilediğimiz büyüklükte parçalar koparıp yağlanmış ya da yağlı kağıt serdiğimiz fırın tepsisine kurabiyelerimizi diziyoruz."", ""Kurabiyelerin üzerine bıçak ile artı işareti yapıyoruz. Üzerine ayırmış olduğumuz yumurta sarılarını sürüyoruz. Fındık ya da ceviz kırığı ile süslüyoruz."", ""180 derecede önceden ısıtılmış fırınımızda 30 dakika pişiriyoruz. Afiyet olsun.""]"
ac28b060-b8e6-455a-be9c-c57f64b7167d,Şeftalili Ters Yüz Kek,Turkey,"Ters yüz şeftalili kek, meyvenin doğal tatlılığı ve kekin yumuşak dokusuyla damakları şenlendiren lezzetli bir tatlıdır",Tatlı,"[""2 adet şeftali (sert)"", ""3 adet yumurta"", ""1,5 su bardağı şeker"", ""1/2 su bardağı sıvı yağ"", ""1 su bardağı ılık süt"", ""2,5 su bardağı un"", ""1 paket vanilya"", ""1 paket kabartma tozu""]","[""Kek kalıbı ya da borcama yağlı kağıt serilip toz şeker konulur. Şeftaliler ince ince doğranıp üzerine dizilir."", ""Hamuru için önce şeker ve yumurta çırpılır. Sıvı yağ ve süt de konulup çırpılır."", ""Un, vanilya ve kabartma tozu da eklenip karıştırılır."", ""Şeftalilerin üzerine kek hamuru konulup önceden ısıtılmış 170 derece fırında 35 dakika pişirilir."", ""Soğuyan kek ters çevrilir ve yağlı kağıt da çıkarılıp servis yapılır.""]"
b6e69c9f-9070-4e7e-94ec-f181623c6484,Levain Kurabiye,Turkey,"Levain kurabiyesi, dışı çıtır içi yumuşak dokusuyla bilinen lezzetli bir tatlıdır",Tatlı,"[""130 gram tereyağı"", ""100 gram esmer şeker"", ""50 gram toz şeker"", ""1 adet yumurta"", ""1/2 tatlı kaşığı kabartma tozu"", ""1 paket vanilin"", ""30 gram mısır nişastası"", ""200 gram un"", ""2 paket çikolata (bitter veya sütlü)""]","[""Tereyağı oda sıcaklığında iyice yumuşamış olsun. Tereyağı ve şekerleri çırpın. Yumurtayı da ekleyip çırpın."", ""Mısır nişastası, kabartma tozu ve vanilini ekleyin. Yavaş yavaş unu da ekleyip kulak memesi kıvamında yoğurun."", ""Cevizi tavaya alıp biraz kavurun, yakmayın. Sonra parçalayıp karışıma ekleyin. Çikolataları da iri iri doğrayın ekleyin."", ""Büyük büyük parçalar alın yağlı kağıt serili tepsiye aralıklı dizin. Önceden ısınmış 200 derecelik fırında 10 dakika pişirin. Afiyet olsun.""]"
2912650e-2b38-4943-ac29-f6d347203fd9,Sosisli Milföy Çubukları,Turkey,Pratik ve lezzetli atıştırmalık. Milföy hamuruna sarılmış sosislerin çıtır çıtır tadı,Ana Yemek,"[""4 adet milföy hamuru"", ""5 adet orta boy sosis"", ""1 çay kaşığı karabiber"", ""1 çay kaşığı sarımsak tozu"", ""2 yemek kaşığı zeytinyağı""]","[""Milföy hamurlarını çıkarıp, oda sıcaklığında çözdürün."", ""Ardından iki adet milföy hamurunu yan yana koyarak merdane yardımıyla birleştirerek genişletin."", ""Milföyleri uzun orta boy şeritler olacak şekilde düzgünce kesin."", ""Sosisleri ortadan ikiye bölün."", ""Bir kabın içine aktarın. Zeytinyağı ve baharatlarla güzelce harmanlayın."", ""Hazırladığınız şeritleri sosislerin üzerine döndürerek sarın. Bir diğer şeridi eklerken uçlarından birleştirmeyi ihmal etmeyin."", ""Tüm şeritler ve sosisler bittiğinde pişirme kağıdı serili bir fırın tepsisine aktarın. Üzerlerine yumurta sarısı ve keten tohumu sürüp 180 derecede sosisler kızara ve milföy kabarana kadar 15-20 dakik""]"
8bab4710-e65e-40e1-8d64-16b7bb02b218,İki Malzemeli Pancake,Turkey,Sadece iki malzemeyle hazırlayabileceğiniz pratik ve lezzetli pancake tarifi,Ana Yemek,"[""2 adet küçük boy muz"", ""2 adet orta boy yumurta"", ""Etimek Tatlısı Tarifi"", ""Damla Çikolatalı Kurabiye"", ""Tatlı Tarifleri Spoonful Mozaik Pasta Çikolatalı Sufle İrmik Helvası Fırın Sütlaç Profiterol Revani Magnolia"", ""Kahvaltılık Tarifler Pancake Krep Pişi Kuymak Kaygana Kahvaltılık Sos Menemen Muhlama Yumurtalı Ekmek Omlet"", ""Omlet""]","[""Yumurtaları bir kaba alın."", ""Güzelce çırpın. Bu aşamada blenderla da çırpabilirsiniz."", ""Muzları ekleyin ve pürüzsüz olana kadar blender yardımıyla ezin."", ""Pürüzsüz bir kıvam elde edin."", ""Yapışmaz bir tavayı yağlayın, ısıtın. Karışımdan bir kepçe yardımıyla tavaya yuvarlak parçalar halinde dökün."", ""Yüzeyde kabarcıklar oluşana ve kenarları kuru görünene kadar 2-4 dakika pişirin ve spatula ile çevirin."", ""Pankeklerin arka tarafını da 1-2 dakika pişirin ve tabağa alın. Meyvelerle süsleyip servis edin. Afiyet olsun.""]"
1f1160ad-8b28-497f-89b0-0ed191b840e6,Doğum Günü Pastası,Turkey,Lezzetli ve hafif doğum günü pastası tarifi,Tatlı,"[""2,5 su bardağı süt"", ""2 yemek kaşığı tereyağı"", ""1 su bardağı şeker"", ""2 adet yumurta"", ""3 yemek kaşığı nişasta"", ""1 çay kaşığı vanilya""]","[""Sütü ve şekerin yarısını bir tencereye alıyoruz, altını açıyoruz ve ısıtmaya başlıyoruz. 2 yemek kaşığı tereyağını da ekliyoruz"", ""Başka bir kapta toz şekerin kalan yarısı ve nişastayı iyice karıştırıyoruz. Topak olmamasına dikkat edin."", ""Üzerine 2 yumurtamızı ekliyoruz ve tamamen karışana kadar çırpıyoruz. Süt karışımımızdan bir iki çorba kaşığı alıp yumurta karışımının içine döküyoruz. Nişastanın dibe çökmediğinden emin olmak için so"", ""Ardından sütü ısıttığımız tencereye döküyoruz karışımımızı. Kıvam alana kadar kaynatıyoruz. En son vanilyayı ekliyoruz ve krema neredeyse hazır.""]"
29273d6a-09f9-44c3-a02b-bf89a447164a,Kolay Mozaik Pasta,Turkey,"Pratik ve lezzetli mozaik pasta, hiç pişirmeden hazırlanan klasik bir tatlıdır",Tatlı,"[""1 su bardağı eritilmiş tereyağı"", ""10 yemek kaşığı kakao"", ""8 yemek kaşığı pudra şekeri"", ""2 adet yumurta"", ""2 paket pötibör bisküvi"", ""1 paket krema"", ""150 gram çikolata (bitter veya sütlü)""]","[""Küçük bir tencerede tereyağını eritin ve bekletin. Bisküvileri derin bir kapta önce ikiye sonra dörde bölün ancak çok ufalamayın."", ""Ardından kakao,pudra şekeri ve tereyağını ilave edip iyice karıştırın. Bu esnada harç, gözünüze kuru gelebilir ama ekstra yağ eklemeyin."", ""İki yumurtayı da içine ekleyip, güzelce yedirin. Yumurtalar çiğ tat vermeyecek korkmayın."", ""Hepsini spatula ile karıştırdığınıza eminseniz yağlı kağıt serdiğiniz kilitli kek kalıbına harcı dökün ve iyice elinizle bastırın. Pasta şekli verin."", ""15 dakika buzlukta bekletin. Bu esnada sosu hazırlayın. Kremayı sos tenceresine döküp ısıtın. Ocaktan alıp, çikolatayı ekleyin"", ""Kremanın ısısıyla çikolata ereyecek. Buzluktan pastayı alın ve kelepçeyi çıkarın. Sosu pastanın üzerine dökerek servis yapın.""]"
ae5833cf-7a2e-4cbf-bf97-948b9f1b40bb,Pofuduk Poğaça,Turkey,"İçerisi yumuşacık, dışı çıtır çıtır pofuduk poğaça tarifi. Kolay hazırlanışı ve lezzetiyle sofraların vazgeçilmezi olacak",Börek & Hamur İşi,"[""1 kilogram un"", ""2 su bardağı ılık süt"", ""100 mililitreılık su"", ""70 gram sıvı yağ"", ""1 paket instant maya"", ""1 yemek kaşığı şeker"", ""1 tepeleme tatlı kaşığı tuz"", ""100 gram margarin veya tuzsuz tereyağı"", ""150 gram peynir"", ""1 adet yumurta sarısı""]","[""Ilık su, süt, maya ve şekeri kaba alıp 5 dakika bekleyin."", ""Üzerine tuz ve unu kontrollü ekleyerek ele yapışmayan bir hamur elde edin."", ""Mayalanan hamurdan bezeler yapın ve üzerilerine küçük birer küp margarin koyun ve 10 dakika mayasını almasını sağlayın."", ""Peynirli bir harç hazırlayın."", ""Margarinli hamuru tekrar hafifçe yoğurup içi ekleyip istediğiniz şekli verip yumurta sarısı sürdüğünüz poğaçaları 180 derecelik fırında pişirin. Afiyet olsun.""]"
fa5ded7a-72a5-46b4-9f21-b1a5af86821e,Ev Poğaçası,Turkey,"Evde kolayca hazırlayabileceğiniz, dışı çıtırlığı içi yumuşaklığıyla damaklarda lezzet bırakan geleneksel bir poğaça tarifi",Börek & Hamur İşi,"[""1 adet yumurta (sarısı üzeri için)"", ""1 su bardağı yoğurt"", ""1 çay bardağı süt"", ""1 çay bardağı sıvı yağ"", ""4 su bardağı un"", ""1 tatlı kaşığı tuz"", ""1 paket kabartma tozu"", ""1 adet yumurta sarısı (üzeri için)""]","[""Uygun bir yoğurma kabına yumurta akı, yoğurt, süt ve sıvı yağı ekleyip çırpalım."", ""Un, tuz, kabartma tozunu ekleyip yoğuralım. Unu yavaş yavaş kontrollü bir şekilde ekleyelim."", ""Ele yapışmayan hamur olunca küçük bezeler yapalım. (isterseniz zeytin, peynir vs ekleyebilirsiniz)"", ""Poğaçaları yağlı fırın tepsisine alın. Yumurta sarısını üstüne sürün."", ""Çörek otu veya susamı dökün."", ""170 derecede 25 dakika pişirin."", ""Poğaçalar servise hazır. Afiyet olsun.""]"
79095cc8-3aa3-4ddf-ab00-e87ffa24ebab,Fırınsız Kremalı Pasta,Turkey,Fırına ihtiyaç duymadan hazırlayabileceğiniz pratik ve lezzetli kremalı pasta tarifi,Ye,"[""1 adet yumurta"", ""1 paket kabartma tozu"", ""2,5-3 su bardağı un""]","[""Öncelikle kremayı hazırlayın. Vanilin ve krem şanti hariç tüm malzemeleri tencere alın, karıştırın."", ""Krema kaynayınca vanilin ekleyin ocaktan alın. Ilındıktan sonra krem şanti ekleyip çırpın."", ""Hamuru hazırlayın. Tüm malzemeleri; Yumurta, şeker, süt, sıvı yağ, kabartma tozu ve unu bir kaba alarak yoğurun. (Unu dikkatli ekleyin. Hamur açılacak kıvamda olmalı. Tezgaha un eklenerek açılmayacak."", ""Hamur hazırlandıktan sonra 8 parçaya bölün. Her parçayı iyice incecik olacak şekilde açın."", ""Yağsız yapışmaz tavada hamurun her iki tarafını da kızartın. Kızarttığınız hamurları kenara alın. Soğudukça kırılgan hâle geliyor dikkat edin."", ""Bir servis tabağına önce kızarttığınız bir hamur sonra üzerine krema şeklinde; hamurlar bitene kadar devam edin. En üstünü ve kenarlarını da krema kaplayın."", ""Buzdolabında en az 1 saat bekletin ve servis edin. Afiyet olsun.""]"
ef2bb876-7a9c-4d2a-8d4a-f89049be8c7f,Bol Malzemeli Açık Tost,Turkey,"Lezzetli kaşar peyniri ve taze malzemelerle hazırlanan, doyurucu bir açık tost tarifi",Ana Yemek,"[""1,5 su bardağı rendelenmiş kaşar peyniri"", ""2-3 adet cherry domates"", ""1 yemek kaşığı domates salçası"", ""2 yemek kaşığı zeytinyağı"", ""1 çay kaşığı karabiber"", ""1 çay kaşığı kekik""]","[""Tost makinesini ısıtın ve sucukları arkalı önlü olacak şekilde güzelce pişirin.Sosu için gerekli olan malzemeleri küçük bir kâsede karıştırın ve ekmeklerin üstüne sürün."", ""Sosladığınız ekmekleri tost makinesine alın ve üstlerine rendelenmiş kaşar peynirini paylaştırın."", ""Üstlerine birer dilim burger peynirini koyun ve sucukları da paylaştırın."", ""Çeri domatesi halka halka doğrayıp ekmeklere dağıtın ve sonra olarak da maydanozu serpiştirip tost makinesinin üstünü ekmelere bastırın."", ""Peynirler eriyene dek yaklaşık 7 dakika bekleyin ve ardından sıcak sıcak servis edin. Afiyetler olsun!""]"
c20ae79a-c509-4277-adf1-8eb17f417825,Kremalı Mantarlı Makarna ve Kekikli Tavuk,Turkey,"Kremalı mantar sosuyla buluşmuş kekikli tavuk parçaları, lezzetli ve doyurucu bir makarna keyfi sunuyor",Tatlı,"[""1 paket penne makarna"", ""500 gram kuşbaşı tavuk göğsü"", ""400 gram mantar"", ""2 tatlı kaşığı tereyağı"", ""1 çay kaşığı kekik"", ""1 çay kaşığı tuz"", ""1/2 çay kaşığı karabiber""]","[""Öncelikle makarnayı klasik haşlıyoruz."", ""Tavukları 2 yemek kaşığı sıvı yağda biraz kızartıyoruz."", ""Tavuklar ve makarna olurken aynı zamanda mantarları çok ufak olmayacak şekilde dörde bölüyoruz. (Pişirirken suyunu verecek ve küçülecek.)"", ""Mantarlarımızı 2 tatlı kaşığı tereyağını tavada eritip üstüne koyuyoruz, mantarların suyunu salıp kızarmasını bekliyoruz."", ""Suyunu salıp kızarmaya başladığında mantarların üstüne 1 çay kaşığı tuz ekliyoruz. Yarım çay kaşığı karabiber ekliyoruz."", ""Makarna haşlanmış ise derin tabağa iki çatal çevirerek önce tabana makarnayı koyuyoruz."", ""Daha sonra mantarların üstüne yarım paket krema dökerek kıvamını almasını bekliyoruz. Akışkan olmamalı."", ""Mantarları kremaladıktan sonra makarnanın üstüne ekliyoruz."", ""En son kızarak tavukların üstünede kremayı ve kekik ekliyoruz, ihtiyacınız kadar tuz ekleyip akışkan bir kıvam olmaması için sürekli karıştırarak kıvam almasını bekliyoruz.""]"
b074067b-ce23-4a13-9d8d-90f3533f3017,Domates Burger,Turkey,Lezzetli kıyma ve taze domateslerle hazırlanan pratik burger tarifi,Sebze Yemekleri,"[""500 gram kıyma"", ""2 adet domates"", ""1 adet yumurta"", ""1 yemek kaşığı limon suyu"", ""1 tatlı kaşığı tuz"", ""1 çay kaşığı kimyon"", ""1 tatlı kaşığı pul biber"", ""1 çay kaşığı sarımsak tozu"", ""1 çay kaşığı karbonat"", ""3/4 su bardağı galeta unu""]","[""Domates hariç tüm malzemeleri güzelce karıştırın ve bir köfte harcı elde edin."", ""Ete köfte şekli verin ve kızgın yağda arkalı önlü kızartın."", ""Ardından domatesleri ortadan ikiye bölün ve önünü hafifçe pişirerek tavada lezzetlendirin."", ""Aynı tavada köftelerin üzerine kaşar peynirlerini ilave edin ve eritin."", ""Hazırladığınız köfteleri aralarına koyun. Yardımcı malzemeleri de ekleyin. Kürdanı batırarak son dokunuşu yapın ve servis edin.""]"
5aa97d6e-ac1b-47a7-83f5-ddaef38cf344,Çilekli Kek,Turkey,"Taze çileklerle lezzetlendirilen, yumuşacık ve pratik bir kek tarifi",Tatlı,"[""3 adet yumurta"", ""3 su bardağı un"", ""1 su bardağı toz şeker"", ""1 su bardağı yoğurt"", ""1/2 su bardağı sıvı yağ"", ""1 paket vanilin"", ""1 adet limon kabuğu rendesi"", ""200 gram çilek"", ""1 paket kabartma tozu""]","[""Bir karıştırma kabının içerisinde yumurtalarla şekeri krema kıvamı elde edene kadar mikserle 3 dakika çırpın."", ""Karşımına yoğurt, sıvı yağ, vanilya, limon suyu ve rendesi ekleyip tekrar karıştırın."", ""Kabartma tozu ve unu eleyerek karışıma ekleyin ve güzelce karıştırın. Elde edeceğiz karışım normal kek karışımından biraz daha kıvamlı olmalıdır."", ""Yağladığınız kelepçeli kalıba (yoksa normal kalıba) karışımın yarısını dökün ve üzerine ince ince doğradığınız çileklerin bir kısmını çok yakın olmayacak şekilde yerleştirin."", ""Çilekleri aralıklı yerleştirdikten sonra üzerine kek karışımının kalan yarısını dökün."", ""Önceden ısıtılmış 180 derece fırında yaklaşık 30 dakika kontrollü bir şekilde pişirin."", ""Soğuyan kekinizin üzerini pudra şekeri ve çileklerin kalanıyla süsleyebilirsiniz. Afiyet olsun!""]"
92c3d290-3aeb-42a9-ae29-c757f38e6036,Mercimekli Kolay Börek,Turkey,"Pratik ve lezzetli mercimekli börek, hem doyurucu hem de sağlıklı bir atıştırmalık",Börek & Hamur İşi,"[""1,5 su bardağı yeşil mercimek"", ""3-4 adet pırasa"", ""3 adet yumurta"", ""1 tatlı kaşığı tuz"", ""1/2 tatlı kaşığı karabiber"", ""1/2 tatlı kaşığı pul biber""]","[""Pırasaları ince ince doğruyoruz ve bir tavada zeytinyağı ile soteliyoruz."", ""Mercimeği ayrı bir tencerede haşlıyoruz ve haşlanmış mercimekleri süzüyoruz."", ""Daha sonra pırasalara, haşlanmış mercimekleri ekleyip bir tur daha kavuruyoruz."", ""Tuz ve baharatlarını ekleyip bir kasenin içinde soğumaya bırakıyoruz."", ""İyice soğuduğunda yumurtaları kırıp iyice karıştırıyoruz."", ""180 derece fırında yaklaşık 20-25 dakika pişiriyoruz. Afiyet olsun.""]"
a5680323-6f8d-498f-bcae-9d3d43746808,Tahinli Vişneli Fit Brownie,Turkey,Tahin ve vişnenin eşsiz lezzetini birleştiren sağlıklı ve pratik bir brownie tarifi,Ana Yemek,"[""10 yemek kaşığı su"", ""5 yemek kaşığı ham kakao"", ""1/2 çay bardağı bal"", ""5 yemek kaşığı tahin"", ""5 yemek kaşığı Hindistan cevizi yağı"", ""4 adet yumurta"", ""1 su bardağı teff unu (+ 1/4 su bardağı daha)"", ""1 paket dondurulmuş vişne"", ""1 paket kabartma tozu"", ""1 paket vanilin""]","[""Tencerede su, kakao, tahin ve Hindistan cevizi yağını pişiriyoruz."", ""Piştikten sonra altını kapatıp içine balımızı ilave edip, karıştırıyoruz."", ""Yumurtaların sarisini ve beyazını ayırıyoruz. Yumurtaların sarısını bir kapta çırpıp, karışımımızın içine ilave edip, karıştırıyoruz."", ""Yumurta akını bir kapta çırpıp, karışımımızın içine ilave edip, karıştırıyoruz."", ""Son olarak vanilya ve kabartma tozunu ekleyip karıştırıyoruz."", ""Kek kalıbımızı önceden Hindistan cevizi yağıyla yağlıyoruz."", ""Kek karışımımızın bir kısmını dokuyoruz, iyice tabana yayıyoruz."", ""Ara katman olarak vişnelerimizi gelişi güzel serpiştiriyoruz."", ""Sonra kalan kek karışımımızı üzerine dokuyoruz, iyice yayıyoruz."", ""Önceden ısıtılmış fırınımızda 180 derecede 30 dakika boyunca pişiriyoruz."", ""Kekimiz piştiğinde dışarıda soğumaya bırakıyoruz."", ""Kekimiz soğurken labne, bal ve Hindistan cevizi baharatımızı karıştırıyoruz."", ""Karışımımızı, kekimiz soğuduktan sonra üzerine iyice yayıyoruz."", ""En üstüne vişnelerimizi de koyduktan sonra, fit brownimiz hazır. Afiyet olsun.""]"
ce790425-c4d1-4c5f-a52e-0415e9acdcef,Tavuk Sac Kavurma,Turkey,"Wok veya sac tavada hızlıca pişirilen, sebzelerle zenginleştirilmiş lezzetli bir tavuk yemeği",Tavuk Yemekleri,"[""2 adet yeşil biber"", ""2 adet kırmızı biber"", ""10 adet arpacık soğan (ya da 1 adet soğan)"", ""2 adet tavuk göğsü"", ""1 adet domates"", ""1 yemek kaşığı tereyağı"", ""1 yemek kaşığı domates salçası (ya da domates püresi)"", ""1 tatlı kaşığı toz kırmızı biber"", ""1 tatlı kaşığı kekik"", ""1 çay kaşığı tuz"", ""1 çay kaşığı karabiber"", ""5-6 yemek kaşığı sıvı yağ""]","[""Sıvı yağ eklediğiniz sacı kızdırın. Kuşbaşı doğradığınız tavuk etini orta ateşte rengi dönünceye kadar kavurun."", ""Üzerine soğan, sarımsak ve biberleri ekleyip kavurmaya devam edin."", ""Ardından küp küp doğradığınız domatesleri ve domates püresini de ekleyin."", ""Baharatları da ekleyin."", ""Tereyağını koyup üç dört dakika daha pişirin."", ""Sıcak sıcak servis edin. Afiyet olsun.""]"
330d640e-03b5-4af6-a176-b5a31174c881,Havuçlu Lokum,Turkey,"Taze havuçların tatlılığıyla buluşan, vanilya aromalı yumuşak ve lezzetli bir lokum tarifi",Tatlı,"[""6 adet havuç (büyük boy"", ""1 su bardağı toz şeker"", ""1 paket vanilin""]","[""Havuçların kabuklarını soyun ve güzelce yıkayın. Yıkadıktan sonra iki üç parçaya bölün."", ""Derin bir tencereyi ocağa alın ve havuçları içerisine koyun. Üzerlerini geçecek kadar su ekleyip haşlamaya bırakın."", ""Havuçlar yumuşadıktan sonra haşlama suyundan bir su bardağı kadar ayırın."", ""Havuçlar soğuduktan sonra derin bir kaba alın üzerine ayırdığınız haşlama suyunu ekleyip blender ile iyice ezin."", ""Bir tava veya tencereye alıp içerisine ezilen havuçları alın. Üzerine şeker, nişasta, vanilin ekleyip karıştırın. Kaynayıp, koyulaşana kadar pişirin."", ""Isıya dayanıklı bir kabı ıslatın ve içerisine pişen havuçlu karışımı boşaltın ve yayın. 20 dakika kadar oda sıcaklığına gelmesini bekleyin."", ""Üzerini streç film ile kapatıp, 1 gece buzdolabında bekletin. Kıvamı koyulaşmış lokum harcını dilimlere ayırın ve her dilimi porsiyonluk olacak şekilde yuvarlayın."", ""Yuvarlak havuç toplarını Hindistan cevizine bulayın. Ortasına biraz bastırıp damla çikolataları koyun."", ""5-10 dakika kadar dolapta dinlendirip servis edin.""]"
cd16e466-e666-43a4-9869-19a996666799,Karamelli Çikolatalı Fit Tart,Turkey,Lezzetli karamel ve çikolata ile hazırlanan sağlıklı ve fit bir tatlı tarifi,Tatlı,"[""1 adet yumurta"", ""2 yemek kaşığı tereyağı"", ""2 yemek kaşığı zeytinyağı"", ""5 yemek kaşığı bal"", ""4 yemek kaşığı tahin"", ""1,5 su bardağı tam buğday unu"", ""1 çay kaşığı (silme) kabartma tozu"", ""1 paket bitter çikolata"", ""15 adet hurma"", ""3 yemek kaşığı süt""]","[""Öncelikle büyük bir kapta tereyağı, zeytinyağı, 2 yemek kaşığı bal, kabartma tozu ve yumurtayı elimizle karıştıralım."", ""Unu azar azar ekleyelim. Ele yapışmayan bir hamur elde edelim."", ""Yuvarlak küçük boy tepsinin her yerini yağlayalım. Hamuru eşit şekilde yayalım. Hamurun kenarlarından yukarı doğru kaldıralım, tart görünümü verelim."", ""Hamurun tabanına çatalla delikler açalım."", ""Önceden ısınmış 175 derecelik fırında pişirelim. Pişen hamuru soğumaya bırakalım."", ""Karamel için bir kasede 3 yemek kaşığı bal ve 3-4 yemek kaşığı tahini azar ekleyerek kaşıkla karıştıralım. Macun kıvamında olmalı."", ""Alternatif karamel için hurmaları çekirdeklerinden ayıralım. Sıcak suda yarım saat bekletelim. Yumuşayan hurmaları robota alalım. Üzerine azar azar süt ekleyip robottan çekelim."", ""Karamel kıvamına gelene kadar süt eklemesi yapalım. İki karamel tariflerinden istediğinizi yapabilirsiniz."", ""Soğuyan tartın üzerine karameli eşit şekilde yayalım. Buz dolabına koyup en az 10 dakika bekletelim. Çikolataları parçalayıp kaseye koyalım. Üzerine 1 tatlı kaşığı tereyağı ekleyelim."", ""Kaynayan çaydanlığın üzerine çikolatalı kaseyi koyup çikolatalar eriyene kadar bekliyelim."", ""Soğuyan tartın üzerine çikolatayı eşit şekilde yayalım. Dolapta 30 dakika daha bekletelim. Sonra dilimleyip servis edelim. Afiyet olsun.""]"
e3400e96-eaa1-48e2-8fa9-ea683e26841e,Etli İsotlu Çiğ Köfte,Turkey,"Acı isot ve taze bulgurun harmanlandığı, doyurucu lezzetiyle göz dolduran geleneksel bir atıştırmalık",Et Yemekleri,"[""12 çay bardağı ince bulgur"", ""2 su bardağı isot"", ""2 yemek kaşığı çemen"", ""350 gram dana kıyma (3-4 defa çekilmiş)"", ""1 tatlı kaşığı tuz (azaltıp arttırılabilir)"", ""2 su bardağı domates salçası"", ""1 çay bardağı zeytinyağı"", ""1 yemek kaşığı kuru nane"", ""1 yemek kaşığı kuru reyhan"", ""5 yemek kaşığı karabiber (farklı çeşitlerde)"", ""1 adet büyük boy rendelenmiş soğan"", ""1 kg rendelenmiş domates (kabuklu ve sulu)"", ""1 yemek kaşığı kekik""]","[""Çiğ köfte yoğurma tepsisinin içerisine yeşillikler ve et dışında bütün malzemeleri koyun."", ""Domates suyunu biraz koyun ve gerisini yoğuracağınız tepsinin yanına alın."", ""Bütün malzemeleri yaklaşık 15-20 dakika yoğurduktan sonra içerisine eti koyun ve et ile birlikte yoğurmaya devam edin."", ""Ara ara tadına ve kıvamına bakarak 30-40 dakika kadar yoğurun. Çiğ köfte kurudukça elinizi domates suyuna batırmayı unutmayın."", ""Son kısım olarak ince ince doğranmış yeşillikleri çiğ köfteye aktarın. Yeşillikler ile birlikte 5-10 dakika kadar daha yoğurduktan sonra çiğ köfte hazır olacaktır. Elinizle şekillendirerek servis edeb""]"
fc39a217-a1f8-492b-9681-418c5f6615b7,Patlıcanlı Parmak Kebabı,Turkey,"Patlıcan ve dana etinin mükemmel uyumuyla hazırlanan, lezzetli ve doyurucu bir kebap",Et Yemekleri,"[""500 gram dana kuşbaşı eti"", ""3 adet patlıcan"", ""4 adet domates"", ""3 yemek kaşığı zeytinyağı"", ""2 adet kuru soğan"", ""1 yemek kaşığı domates salçası"", ""1 su bardağı su"", ""1 çay kaşığı tuz"", ""1 çay kaşığı karabiber""]","[""Yapışmaz tabanlı bir tencereyi ateşte güzelce kızdırın. İçine etinizi alın ve yaklaşık 5 dakika boyunca ara ara kavurun. Ardından etlerin üstünü geçecek kadar su ilave edin, tencerenin kapağını kapatı"", ""Soğanları ince ince doğrayın ve suyunu çekmiş olan etlerin üstüne; kıyılmış soğanları ve zeytinyağını ekleyip, 2-3 dakika kadar kavurun."", ""3 adet domatesi küp küp doğrayın ve tencereye ilave edin. Tuz ve karabiberi de ekledikten sonra, karıştırın, tencerenin kapağını kapatın ve etler suyunu çekene dek pişmeye bırakın. Sık sık kontrol etm"", ""Patlıcanları alacalı olarak soyun ve ince şeritler halinde, parmak boyu uzunluğunda kesin. Patlıcanları bir kaba alın, üstlerini geçecek kadar su doldurun ve 1 yemek kaşığı kadar tuz ekleyip, karıştır"", ""Patlıcanların suyunu süzün, durulayın ve güzelce kurulayın. Aynı yağda patlıcanları da kızartın ve havlu kağıt serdiğiniz bir kaba alın."", ""Orta boy yuvarlak bir fırın tepsisinin kenarlarına sıra sıra patlıcanları dizin."", ""Ortada kalan boşluğa etinizi alın. 1 adet domatesi yarım ay şeklinde doğrayın ve etlerin etrafına dizin.Salçayı, 1 su bardağı suyla açın ve tepsiye gezdirin"", ""Tepsinin üstünü örtecek boyutlarda bir yağlı kağıdı, güzelce ıslatıp, fazla suyunu sıkın ve tepsinin üstüne güzelce serin.Önceden ısıtılmış 190 derece fırında, etler suyunu çekene dek, yaklaşık 20 dak""]"
b74500e3-a049-424b-8a06-12970d5d088f,Muhallebili Brownie Kurabiye,Turkey,"Çikolatalı brownie ile yumuşak muhallebinin mükemmel uyumu, damaklarda unutulmaz bir tat bırakıyor",Tatlı,"[""125 gram tereyağı ya da margarin"", ""1 çay bardağı sıvı yağ"", ""1 adet yumurta"", ""1 paket vanilya"", ""1 paket kabartma tozu"", ""2 yemek kaşığı (tepeleme) dark kakao"", ""3 su bardağı un (aldığı kadar)""]","[""Öncelikle şerbet hazırlanıp soğumaya bırakılır. Kurabiye hamuru için kabartma tozu ve un dışındaki tüm malzemeler yoğurma kabına alınır."", ""İyice çırpılır ardından kontrollü un ve kabartma tozu eklenir. Ceviz büyüklüğünde parçalar alınır. Elimizle yuvarlayıp üstü hafifçe bastırılıp yağlı kağıt serili tepsiye alınır."", ""Tüm hamur bu şekilde yapılır. 180 derece fırında 25 dakika kontrollü pişirilir."", ""Pişen sıcak kurabiyelerin üzerine hazırladığımız soğuk sütlü şerbet her yerine gelecek şekilde gezdirilerek dökülür."", ""Kreması için krem şanti ve vanilya dışında diğer tüm malzemeler eklenir ve ocağa almadan iyice çırpılır."", ""Kısık ateşte pişirilir, pişen krema ayrı geniş bir borcama alınır ve üzeri buzdolabı poşeti ile tamamen kapatılır."", ""Soğuyan kremaya krem şanti ve vanilya eklenerek iyice en az 5 dakika çırpılır; iyice çırpıldıktan sonra bir tatlı kaşığı yardımıyla kurabiyelerin her birinin üzerlerine muhallebiden konulur.""]"
9d9f95da-232b-4d20-a222-9c54e3731bfa,Kremalı Spagetti,Turkey,"Kremalı spagetti, birkaç malzemeyle hazırlayabileceğiniz pratik ve lezzetli bir ana yemek",Et Yemekleri,"[""1/2 paket spagetti"", ""1 tatlı kaşığı tereyağı"", ""1 paket sıvı krema"", ""1/2 çay kaşığı karabiber"", ""1 çay kaşığı tuz""]","[""Tencereye 2 litre kadar su ekleyin ve güzelce ısıtın. Üzerine spagettileri ekleyin. Haşlanana kadar 10-11 dakika civarı pişirin."", ""Kremayı ve tereyağını tencereye alın. Fokurdayana kadar güzelce pişirin."", ""Üzerine süzdüğünüz spagettileri ilave edin. Tuzunu ve karabiberini ekleyin."", ""Kıyılmış maydanoz ve cherry domatesle süsleyebilirsiniz. Afiyet olsun!""]"
bb9c0ea4-fc79-4512-a1e2-1be181e01ae0,Tel Kadayıflı Kabak Tatlısı,Turkey,"Tel kadayıf ile harmanlanmış mis gibi kabak tatlısı, şerbetiyle damakları şenlendirir",Tatlı,"[""1 kilogram bal kabağı"", ""1 su bardağı şeker"", ""4 yemek kaşığı nişasta""]","[""Ben 1 gece önceden kabakları şekere yatırdım ve suyunu salması için dinlendirdim. Bu sayede kendi suyu ile daha çabuk pişiyor. Siz vaktim yok derseniz 1 su bardağı su ekleyerek düdüklüde pişirebilirsi"", ""Şeker ile iyice pişip yumuşayan kabağı rondo ile ezelim."", ""Nişastaya su ekleyip kabak püresine ilave edelim ve bir taşım daha kaynatıp kenara alalım."", ""Taban için bisküvi ve cevizleri rondoda ufalayalım."", ""Tahin ve tereyağını ekleyip karıştıralım."", ""Borcam ya da kare kek kalıbının dibine yayıp iyice bastıralım."", ""Kabağın üzerine dökelim ve dolapta biraz ılıması için dinlendirelim."", ""Bu arada kreması için krem şanti ve sütü iyice çırpalım."", ""Ilıyan kabağın üzerine sürelim."", ""Tel kadayıfları tereyağında hafif kavurup ceviz ve şekeri ilave edelim."", ""Kremanın üzerini kapatacak şekilde yayalım ve en az 2 saatliğine buzdolabında dinlendirelim. Afiyet olsun.""]"
ea4a39a2-a813-4596-b13c-9ce831fa5b0b,Sirkeli Mini Börek,Turkey,"Sirkeli mini börek, pratik malzemelerle hazırlanan, lezzetli ve çıtır bir atıştırmalıktır",Börek & Hamur İşi,"[""1 su bardağı süt"", ""1 su bardağı yoğurt"", ""1 adet yumurta"", ""1 yemek kaşığı sirke"", ""3 su bardağı un"", ""1 paket kabartma tozu"", ""150 gram beyaz peynir (iç harcı için)"", ""1 litre sıvı yağ (kızartmak için)""]","[""Hamur için gerekli olan, un ve kabartma tozu dışındaki tüm malzemeleri güzelce karıştırın."", ""Ardından unu ve kabartma tozunu ekleyin ve ele yapışmayan bir hamur elde edene dek yoğurun."", ""Hazırladığınız hamuru ikiye ayırın ve tezgahın üstünde 1 cm kalınlığında olacak şekilde açın."", ""Maydanozu ince ince doğrayın ve peynirle birlikte güzelce karıştırın."", ""Açtığınız hamurun üstüne öbek öbek yerleştirin. Hamurun diğer yarısını açın ve üstüne yerleştirin. Bir bardak yardımıyla keserek şekillendirin."", ""Derince bir tavaya aldığınız yağı, güzelce ısıtın. Hazırladığınız börekleri kızgın yağda, arkalı önlü güzelce kızartın ve havlu kağıt serdiğiniz bir kaba alın."", ""Sıcak olarak servis edin.""]"
4ec146cd-4afa-44b0-8f84-7a4f78fdcb45,Ekşili Bamya Yemeği,Turkey,"Yaz aylarının vazgeçilmezi ekşili bamya yemeği, sofralarınızı şenlendirecek",Ana Yemek,"[""350 gram bamya"", ""2 adet soğan"", ""1 yemek kaşığı domates salçası"", ""2 adet orta boy domates"", ""1/2 çay bardağı zeytinyağı"", ""1 adet limonun suyu"", ""2 yemek kaşığı nar ekşisi"", ""1 çay kaşığı toz kırmızı biber"", ""1 çay kaşığı tuz"", ""1 çay kaşığı karabiber""]","[""Ekşili bamya yemeği için soğanları tencereye alın ve güzelce kavurun."", ""Salçayı ekleyip kavurmaya devam edin."", ""Temizlediğiniz bamyaları tencereye ekleyin."", ""Üzerine küp küp doğranan domatesleri de ekleyin."", ""En son limon, nar ekşisi, tuz ve baharatını koyun."", ""Yarım su bardağı kadar su ekleyip pişmeye bırakın. Gerekirse su ilavesi yapılabilir. Kapağı kapalı şekilde ortalama 15-20 dakikada pişecektir. Ardından ekşili bamya yemeğini ocaktan alıp servis edin.""]"
b4ac9c93-dbd2-4d73-b367-664bb1f1faf2,Yeşil Elmalı Kereviz Çorbası,Turkey,"Yeşil elmanın ferinliği ve kerevizin kendine has tadıyla harmanlanan, sağlıklı ve lezzetli bir çorba",Çorba,"[""1 adet büyük boy kereviz"", ""1,5 adet yeşil elma"", ""1 adet orta boy soğan"", ""1 yemek kaşığı zeytinyağı"", ""1 yemek kaşığı tereyağı"", ""2 adet kereviz sap ı"", ""2 çay kaşığı tuz"", ""1 çay kaşığı karabiber"", ""5 su bardağı su""]","[""Tereyağı ve sıvı yağı tencerede ısıtın."", ""Soğanları yemeklik doğrayıp pembeleşinceye kadar kavurun."", ""Kerevizleri küp küp doğrayıp ekleyin ve 3-4 dakika kavurun."", ""Suyu ilave edin ve kaynamaya başladığında ocağın altını kısın. Yaklaşık 20-25 dakika pişirin."", ""Kerevizler yumuşayınca kabuklarını soyup doğradığınız elmaları, tuz ve karabiberi ekleyip 15 dakika daha pişirin."", ""Malzemeler yumuşayınca pürüzsüz bir hal alıncaya kadar blenderdan geçirin."", ""Kereviz saplarını küçük küçük doğrayıp çorbanın üzerine koyarak servis edin.""]"
c85bdba8-e5e8-4dd1-b9ce-da80947645ea,Ispanaklı Milföy Çanakları,Turkey,"Ispanaklı Milföy Çanakları, pratik ve lezzetli bir atıştırmalık veya başlangıç seçeneğidir",Sebze Yemekleri,"[""1 paket milföy hamuru"", ""100 gram ıspanak"", ""2 adet soğan"", ""1 çay kaşığı tuz"", ""1 çay kaşığı karabiber""]","[""Ispanakları temizleyip güzelce yıkayın ve suyunu süzün. Soğanları doğrayıp biraz zeytinyağında kavurun, ardından ıspanakları da ekleyip ıspanaklar sönene kadar kavurun."", ""Tavuk etini, tuzu, karabiberi ekleyip soğuması için bir kenara alın."", ""Milföyü merdane ile biraz açın. Yuvarlaklar kesip muffin kalıbına yerleştirin."", ""Soğumuş ıspanak harcından milföylerin üzerine paylaştırın. Kaşar rendesi serpip 190 derecede kızarana kadar pişirin.""]"
5203fb55-5480-4e1c-940e-1b139cc7a870,Dana Pöç,Turkey,"Geleneksel lezzet dana pöç, özel baharatlarla harmanlanarak hazırlanır",Et Yemekleri,"[""1,5 kilogram dana pöç"", ""2 adet kuru soğan"", ""1 çay kaşığı tane karabiber"", ""1 çay kaşığı biberiye"", ""1 çay kaşığı tuz"", ""1 su bardağı su""]","[""Öncelikle soğanlarımızı yarım ay şeklinde doğruyoruz ve bir kısmını tencerenin dibine dizdikten sonra etleri birbirinden destek alacak şekilde yan yana koyuyoruz."", ""Kalan soğanları etlerin üstüne sıraladıktan sonra sarımsakları bütün olarak etlerin arasına diziyoruz."", ""Tane karabiber, biberiye ve tuzdan oluşan baharat karışımını da etlerin üstüne gezdirdikten sonra 1 bardak suyu tencereye döküyoruz."", ""Yemeğimiz için yapılacak işlemler bu kadar, bundan sonra pişme sürecini başlatıyoruz. Suyumuz kaynamaya ve etlerin üstünde köpük çıkmaya başladığında köpükleri alıyoruz."", ""Yaklaşık 5 saat kısık ateşte pişirdiğimiz etlerimiz istediğimiz kıvama geldi. Uzun süre pişen etlerimiz tandır kıvamında lokum gibi pişmiş durumdalar."", ""Ben servis için yan ürün olarak pilav tercih ettim. Hem görseli tabağa yakışıyor hem de lezzet olarak tamamlayıcı oluyor. Afiyet olsun.""]"
65f92c41-9e50-44e5-8e56-960587fb0134,Etli Mardin Dolması,Turkey,"Mardin'in lezzetli ve geleneksel dolması, kuşbaşı et ve sumakla zenginleştirilmiş nefis bir tarif",Et Yemekleri,"[""2 su bardağı pirinç"", ""1/2 su bardağı top sumak"", ""200 gram kuşbaşı et"", ""2 yemek kaşığı salça"", ""1 adet soğan"", ""1 adet domates"", ""1/2 çay bardağı sıvı yağ"", ""1 çay kaşığı tuz"", ""100 gram asma yaprağı"", ""8-9 adet dolmalık biber""]","[""Öncelikle kasenin yarısına top sumak koyup kalan kısmını da su ile doldurup bir kenara koyunuz."", ""Malzemelerin hepsini ufak ufak doğrayınız."", ""Parça etinizi minik minik doğrayın. Benim etim biraz sert olduğu için önden biraz pişirdim. Daha yumuşak etleri direkt doğrayın ve çiğ olarak malzemelere karıştırın."", ""Tüm malzemeleri bir kaba koyup karıştırınız."", ""İç harcı biberlere ve asma yapraklarına koyunuz."", ""Dolma taşınız varsa sarmaların üstüne koyunuz. Üstüne de biberleri yerleştiriniz. Ilık suyu biberlerin üzerini geçmeyecek şekilde koyunuz ve ocağın altını yakınız. Bu aşamada biraz daha tuz eklenebili"", ""Yarım saat kısık ateşte piştikten sonra üzerine sumak suyunu süzerek koyunuz ve suyunu çekene kadar pişiriniz. Afiyet olsun.""]"
d14352f2-7057-409d-88e4-9f81c58909ba,Sacda Tavuk Sote,Turkey,"Pratik ve lezzetli sacda tavuk sote, hızlıca hazırlanan doyurucu bir ana yemek",Tavuk Yemekleri,"[""250 gram tavuk göğsü (kuşbaşı doğranmış)"", ""2 yemek kaşığı sıvı yağ"", ""2 adet yeşil biber"", ""1 adet sarı biber"", ""1 adet kırmızı biber"", ""1 adet soğan"", ""1 çay kaşığı tuz"", ""1 çay kaşığı karabiber"", ""1 çay kaşığı kekik""]","[""Sacı ateşin üzerine alın ve ve sacı kızdırın. İçine sıvı yağ dökün."", ""Kuşbaşı doğranmış tavuk göğüslerini sacın içine aktarın ve kavurun."", ""Biberleri ve soğanları orta kalınlıkta jülyen şeklinde kesin. Kavrulan tavukların üzerine ekleyip kavurmaya devam edin."", ""Tuz, karabiber ve kekiği de ekleyerek pişirme işlemini bitirin. Sıcak olarak servis edin. Afiyet olsun.""]"
b6ff3043-87d9-4289-a398-fc84e0a8bebf,Kabak Çiçeği Dolması,Turkey,"Taze kabak çiçeklerinin, lezzetli pirinç harcı ile doldurulmuş, geleneksel ve nefis bir lezzeti",Sebze Yemekleri,"[""50 adet kabak çiçeği"", ""3 su bardağı pirinç"", ""4 adet soğan"", ""1 tatlı kaşığı karabiber"", ""2 tatlı kaşığı tuz"", ""3,5 çay bardağı zeytinyağı (yarım bardağı üstüne)"", ""4 su bardağı su""]","[""Pirinci yıkayıp üzerine küp küp doğradığımız soğanları, ince ince kıydığımız yeşillikleri, yağı ve baharatları ekliyoruz."", ""İç harcımızı en fazla 2 tatlı kaşığı olacak şekilde kabak çiçeklerinin içine nazikçe dolduruyoruz. Çiçeklerin patlamaması için daha fazla eklememek gerekli."", ""Çiçeklerin taç yapraklarını sırayla harcın üzerini örtecek şekilde kapatıyoruz."", ""Tencereye dizip üzerine zeytinyağ ve su gezdirip kısık ateşte 45 dakika pişiriyoruz."", ""Pişerken suyunun azalışını takip etmek önemli, çok ince olan bu çiçekler çabuk yanabilir."", ""Piştikten sonra en az 2 saat dolapta bekletip servis edebiliriz.""]"
f0d36cf6-ace8-42c6-8c16-d47f491a4984,Sirkeli Tuzlu Kurabiye,Turkey,"Sirkeli tuzlu kurabiye, çay saatlerinin vazgeçilmez lezzetlerinden biri olarak damaklarda unutulmaz bir tat bırakır",Tatlı,"[""125 gram oda sıcaklığında margarin (tereyağ da tercih edebilirsiniz)"", ""1/2 çay bardağı sıvı yağ"", ""2 adet yumurta"", ""1 yemek kaşığı şeker"", ""1 çay kaşığı tuz"", ""1 tatlı kaşığı sirke"", ""1 paket kabartma tozu"", ""3 su bardağı un""]","[""Oda sıcaklığında beklemiş margarini yoğurma kabına alın malzemeleri sırayla ekleyip karıştırın."", ""Üç su bardağı elenmiş unu azar azar ilave ederek ele yapışmayan hamur elde edin."", ""Hazırladığınız hamuru iki yağlı kağıt arasına alıp merdane ile yarım santim kalınlığında açın."", ""İstediğiniz şekilli kurabiye kalıbıyla veya elinizde şekiller verin."", ""Yağlı kağıt serili tepsiye dizin, üzerine yumurta sarısı sürüp çörek otu ve susam serpin. Fırında pişirin. Afiyet olsun.""]"
37c4fec5-084c-45a8-933e-300a9a96d67c,Peynirli Tavuk,Turkey,"Tavuk, mantar ve kabak ile hazırlanan lezzetli ve pratik bir yemek",Tavuk Yemekleri,"[""1 adet tavuk göğsü"", ""1 adet mantar"", ""1 adet kabak"", ""1 adet patlıcan"", ""1 adet soğan"", ""1 adet kırmızı biber"", ""1 adet yeşil biber"", ""1 adet sarımsak"", ""2 yemek kaşığı salça"", ""2 yemek kaşığı tereyağı"", ""1/2 çay kaşığı karabiber"", ""1/2 çay kaşığı pul biber"", ""1/2 çay kaşığı kekik"", ""1/2 çay kaşığı havuç""]","[""Süzme peynirin içine maydanozu doğruyoruz."", ""Tavuk göğsüne, tam ortasından bir yarık açıyoruz."", ""Tavuğun kesmiş olduğumuz yarık kısmına, hazırlamış olduğumuz peynir karışımını dolduruyoruz ve kürdanla kapatıyoruz."", ""Listede olan bütün sebzeleri küçük küçük doğruyoruz, az yağda soteliyoruz. Salçayı biraz suyla açarak sebzelerimizin üzerine ilave ediyoruz."", ""Salça sosunu içine çeken sebzelere son olarak baharatlarımızı ilave ediyoruz. İsteğinize göre baharatlarda değişiklik yapabilirsiniz."", ""20 dakika fırında pişen tavuğumuzu sos tavasında tereyağı eritip arkalı önlü, rengi değişene kadar kızartıyoruz. Afiyet olsun.""]"
4e41d20c-a7f0-4df8-88d2-7179c039f9ff,Çikolatalı Beze,Turkey,"Hafif ve lezzetli çikolatalı bezeler, çay saatlerinin vazgeçilmez tatlısı",Tatlı,"[""3 adet yumurta beyazı (Oda sıcaklığında)"", ""1 su bardağı toz şeker"", ""1 yemek kaşığı çikolata kreması""]","[""Öncelikle yumurtaların beyazlarını ve tuzu çırpma kabına alıp köpük köpük oluncaya kadar çırpalım."", ""Çırpma işlemine hiç ara vermeden yavaş yavaş şekeri ilave edip, 10 dakika daha çırpmaya devam edelim."", ""Toplamda 15 dakikalık çırpmanın sonunda akışkan olmayan yoğun bir kıvam elde etmiş olacağız."", ""Bir yandan da çikolatayı ocakta benmari usulü ısıtalım ve biraz yumuşamasını sağlayalım."", ""Hazır olan sürülebilir çikolatayı beze kabına ekleyelim ve çatal yardımıyla yuvarlak çizerek çikolatanın yayılmasını sağlayalım. (Bir iki kere yuvarlak çizmek yeterli olacaktır, çok fazla karıştırmaya"", ""Fırın tepsisine yağlı kağıdı serelim ve kaşık yardımıyla bezelerden alıp tepsiye dizelim. (Bu işlemi sıkma torbasıyla da yapabilirsiniz.)"", ""Önceden ısıtılmış 100 derece fırında 1,5 saat pişirelim. Afiyet olsun.""]"
a01f3f9a-b046-4063-a20b-916caf55d9c8,Yoğurtlu ve Zeytinyağlı Çağla,Turkey,"Taze çağlaların zeytinyağı ve yoğurtla buluştuğu, lezzetli ve pratik bir meze",Meze,"[""500 gram çağla"", ""2 yemek kaşığı zeytinyağı"", ""1/2 su bardağı su"", ""1/2 adet limonun kabuğu"", ""1 çay kaşığı tuz""]","[""Çağlaların sap kısımlarını temizleyin ve bol suyla yıkayın."", ""Derince ve yapışmaz tabanlı bir tavada zeytinyağını ısıtın, ardından ince ince doğranmış sarımsakları ilave edin ve kokusu çıkana dek kavurun."", ""Ardından çağlaları ilave edin, bir-iki kere kavurduktan sonra suyunu ilave edip, kapağını kapatın, altını kısın ve 10 dakika kadar pişmeye bırakın."", ""10 dakikanın sonunda traşlanmış limon kabuklarını ilave edin, bir iki kere karıştırın ve ateşten alın."", ""Yoğurt ve sarımsakla sosunu hazırlayın."", ""Bir servis tabağına, bir-iki kaşık sarımsaklı yoğurt gezdirin. Üstüne pişmiş olan çağlaları yağı ve suyuyla beraber koyun, en üste tekrar sarımsaklı yoğurt gezdirin."", ""Ilık ya da soğuk olarak servis edebilirsiniz.""]"
b2c85688-7825-44d4-a6de-f27e28a9ef46,Karamelize Soğanlı Taze Fasulye,Turkey,"Karamelize soğanların tatlılığı ile taze fasulyenin ferahlığının buluştuğu, lezzetli ve doyurucu bir yemek",Sebze Yemekleri,"[""1 kilogram çalı fasulyesi"", ""2 adet büyük boy domates"", ""2 adet büyük boy soğan"", ""1 çay bardağı zeytinyağı"", ""1-1,5 yemek kaşığı şeker"", ""1 çay kaşığı tuz"", ""1/2 çay kaşığı karabiber""]","[""Soğanları piyazlık doğrayıp tencerenin dibini kaplayacak şekilde yerleştirin."", ""Fasulyelerin kılçıklarını ayıklayın fakat atmayın, süsleme için yağda kızartıp peçetenin üzerine alın."", ""Fasulyeleri uzunlamasına ikiye bölerek soğanların üzerine yerleştirin."", ""Üzerine rendelenmiş domates, zeytinyağı, tuz, karabiber ve şekeri ekleyin."", ""Önce tıkırdayana dek yüksek ateşte, sonrasında fasulyeler yumuşayıp iyice suyunu salıp çekene ve dibindeki soğanlar karamelize olana dek kısık ateşte pişirin."", ""Servis tabağına aldıktan sonra üzerine güzel bir sızma zeytinyağı dökün ve kızarttığınız kılçık kısımlarını üzerine ekleyin. Afiyet olsun.""]"
e2166127-9b01-49c0-bc37-876695045b71,Şeftalili Parfe,Turkey,Taze şeftalilerin ve çikolatanın buluştuğu bu pratik parfeyi sevenler bayılacak,Ana Yemek,"[""2 adet şeftali"", ""1 paket petibör bisküvi"", ""1 su bardağı damla çikolata"", ""2 yemek kaşığı vanilyalı dondurma"", ""2 su bardağı süt""]","[""Şeftalileri küp küp doğrayın ve bir kaba koyun."", ""Geniş bir kaba kremşantiyi ve sütü koyup çırpın."", ""Yumuşak bir kıvam alacak."", ""Kremşantinin içine dondurmayıda koyup çırpma işlemine devam edilir"", ""Koyuluğuna göre biraz daha süt koyabilirsiniz."", ""Daha sonra kremşantinin içine diğer malzemeleri (şeftali, parçalanmış petibör bisküvi, damla çikolata) koyup spatula yardımı ile karıştırılır."", ""İstediğiniz bir kabı streçleyin."", ""Streçlediğiniz kabın içine karışımı koyup iyice bastırın. (Arada boşluk kalmaması için"", ""3-4 saat derin dondurucuda bekletin ve istediğiniz gibi süsleyip servis yapabilirsiniz.""]"
d3989edd-a0f0-4669-a2e3-5009e86da1f4,Yoğurtlu Patates Salatası,Turkey,"Pratik ve lezzetli yoğurtlu patates salatası, sofralarınıza ferahlık katacak",Ye,"[""5-6 adet haşlanmış patates"", ""5 adet kornişon turşu (doğranmış)"", ""1/2 su bardağı mısır konservesi"", ""3 yemek kaşığı yoğurt (çırpılmış)"", ""4 çay kaşığı pul biber"", ""1/2 çay kaşığı karabiber"", ""3 çay kaşığı tuz"", ""1/2 adet limonun suyu""]","[""Patatesleri haşlayın."", ""Haşlanan patatesleri soyun ve çatal yardımıyla sıcakken ezin. Dereotunu ekleyin."", ""Mısırları ve turşuları ilave edin."", ""Baharatları da ekleyin ve karıştırın."", ""Yoğurda tercihinize göre ezilmiş sarımsak da ekleyebilirsiniz."", ""Bir kalıp ya da elleriniz yardımı ile şekil verebilirsiniz. Yoğurttan ekleyerek servis edin. Afiyet olsun!""]"
90c881d8-d82b-4332-b587-7eff5c512512,Zencefilli Kurabiye Adam,Turkey,"Baharatlı ve lezzetli zencefilli kurabiye adam, hem çocukların hem de büyüklerin bayılacağı klasik bir atıştırmalıktır",Tatlı,"[""125 gram tereyağı"", ""1/2 su bardağı esmer şeker (ya da toz şeker)"", ""1 adet yumurta"", ""1/3 su bardağı pekmez"", ""2 tatlı kaşığı zencefil"", ""1 tatlı kaşığı toz tarçın"", ""1 tatlı kaşığı kabartma tozu"", ""3 su bardağı un""]","[""Tereyağı ve şekeri krema kıvamına gelene kadar mikser ile çırptım."", ""Yumurtayı ve pekmezi de ekleyerek çırpmaya devam ettim."", ""Son olarak tüm malzemeleri ekleyerek yumuşak bir hamur yoğurdum."", ""Gerekirse 1-2 kaşık daha un ilavesi yapabilirsiniz."", ""İdeal kıvamı yakalandıktan sonra hamuru streç filme sarıp yarım saat buzdolabında dinlendirdim."", ""Dinlenen hamurdan büyük bir parça koparıp yuvarladım."", ""Hafif un serptiğim temiz tezgahta ince bir şekilde açıp kalıplarla şekil verdim."", ""Yağlı kağıt serilmiş fırın tepsisine dizerek 180 derecede 10-15 dakika pişirip çıkardım. Afiyet olsun.""]"
d59ae71f-b9af-4473-bfaa-5596bda03930,Süt Soslu 12 Kaşık Tatlısı,Turkey,"Pratik ve lezzetli süt soslu tatlı, az malzemeyle hızlıca hazırlanır",Tatlı,"[""3 adet yumurta"", ""1 adet vanilya"", ""1 adet kabartma tozu"", ""3 tepeleme yemek kaşığı şeker"", ""3 tepeleme yemek kaşığı un"", ""3 tepeleme yemek kaşığı irmik""]","[""İlk olarak sosu hazırlayıp kenara alın. 3 su bardağı oda ısında süt ve 1,5 su bardağı şekeri karıştırın, şekerin erimesini sağlayın. Daha sonra şeker ve yumurtayı mikser ile 5 dakika çırpın."", ""Malzemeleri önce sıvılar sonra katılar olacak şekilde ekleyip spatula ile karıştırın. Küçük kare borcamı yağlayıp içine dökün, isterseniz malzemeyi iki katına çıkarıp da yapabilirsiniz."", ""180 derece önceden ısınmış alt üst ayarda iyice kızarana kadar pişirin. Fırından çıkınca çatalla delikler açıp süt sosu dökün. Ilık sütün içerisine (oda ısısında olmalı) şekeri eritip üzerine dökün bu""]"
7648ba20-2689-40e2-9615-7d1ae5e962dc,Sigara Böreği,Turkey,"Crispy and delicious cigar pastries filled with lor cheese, perfect for any occasion",Börek & Hamur İşi,"[""2 adet yufka (tercihen günlük taze)"", ""200-250 gram lor peyniri"", ""1 çay kaşığı tuz"", ""1 su bardağı ayçiçek yağı"", ""Etimek Tatlısı Tarifi"", ""Damla Çikolatalı Kurabiye"", ""Tatlı Tarifleri Spoonful Mozaik Pasta Çikolatalı Sufle İrmik Helvası Fırın Sütlaç Profiterol Revani Magnolia"", ""Kahvaltılık Tarifler Pancake Krep Pişi Kuymak Kaygana Kahvaltılık Sos Menemen Muhlama Yumurtalı Ekmek Omlet"", ""Omlet""]","[""İç harcını hazırlamak için ayıklamış olduğunuz maydanoz yapraklarını incecik kıyın. Kıyılmış maydanoz, lor peyniri ve tuzu bir çatal yardımıyla ezerek karıştırın."", ""Yufkaları tezgaha serin ve her bir yufkayı 4'e bölün."", ""Ardından her yufkayı tekrar ikiye bölerek 8 adet çeyrek yufka oluşturun."", ""Yufkaların büyük kısmına harcı koyun ve sarın."", ""Gevşek olmamasına özen göstererek yufkayı rulo halinde sarmalısınız. Fakat uç kısmını hafifçe açıkta bırakın."", ""Yufkanın uç kısmını hafifçe suya batırıp sarın, böylece yufka yağda pişerken açılmayacaktır. Sarma işlemini kalan tüm yufkalar için tekrar edin."", ""Ayçiçek yağını orta boyda derin bir tava veya kızartma tenceresinde iyice ısıtın. Her seferde 5-6 börek olmak üzere kızartmak için yağın içerisine alın, kızarırken hafifçe yuvarlayarak kontrol edin. T"", ""Sigara böreği hazır. Kızaran börekleri maşayla alırken fazla yağını hafifçe silkin. Dilerseniz havlu kağıt üzerine alın ve sıcak olarak servis edin. Afiyet olsun!""]"
e581a2ef-030a-496c-91f0-c7a93da758e0,Kesmikli Yufka Pastası,Turkey,"Pratik ve lezzetli bir atıştırmalık olan kesmikli yufka pastası, çay saatlerinin vazgeçilmezi",Tatlı,"[""5 adet2 yumurta"", ""1 bardak toz şeker"", ""1 çay kaşığı karbonat"", ""3 su bardağı un (azar azar eklenecek)(Alabildiği Kadar)"", ""1 paket pastacılık kreması""]","[""Yumurtaları şeker ile şeker eriyene kadar çırpıyoruz. Lor peynirini ilave ediyoruz, karbonatı ve unu ekleyip yumuşak ele yapışmayan hamur elde edene kadar yoğuruyoruz."", ""Elde ettiğimiz hamuru, 9 bezeye ayırıyoruz bezeleri unlayıp oklavayla açıyoruz ve önceden ısıtılmış 180 derecelik fırında pişiriyoruz."", ""Pişen yufkaları soğuduktan sonra pastacı kremalarını aralarına sürerek güzel bir pasta hazırlıyoruz. Afiyet olsun.""]"
d76678d8-7b0c-4c86-9c08-de6f772081a2,Ispanaklı Pancake,Turkey,"Yeşil ıspanakla zenginleştirilmiş, yumuşacık ve besleyici pancake tarifi. Kahvaltı sofralarınız için harika bir seçenek",Sebze Yemekleri,"[""2 adet yumurta"", ""2 su bardağı yoğurt"", ""200 gram körpe ıspanak"", ""1/2 çay kaşığı tuz"", ""2 su bardağı un"", ""1 tatlı kaşığı kabartma tozu"", ""1/2 tatlı kaşığı karbonat"", ""2 damlalimon suyu"", ""4 yemek kaşığı lor peyniri""]","[""Evet bu sefer tuzlu, ıspanaklı ve lor peynirli pankekler hazırlamak için; bol suda yıkayıp kurutucudan geçirdiğiniz körpe ıspanak yapraklarını ince ince doğrayın."", ""Yumurtayı karıştırma kabına alıp bir çırpıcı yardımıyla karıştırın. Puf puf olup kabarmaları için hafif sulu kıvamda olan yoğurt ve tuzu ekleyin."", ""Elenmiş un, kabartma tozu, limon suyuyla köpürtülmüş karbonat katıp, yoğun bir kek karışımı görüntüsü alana kadar pankek harcını tel bir çırpıcı yardımıyla karıştırın."", ""Bu güzel kahvaltılığa rengini verecek olan doğranmış ıspanakları ekleyin. Son bir kez spatula yardımıyla karıştırdığınız pancake harcını kısa bir süre bekletin."", ""Kenar kısımları yüksek olmayan bir krep tavasını ocak üzerinde ısıttıktan sonra ayçiçek yağıyla yağlayın. Yağın fazla kısmını kağıt havlu yardımıyla alın. Aralarda tavayı bu şekilde yağlayacağız, unut"", ""Hazırladığınız pancake harcından bir kepçe kadar tavaya alın. Bir tarafı pişmekte olan ıspanaklı pankeklerin üzerine küçük parçalar halinde lor peyniri serpiştirin."", ""Alt tarafları hafif bir renk alana kadar pişen pankekleri, büyük bir spatula yardımıyla ters çevirip peynirli taraflarının da kızarmalarını sağlayın."", ""Yağlı kağıt havlu yardımıyla aralarda yağladığınız tavada hazırladığınız harç bitene kadar pankekleri arkalı önlü pişirmeye devam edin."", ""Hazırladığınız ıspanaklı pankekleri, ılık olarak çok fazla bekletmeden arzu ettiğiniz kahvaltılıklarla birlikte sevdiklerinizle paylaşın.""]"
edc75f9a-f6b5-498e-b3ee-c88d459bdd86,Kurabiye Tadında Poğaça,Turkey,"Tereyağı ve yumurta ile hazırlanan, kurabiye gibi lezzetli ve yumuşak dokulu poğaça tarifi",Tatlı,"[""125 gram oda sıcaklığında tereyağı"", ""2 adet yumurta (1 yumurta sarısı ayrılacak)"", ""1 çay bardağı sıvı yağ"", ""1/2 su bardağı yoğurt"", ""1 yemek kaşığı toz şeker"", ""1 tatlı kaşığı tuz"", ""1 paket kabartma tozu"", ""1 yemek kaşığı sirke"", ""2,5 - 3,5 su bardağı un""]","[""Un, kabartma tozu ve dereotu hariç tüm malzemeyi bir karıştırma kabına alıp karıştırıyoruz."", ""Daha sonra yavaş yavaş un ilavesi yapıp kabartma tozu ve son olarak dereotu ekleyip oldukça yumuşak kıvamda bir hamur hazırlıyoruz."", ""Hazırladığımız hamuru streç filme sarıp dolapta birkaç saat dinlendiriyoruz. Ardından çıkarıp bezelere ayırıyoruz."", ""Daha sonra poğaça sekli vererek tepsiye diziyoruz. Üzerine yumurta sarısı ve süt karışımından sürüp, susam çörek otu serpiyoruz."", ""170 derece önceden ısınmış fırında kızarana kadar pişiriyoruz. Çıkarıp dinlendirdikten sonra servis ediyoruz. Afiyetler olsun!""]"
edeba278-68cf-47c3-bb9d-1061a17d84e2,Üçgen Poğaça,Turkey,"Üçgen poğaça, çay saatlerinin vazgeçilmez lezzetli ve pratik hamur işidir",Börek & Hamur İşi,"[""1 adet yumurta"", ""1 adet yumurta akı"", ""1/2 su bardağı sıvı yağ"", ""1 su bardağı ılık su"", ""1 yemek kaşığı toz şeker"", ""1 çay kaşığı tuz"", ""5 su bardağı un"", ""1/2 paket yaş maya"", ""1 adet yumurta sarısı""]","[""Küçük bir kapta ılık su ile mayayı karıştırarak tamamen eritin."", ""Hamur için gerekli olan; su, maya ve un hariç diğer malzemeleri karıştırın. Suda erittiğiniz mayayı ilave edin ve unu azar azar ekleyerek, yumuşak bir hamur elde edin."", ""Üstünü kapatın ve 45 dakika ılık bir yerde mayalanmaya bırakın."", ""Mayalandıktan sonra hamuru ikiye bölün ve bir parçasını hafif unlanmış tezgahta çok ince olmayacak şekilde açın."", ""Açtığınız hamurun bir yarısına, kenar boyunca beyaz peynir serpin ve rulo yaparak sarın."", ""Sardığınız ruloyu, keskin bir bıçakla verev olarak üçgen üçgen kesin ve yağlı kağıt serdiğiniz bir fırın tepsisine dizin."", ""Hamurun kalan kısmını da aynı şekilde hazırlayıp dizin."", ""Üstlerine yumurta sarısı sürün ve önceden ısıtılmış 180 derece fırında üstleri kızarana dek 15 dakika pişirin."", ""Ilık olarak servis edin.""]"
885e5606-5b0c-4102-9479-91c958d4bf99,Kıyır Pastane Kurabiyesi,Turkey,"Kıyır pastane kurabiyesi, tereyağlı ve yumurtalı hamuruyla çay saatlerinin vazgeçilmez lezzetidir",Tatlı,"[""125 gram tereyağı"", ""1 adet yumurta"", ""3 yemek kaşığı sirke"", ""1 yemek kaşığı toz şeker"", ""1/2 paket kabartma tozu"", ""1 çay kaşığı tuz"", ""2 su bardağı un""]","[""Önceden buzdolabından çıkarmış olduğunuz tereyağını bir kabın içerisine alın. Üzerine yumurta akı, şeker, tuz ve sirke ilave ederek elinizle bir güzel karıştırın."", ""Karışıma kabartma tozu ve yavaşça unu ekleyerek ele yapışmayan bir hamur elde edin."", ""Hamuru 2 yağlı kağıt arasında istediğiniz yükseklikte açarak şekil verin."", ""Üzerine yumurta sarısını sürerek çörek otu ve susam serpin."", ""Daha sonrasında 170 derecelik fırında üzeri kızarana kadar pişirin. Afiyet olsun.""]"
854c2126-e7ad-4387-98b8-640c1084f61b,Fırında Baharatlı Patates,Turkey,"Zeytinyağı ve baharatlarla harmanlanmış fırında patates, çıtır çıtır ve lezzetli bir yan yemek",Ana Yemek,"[""5 adet orta boy patates"", ""50 mililitrezeytinyağı"", ""1 tatlı kaşığı tuz"", ""1/2 tatlı kaşığı kırmızı tatlı toz biber"", ""1 çay kaşığı karabiber"", ""1 çay kaşığı köri""]","[""Patatesler yıkanır kabukları soyulur ve çok kalın olmayacak şekilde yarım ay şeklinde dilimlenip tuzlu suda 10-15 dakika bekletilir."", ""Daha sonra suyu süzülen patatesler bir kaba alınır ve üzerine zeytinyağı ve tüm baharatlar eklenip tüm malzeme birbirine geçene denk karıştırılır."", ""Hazırlanan karışım, yağlı kağıt serili fırın tepsisine alınır ve önceden ısıtılmış 200 derecelik fırında kontrol ederek 35-40 dakika pişirilir. Afiyet Olsun!""]"
c8b6d15e-55fe-43c1-9f15-fb1ad3eb51b4,Makarna Salatası,Turkey,"Sebzeli makarna salatası, doyurucu ve lezzetli bir meze seçeneği",Salata,"[""1/2 paket yüksük makarna"", ""3 adet orta boy patates"", ""2-3 adet havuç"", ""2 su bardağı bezelye"", ""1 su bardağı kornişon turşu"", ""2 adet közlenmiş kırmızı biber"", ""1/2 su bardağı ceviz (doğranmış)"", ""1 yemek kaşığı tereyağı"", ""6-7 yemek kaşığı mayonez""]","[""Makarna üzerindeki tarife göre su eklenip haşlanıp soğuk sudan geçirilip süzdürülür."", ""Patates ve havuc küp şeklinde doğranıp, içine tuz eklenip, haşlanıp süzdürülür."", ""Bezelyede ayrı tencerede haşlanır (pişme dereceleri farklı olduğu için ayrı haşlıyorum). Kornişon turşu doğranır."", ""Ayrı bir kapta yoğurt ve mayonez karıştırılır (içine az tuz ekleyelim)."", ""Büyük bir kabın içinde makarna, patates, havuç, bezelye ve mayonezli yoğurt karışımı ilave edilip karıştırılır."", ""Tavaya tereyağını koyup erittikten sonra doğranmış cevizler eklenir."", ""Salatanın üzerine közlenmiş kapya biber ve tereyağlı ceviz dökülüp servis edilir. Afiyet olsun.""]"
ca06cbf9-60d6-4a34-85b2-08bf442c214f,Lokanta Usulü Ezme,Turkey,"Türk mutfağının sevilen mezesi olan ezme, taze sebzelerle hazırlanan lezzetli bir başlangıçtır",Ana Yemek,"[""4 adet domates"", ""2 adet biber"", ""2 adet salatalık"", ""1 tatlı kaşığı biber salçası"", ""1 çay kaşığı kuru nane"", ""1 çay kaşığı sumak"", ""1 tatlı kaşığı sirke"", ""1 tatlı kaşığı nar ekşisi"", ""3 yemek kaşığı zeytinyağı""]","[""Biberlerin içini temizleyin. Sebzeleri 4'e bölerek robotunuza atın."", ""Baharatları ilave edin."", ""Sıvı malzemeleri ekleyin."", ""Biber salçasını ekleyin."", ""Tüm malzemeleri robottan geçirin."", ""Ardından servis tabağına alıp dilerseniz üzerine zeytinyağı gezdirerek servis edin. Afiyetler olsun!""]"
685ed3ec-d99e-4841-ab3f-75b04c0dd642,Bal Kabaklı Fit Cheesecake,Turkey,"Sağlıklı ve lezzetli bal kabaklı fit cheesecake, çiğ fındık, bal ve tahin ile hazırlanan besleyici bir tatlı alternatifidir",Sebze Yemekleri,"[""1 su bardağı çiğ fındık"", ""1 tatlı kaşığı bal"", ""1 tatlı kaşığı tahin""]","[""Öncelikle kabaklarınızı soyup yıkadıktan sonra iri parçalar halinde kesip tencereye ekleyin."", ""Tencerenin içine karanfil ve çubuk tarçın ekleyin. 1 çay bardağı su ekleyip kabaklar ocakta yumuşayana kadar pişirin."", ""1 bardak çiğ fındığı roboto koyup yavaş yavaş çekin. Kıvam aldıkça tahin ve balı ekleyip yeniden robotta çekmeye devam edin. Hazır olan fındıklar yapışkan ve dağılmayan kıvamda olmalıdır. Elde ettiği"", ""Pişen kabaklarınızı tencereden çıkarıp biraz soğumaya bırakın. Soğuyan kabaklarınızı blendera alıp içine bal, zerdeçal, tarçın,zencefil ve labne ekleyerek pürüzsüz olana kadar karıştırın."", ""Bal kabaklı harcınızı tart kaplarına paylaştırın. Bir süre buzlukta beklettikten sonra donmadan çıkarıp servis edin.""]"
c43a00c3-bbed-48d8-a3d2-caac67e5210d,Mayasız Peynirli Pişi,Turkey,"Maya beklemeden hazırlanan, peynirli lezzetli pişi tarifi",Ana Yemek,"[""1 çay bardağı süt (150 g)"", ""1 adet yumurta"", ""1 yemek kaşığı sıvı yağ"", ""125 gram beyaz peynir (yaklaşık 1,1-5 su bardağı)"", ""2 çay kaşığı tuz (arzuya göre)"", ""1 paket kabartma tozu (10 g)"", ""2 su bardağı un (250-260 g)"", ""1 su bardağı sıvı yağ (kızartmak için)""]","[""Yumurta, süt ve sıvı yapı geniş bir kaseye alın."", ""Ufalamış veya rendelemiş olduğunuz beyaz peyniri üzerine ekleyin."", ""Unun bir kısmını, kabartma tozunu da üzerine ekleyin. Tuzsuz peynir kullanacaksanız bu aşamada tuzunu da ekleyin."", ""Hamuru tahta bir kaşıkla karıştırın. Unun kalanını azar azar yedirerek ele yapışmayan bir hamur elde edin."", ""Hamuru iki yağlı kağıt arasına alın ve merdaneyle incelterek açın."", ""Bir çay bardağıyla hamurdan yuvarlaklar çıkarın. Artan hamurları tekrar toparlayıp açarak işleme devam edin. Yaklaşık 22-25 adet pişi elde etmiş olacaksınız."", ""Tavada veya bir sos tenceresinde iyice ısıttığınız sıvı yağın içerisinde pişileri kızartmaya başlayın. Kontrollü olarak pişirin."", ""Yaklaşık 30-40 saniyede renk alan pişileri ters çevirerek her iki tarafı da altın sarısı oluncaya dek kızartın."", ""Ardından sıcak sıcak servis edin. Afiyet olsun!""]"
37aa1fe4-2c92-46ac-8625-01b861870fa9,Kafe Usulü Islak Kek,Turkey,"Nemli ve lezzetli kafe usulü ıslak kek, çay saatlerinin vazgeçilmezi",Tatlı,"[""4 adet yumurta"", ""1 su bardağı toz şeker"", ""1 su bardağı süt"", ""1/2 su bardağı sıvı yağ"", ""3 yemek kaşığı kakao"", ""2 su bardağı un"", ""2 paket vanilin"", ""1 paket kabartma tozu""]","[""Şeker ve yumurtayı güzelce çırpın."", ""İçine diğer sıvı malzemeleri ilave edin.Eleyerek kuru malzemeleri ilave edin ve çırpın."", ""Dikdörtgen fırın kabınızı yağlayarak harcınızı içine dökün."", ""Önceden ısıtılmış 180 derece fırında kürdan testinden geçene kadar pişirin."", ""Kek pişerken sosu hazırlayın. Süt ,şeker ,kakao ve çikolata parçalarını bir sos tavasına alın ve çikolata eriyene kadar pişirin. Kaynatma yapmıyoruz ,çikolatanın erimesi yeterli.Sosu ılımaya bırakın."", ""Fırından çıkan kekin her yerine kürdan batırın ki sos her yerine ulaşsın. Daha sonra dilimleyin ve sosunuzu dökün."", ""Kekin sıcak sosun ılık olmasına dikkat edin. Sosu tamamen çekince servis edin.Üzerini Hindistan cevizi, antep fıstığı ve çilekle süsleyebilirsiniz.""]"
777b67db-2818-435e-95fe-a9a0dd1bffbb,Biscuit,Turkey,"Hafif ve iç açıcı biscuit'ler, kahvaltıların ve çay saatlerinin vazgeçilmezi",Ana Yemek,"[""2,5 su bardağı un"", ""1 yemek kaşığı toz şeker"", ""2 çay kaşığı kabartma tozu"", ""1 tatlı kaşığı tuz"", ""3/4 su bardağı tereyağı (170 gram kadar)"", ""1 su bardağı yoğurt (çırpılmış)""]","[""Büyük bir kaseye kuru malzemeleri eleyelim. Buzluktan çıkardığımız tereyağını küçük parçalar halinde kesip kasedeki kuru malzemelerin üzerine koyalım."", ""Tereyağını un karışımına yedirelim, ufalanmış ekmek kırıntısına benzer bir un tereyağı karışımı olmalıdır."", ""Çırpılmış yoğurdu bu karışıma ekleyip kaşıkla hızla karıştırıp nemli, yapışkan ve şekilsiz bir hamur elde edelim."", ""Tezgahı unlayıp ve yapışkan hamuru buraya alalım. Ellerimizi unlayarak 12 kez hafifçe yoğurun, püf noktası fazla yoğurmamaktır."", ""Tezgahı unlayıp hamuru elimizle beze haline getirelim. 1 cm kalınlığında açıp iki yandan ortaya katlayalım. Yanları da orta ya doğru katlayalım."", ""Biraz un serpip tekrar açıp katlayalım. Bu işlemi 5 kez yapıyoruz. Ekmekleri fire vermemek için 5 cm genişliğinde kare kestim."", ""Eğer yuvarlak kesecekseniz 5 santim çapındaki bir kurabiye kalıbı ya da ağzı ince olan bir bardak kullanabililirsiniz. Artan hamurları yeniden düzleştirip yeniden yuvarlaklar yapın."", ""Fırın tepsisinin içine yağlı kağıt serip ekmekleri birbirine değecek şekilde yerleştirelim."", ""Fırında pişirdikten sonra servis edebilirsiniz. Afiyet olsun.""]"
6ac907b4-f396-4df4-940b-5acce10fd2c0,Yoğurtlu Bulgur Köftesi,Turkey,"Lezzetli ve besleyici yoğurtlu bulgur köftesi, pratik bir şekilde hazırlanabilen geleneksel bir lezzettir",Pilav & Makarna,"[""1 su bardağı ince bulgur"", ""1 su bardağı sıcak su"", ""1/2 su bardağı irmik"", ""1 adet yumurta"", ""1/2 adet soğan"", ""1 tatlı kaşığı domates"", ""3 tepeleme yemek kaşığı un"", ""1 çay kaşığı tuz"", ""1 çay kaşığı karabiber"", ""1 çay kaşığı kimyon""]","[""Yoğurtlu bulgur köftesi tarifi için önce ince bulguru geniş bir kaba alın ve üzerine sıcak suyu ekleyin. Ardından kabı kapatın ve bulgunun 5 dakika boyunca şişmesine izin verin."", ""Ayrı bir kaba irmiği alın. İçine yumurtayı kırın ve rendelenmiş soğanı ekleyin. Salça, tuz, karabiber, kimyon ve unu da ekleyip karışımı homojen hale getirin."", ""Şişen bulguru bu karışıma ilave edin ve iyice yoğurun."", ""Ellerinizi arada bir ıslatarak küçük köfteler yapın ve bu köfteleri un serpilmiş bir tepsiye yerleştirin."", ""Tüm köfteler hazırlandığında, tepsiyi sallayarak köftelerin üzerine unun eşit bir şekilde yayılmasını sağlayın."", ""Geniş bir tencereye bol su ve bir tutam tuz ekleyin, kaynamaya bırakın. Su kaynadığında köfteleri içine atın ve ara sıra karıştırarak pişirin."", ""Sos için geniş bir tavada veya sos tenceresinde zeytinyağını ve tereyağını ısıtın. İnce doğranmış yarım soğanı ekleyin ve pembeleşene kadar kavurun. Ardından doğranmış sarımsağı ekleyin ve karıştırın."", ""Kaynayan köftelerin suyundan bir miktar ekleyin. Baharatları da ekledikten sonra biraz daha pişirip altını kapatın."", ""Bulgur köfteleri piştikçe suyun üstüne çıkacaklardır. Pişen köfteleri bir kevgirle alın ve hazırlanan sosa bulayın. Bir dakika kadar bu şekilde pişirdikten sonra servis tabağına alın."", ""Bulgur köftelerinin üzerine sarımsaklı yoğurt gezdirin, toz biberle süsleyerek servis edin. Afiyet olsun!""]"
5937dbe4-1c0a-4460-8a18-271fbf81c376,Avokado Soslu Makarna,Turkey,"Kremamsı avokado sosuyla hazırlanan bu makarna, hem doyurucu hem de sağlıklı bir seçenektir",Pilav & Makarna,"[""1 paket yassı spagetti"", ""2 adet avokado"", ""1 yemek kaşığı zeytinyağı"", ""Yarımadetlimonun suyu""]","[""Genişçe bir tencerede tuz eklediğimiz suyumuzu kaynatalım. Fokurdayan suyun içine makarnalarımızı atalım."", ""Makarnalar suyun yüzeyine çıktığında ocaktan alıp süzelim. Süzdükten sonra tekrar tencereye alalım."", ""Blenderın içine diğer tüm malzemelerimizi atıp geçirelim. Sosumuz kremamsı bir kıvam alacak."", ""Bu karışımı tenceredeki makarnamızın içine atıp kısık ateşte 1-2 dakika yavaşça çevirelim. Hazır! Afiyet olsun.""]"
aee308f4-a1be-4dbc-81ac-dd2b1f5031e0,Patatesli Yumurtalı Sandviç,Turkey,"Pratik ve doyurucu bir sandviç olan patatesli yumurtalı sandviç, haşlanmış patates ve yumurtanın mayonezle harmanlanmış lezzetli birleşimidir",Kahvaltı,"[""1 adet patates (haşlanmış)"", ""2 adet yumurta (haşlanmış)"", ""1 yemek kaşığı mayonez"", ""1 tatlı kaşığı hardal""]","[""Derin bir kaseye haşlanmış patatesi koyun."", ""Haşlanmış yumurtaları çatalla ezin."", ""Tuz, karabiber, mayonez ve hardalı çatalla birleşene kadar ezin."", ""Son olarak dereotunu koyup karıştırın."", ""Harcı iki tost ekmeğinin üzerine paylaştırın."", ""Üst üste koyun ve sonuncu dilimle sandviçi birleştirin."", ""Sandviçi çapraz olarak ikiye kesip servis edin. Afiyet olsun.""]"
a920bdca-d4c8-4a58-9c1d-3a3b601df847,Elmalı Rulo Kek,Turkey,"Taze elmalar ve ceviz içi ile hazırlanan, çay saatlerinin vazgeçilmezi lezzetli rulo kek tarifi",Tatlı,"[""4 adet büyük boy elma"", ""3/4 su bardağı toz şeker"", ""1 çay bardağı dövülmüş ceviz içi""]","[""Elmayı soyup rendeliyoruz ve tavaya alıyoruz. Şekeri ekleyip suyunu çekene kadar kavuruyoruz. Altını kapatıp ceviz ekliyoruz, karıştırıp yağlı kağıt serili fırın tepsisinin içine yayıyoruz."", ""Keki için yumurta ve şekeri iyice çırpıyoruz. Süt ve kalan malzemeleri de ekleyip çırpıyoruz ve elmalı harcın üzerine yayıyoruz."", ""Fırına koyuyoruz ve kızarana kadar pişiriyoruz. Pişince başka bir yağlı kağıt serili tepsiye ters çeviriyoruz ve sıkarak sarıyoruz."", ""Üzerine pudra şekeri serpip dilimleyip servis ediyoruz. Afiyet olsun.""]"
e20d6eca-6fa4-4274-8518-4362082b8681,Pizza Bufala,Turkey,Taze bufala mozzarella ve lezzetli cherry domateslerle hazırlanan klasik Napoliten pizzası,Ana Yemek,"[""250 gram napolitan pizza hamuru"", ""125 gram bufala mozzarella"", ""160 gram cherry domates"", ""40 gram dilim lenmiş siyah zeytin"", ""5 gram taze fesleğen"", ""5 gram zeytinyağı"", ""2 gram tuz""]","[""Hafif bir şekilde unlanmış mutfak tezgahı üzerinde elinizle büyüterek yuvarlak şeklinde açtığınız mayalı pizza hamurunu dikkatli bir şekilde fırın tepsisine yerleştirin."", ""Halka halka doğranmış bufala mozzarella peynirini hamurun üzerine serin."", ""Ortadan ikiye kestiğiniz çeri domates ve dilimlenmiş siyah zeytinleri ekleyin."", ""Önceden ısıtılmış yaklaşık 300 derece fırında 10-12 dakika kadar pişirin. Peynirler tamamen eridiğinde fırından aldığınız pizzayı, taze fesleğen yapraklarıyla süsleyip üzerine zeytinyağı gezdirdikten""]"
3baed021-86e9-4423-82c1-97ae8d8ab9f2,Fit Elmalı Kurabiye,Turkey,"Sağlıklı ve lezzetli elmalı kurabiye tarifi, tarçınlı aromasıyla damakları şenlendirir",Tatlı,"[""3 adet orta boy elma"", ""1 adet yumurta"", ""1 tatlı kaşığı tarçın"", ""1/2 çay bardağı ceviz (ufak ufak parçalanmış)"", ""3 yemek kaşığı Hindistan cevizi şekeri (hurma da olur)"", ""2 yemek kaşığı Hindistan cevizi"", ""1 yemek kaşığı tahin"", ""1 çay kaşığı kabartma tozu""]","[""Elmaları rendeliyoruz. Tarçın ve 1 yemek kaşığı Hindistan cevizi şekeri ile karıştırıyoruz."", ""Bir tavaya alıp iyice yumuşayana kadar pişiriyoruz. Bir kenara alıp soğutuyoruz."", ""Ayrı bir kapta diğer tüm malzemeleri karıştırıyoruz."", ""Soğuyan elmaları da ekleyip karışmalarını sağlıyoruz."", ""Elimizi hafif ıslatıp şekil veriyoruz. 170 derecede önceden ısıtılmış fırında pişiriyoruz. Afiyet olsun.""]"
2b90f2b5-e15c-4451-8d1b-6fe2ae253abc,Ev Yapımı Limonata,Turkey,Ferahlatıcı ve doğal lezzetiyle yaz aylarının vazgeçilmezi ev yapımı limonata,İçecek,"[""1 adet portakal"", ""1 adet limon"", ""1 su bardağı toz şeker"", ""2,5 litre su""]","[""Dondurucudan çıkardığımız portakal ve limon dilimlerimizi 10 dakika bekletip robotumuza alıp üzerine 1 su bardağı şeker ekleyip püre haline gelene kadar çekiyoruz."", ""Ardından püremizi 2,5 litre su dolu kabımızın içine alıp güzelce karıştırıyoruz. 15 -20 dakika bekletiyoruz, şekerimizin erimesi için."", ""Ardından bir süzgecin üzerine ince bir tülbent koyarak başka bir kaba süzüyoruz."", ""İçerisine nane yaprakları ekleyip servis edebilirsiniz."", ""Deneyeceklere afiyet şifa olsun.""]"
fdca8498-72ba-4bf7-adbf-c59a9bee0fe6,Sirkeli Tuzlu Kurabiye,Turkey,"Sirkeli tuzlu kurabiye, damakta bıraktığı eşsiz lezzet ve çıtır dokusuyla çay saatlerinin vazgeçilmezi",Tatlı,"[""250 gram oda sıcaklığında tereyağı"", ""3 - 4 su bardağı un"", ""1 çay bardağı sıvı yağ"", ""2 adet yumurta"", ""2 yemek kaşığı sirke"", ""1 tatlı kaşığı tuz"", ""1,5 tatlı kaşığı toz şeker"", ""1 paket kabartma tozu""]","[""Oda sıcaklığındaki 250 gram tereyağını bir kabın içerisine alın. Üzerine 1 çay bardağı sıvı yağ ve 2 adet yumurta ilave ederek elinizle karıştırın."", ""Bu karışımın içerisine 2 yemek kaşığı sirke, 1 tatlı kaşığı tuz, 1,5 tatlı kaşığı toz şeker ve 1 paket kabartma tozu ilave ederek karıştırmaya devam edin."", ""Ardından 3 su bardağı kadar unu azar azar ilave ederek ele yapışmayan bir hamur elde edene kadar yoğurun."", ""Hamurdan ceviz büyüklüğünde parçalar kopartın ve ince bir rulo olacak şekilde uzatın. Bıçak yardımıyla 4 parmak genişliğinde kesin."", ""Üzerine yumurta beyazı ve çörek otu serperek fırın tepsisine dizin."", ""180 derecelik fırında, üzeri kızarana kadar 10-12 dakika kadar pişirin ve fırından alıp soğumaya bırakın. İşte bu kadar, afiyetler olsun!""]"
7478134e-7d0b-41ef-a090-f1c173252495,Vanilyalı Ay Kurabiyesi (Vanillekipferl),Turkey,"Vanilyalı Ay Kurabiyesi, Avusturya mutfağından gelen vanilya aromalı, hilal şeklindeki lezzetli bir kurabiye tarifi",Tatlı,"[""500 gram un"", ""160 gram pudra şekeri"", ""2 paket vanilya"", ""400 gram tereyağı"", ""200 gram badem (ince öğütülmüş)""]","[""Un, pudra şekeri, vanilya ve tereyağını güzelce karıştırıp una geçmesini sağlayın."", ""İnce öğütülmüş bademi de ekleyerek malzemeler birbirine iyice karışana kadar yoğurun."", ""Hamurunuzu streç filme sarıp buzdolabında yarım saat dinlendirin."", ""Küçük bezeler koparıp ay şeklini verin."", ""Yağlı kağıt serili tepsiye kurabiyelerinizi dizin."", ""Önceden ısıtılmış 180 derece fırına atın ve kurabiyeler pişerken renk almamasına, beyaz kalmasına dikkat edin."", ""Fırınlar pişme süresinde değişiklik gösterebilir. Ben 5 dakika pişirdim. Afiyet olsun :)""]"
2afc0cd0-ff60-49e5-a30e-329b2a00577a,Kolay San Sebastian Cheesecake,Turkey,"İspanyol mutfağından gelen bu lezzetli cheesecake, kremamsı dokusu ve kolay hazırlanışı ile damaklarda unutulmaz bir tat bırakıyor",Ana Yemek,"[""600 gram taze peynir"", ""1 su bardağı toz şeker"", ""4 adet yumurta"", ""2 yemek kaşığı nişasta"", ""1 paket vanilya""]","[""Peynirleri derin bir kaba alın. Üzerine toz şekeri ekleyin ve çırpmaya başlayın."", ""Sonra kremayı ilave edin ve çırpmaya devam edin. Teker teker yumurtaları ekleyin. Her bir yumurtayı ekledikten sonra çırpın, sonra diğerini ekleyin."", ""Sonra nişastayı ve vanilyayı ekleyin. Kullanacağınız kelepçeli kalıbınıza yağlı kağıdı oturtun, harcı dökün dışarıda kalan kısımları biraz kesin, yanmasın."", ""Ben 200 derece önceden ısınmış fırında yaklaşık 40-45 dakika fansız ayarda pişirdim. Fırından fırına değişebilir. İlk 25 dakika fırının kapağını açmayın."", ""Pişmesine yakın kontrol ettiğinizde ortası hafif sallanıyorsa olmuş demektir. Fırın kapağını açık bırakarak 1 saat soğutun."", ""Sonra buzdolabında 6-7 saat bekletin. Dilimlerken üzerini meyvelerle ya da çikolata sosuyla süsleyebilirsiniz. Afiyet olsun.""]"
dbefcc56-4060-460b-aa2f-01c772c160ee,Köfteli Yeşil Mercimek Çorbası,Turkey,"Lezzetli dana kıyma ve yeşil mercimeğin harmanlandığı, doyurucu bir çorba",Çorba,"[""250 gram dana kıyma"", ""1 adet soğan"", ""1/2 çay kaşığı kırmızı biber"", ""1/2 çay kaşığı karabiber"", ""1 çay kaşığı tuz"", ""4-5 yemek kaşığı sıvı yağ (kızartmak için)""]","[""İlk olarak köfteleri hazırlıyoruz, bunun için bir kaba kıymayı alıyoruz."", ""Üzerine bir adet soğanı rendeliyoruz maydanozu çok minik olacak şekilde doğruyoruz."", ""Üzerine baharatları ve tuzu ekleyerek güzelce yoğuruyoruz."", ""Daha sonra fındık büyüklüğünde yuvarlayarak un serpilmiş bir tabağa alalım."", ""Tavaya biraz sıvı yağ dökelim. İyice ısıttıktan sonra köfteleri ekleyelim ve kızartalım."", ""Kızaran köfteleri kenara alalım daha sonra yeşil mercimeği güzelce yıkayıp bir tencereye alalım."", ""Üzerini geçecek kadar su ekleyelim ve 15-20 dakika kadar kaynatalım daha sonra bu soruyu dökelim."", ""Mercimekleri tekrar tencereye alalım üzerine 1 litre suyu ekleyip pişmeye bırakalım."", ""Mercimek pişince üzerine erişte ekleyelim. Bu şekilde de biraz kaynatalım."", ""Bir kapta yoğurt yumurta ve unu iyice çırpalım. Çorbanın suyundan bir kepçe kadar ekleyelim."", ""Tekrar çırpalım ve çorbaya ekleyelim kaynayana kadar karıştıralım."", ""Kaynadıktan sonra köfteleri ekleyelim bir taşım daha kaynatıp tereyağını eritip nane ilave ederek çorbanın üzerine gezdirelim. Afiyet olsun.""]"
8d4a77f4-d139-4c5a-9376-b43ac263f63c,Mercimek Cipsi,Turkey,Kırmızı mercimekten yapılan sağlıklı ve lezzetli bir atıştırmalık. Zeytinyağı ve tuzla harmanlanmış çıtır cipsler,Sebze Yemekleri,"[""1 su bardağı kırmızı mercimek"", ""2 yemek kaşığı zeytinyağı"", ""1 çay kaşığı tuz""]","[""1 gece önceden ıslatılmış kırmızı mercimeği soğuk suyla iyice yıkayın, süzün ve rondoya alın."", ""Üzerine zeytinyağı ve tuz ekleyip iyice çekin. Cipsin hamurunu elde ettikten sonra diğer malzemeleri ekleyin."", ""Bir kaç tur daha tüm malzemeyi rondodan çektikten sonra tepsiye koyduğunuz yağlı kağıt üzerine ince bir tabaka halinde iyice yayın."", ""200 derece fırında üzeri kızarana kadar pişecek, tahmini 25-30 dakika pişmiş oluyor. Afiyet olsun.""]"
d9f38197-4394-476b-b4eb-48f583c53e04,Limonlu İrmik Tatlısı,Turkey,"Narenciye aromasıyla ferahlatan, pratik ve lezzetli bir tatlı seçeneği",Tatlı,"[""1 paket Dr. Oetker İrmik Tatlısı"", ""2,5 su bardağı süt (500 ml)"", ""1 yemek kaşığı margarin""]","[""Ufak bir tencereye sütü ve Dr. Oetker irmik tatlısını alıp, orta ateşte karıştırarak pişirin."", ""Karışım koyulaşmaya başlayınca margarini ekleyip ateşi kısın ve 4-5 dakika daha pişirin."", ""Karışımı ocaktan alın ve içine bir adet limonun rendelenmiş kabuklarını ekleyin."", ""Karışımı 18 santimetre çapında hafifçe yağlanmış ya da ıslatılmış kelepçeli kalıba dökün ve oda sıcaklığında dinlenmeye bırakın."", ""İrmik tatlısı dinlenirken başaka bir sos tenceresinde limonların suyunu, kalan rendelenmiş kabukları, şekeri, nişastayı ve suyu karıştırıp ocağa alın."", ""Karışımı orta ateşte koyulaşana kadar karıştırarak pişirin."", ""Pişen karışıma bir yemek kaşığı margarini ekleyip karıştırın."", ""Sosu irmik tatlısının üzerine dökün ve hafif ılındıktan sonra buzdolabına soğumaya bırakın."", ""Soğuyan tatlınızı servis tabağına alın ve üzerine Hindistan cevizi serpin."", ""Son olarak parçalanmış kuru portakal dilimleri ile tamamlayıp servis edebilirsiniz. Afiyet olsun.""]"
466f2bb0-20d8-4b9f-8c4b-a19b8793f466,1 Dakikada Kurabiye,Turkey,Sadece 1 dakikada hazırlanan hızlı ve pratik kurabiye tarifi,Ye,"[""4 tatlı kaşığı tereyağı"", ""4 yemek kaşığı esmer şeker"", ""4 yemek kaşığı süt"", ""12 yemek kaşığı un"", ""1 çay kaşığı kabartma tozu"", ""60 gram çikolata""]","[""Öncelikle, tereyağını eritin ve şeker ile karıştırın. İçerisine sütü de ilave edin."", ""Un, kabartma tozu ve tuzu ekleyip karıştırın."", ""Çikolatanın yarısını kurabiyenin üzerine eklemek üzerine ayırın. Kalan yarısını ince ince doğrayın."", ""Hamura doğranmış çikolatayı da ekleyin ve toparlanana kadar yoğurun."", ""Hamuru 4 eşit bezeye ayırın ve bezeleri elinizle yuvarlayın."", ""Yağlı kağıdı 4 eşit parçaya bölün ve bezeleri yerleştirin. Elinizle üzerilerine bastırarak kurabiye şekli verin."", ""Her kurabiyenin üzerine birkaç adet çikolata parçası koyun ve yerleşmesi için bastırın."", ""Mikrodalgada 1 dakika boyunca pişirin. 1 dakikada kurabiye hazır. Çıkarınca dinlenmesi için biraz bekleyin ve afiyetle tüketin.""]"
8e759072-b22d-4774-b09c-b627b7e25019,"Yulaflı, Lorlu Börek",Turkey,"Sağlıklı ve lezzetli yulaflı lorlu börek, pratik bir atıştırmalık veya hafif bir öğün için ideal",Börek & Hamur İşi,"[""3 adet yumurta"", ""150 gram yulaf ezmesi"", ""1 çay bardağı zeytinyağı"", ""1 çay bardağı kefir"", ""2 su bardağı lor peyniri""]","[""Önce yumurtaları bir kapta çırpıyoruz."", ""İçine lor peynirini içine iyice ufalıyoruz."", ""Zeytinyağını ekleyip karıştırıyoruz."", ""Kefiri ekleyip karıştırıyoruz."", ""Son olarak da 150 gram yulaf ezmesini blenderdan geçirip irili ufaklı küçültüyoruz ve karışıma ekliyoruz."", ""Yağlı kağıt serdiğimiz kaba, karışımı döküp 180 derecede 40 dakika pişiriyoruz. Fırından çıkarıp diğer tarafı da kızarana kadar fırında tutuyoruz. Afiyet olsun.""]"
d6902f93-0fd4-4b11-9228-c1463f41fa43,Muzlu Kakaolu Smoothie,Turkey,"Lezzetli ve besleyici muzlu kakaolu smoothie, enerji dolu bir başlangıç için ideal",Ana Yemek,"[""1 adet dondurulmuş muz"", ""3-4 adet buz küpü (isteğe bağlı)"", ""Etimek Tatlısı Tarifi"", ""Damla Çikolatalı Kurabiye"", ""Tatlı Tarifleri Spoonful Mozaik Pasta Çikolatalı Sufle İrmik Helvası Fırın Sütlaç Profiterol Revani Magnolia"", ""Kahvaltılık Tarifler Pancake Krep Pişi Kuymak Kaygana Kahvaltılık Sos Menemen Muhlama Yumurtalı Ekmek Omlet"", ""Omlet""]","[""Bir karıştırıcıda tüm malzemeleri birleştirin."", ""Pürüzsüz olana kadar karıştırın. Ve hazır. Yaz aylarında soğuki soğuk kış aylarında ılık olarak servis edin. Afiyet olsun.""]"
307f5e76-a9a9-4f88-bd18-81a434974c93,Semizotlu Sebze Köftesi,Turkey,"Lezzetli ve sağlıklı semizotlu sebze köftesi, sebzelerin tazeliğiyle harmanlanmış özel bir lezzet",Et Yemekleri,"[""1 adet havuç"", ""1 adet soğan"", ""1 adet patates"", ""1 adet yumurta"", ""1/2 kilogram semizotu"", ""1/2 çay bardağı beyaz peynir"", ""1 çay kaşığı karabiber"", ""1 çay kaşığı pul biber"", ""1 çay kaşığı tuz"", ""1 çay kaşığı kimyon"", ""3 yemek kaşığı tam buğday unu"", ""1 çay kaşığı karbonat""]","[""Soğan, patates, havuç, küçük küpler halinde kesip kavuralım."", ""Semizotu ince ince doğranıp kavrulan sebzelerimizin içine atalım."", ""İyice suyunu çekince ocaktan alıp, soğuyunca 3 kaşık un, peynir, baharatlar, yumurta ve ilave edelim. Karıştıralım."", ""Şekil verilip 180 derecede önceden ısıltılmış fırında pişirelim. Afiyet olsun.""]"
592f8b7d-788d-4d1b-91bf-15e5d074c061,Mayasız Katmer,Turkey,"Mayasız pratik katmer tarifi, yoğurt ve süt ile hazırlanan lezzetli bir hamur işi",Ana Yemek,"[""1,5 su bardağı ılık süt"", ""1/2 çay bardağı yoğurt"", ""1 tatlı kaşığı tuz"", ""1 paket kabartma tozu"", ""5 su bardağı un (kontrollü ekleyin)""]","[""Ilık süt, tuz, kabartma tozu ve yoğurt bir kaba alınır. Yavaş yavaş un eklenerek çok hafif ele yapışan bir hamur elde edilir."", ""Hamur 4'e bölünür, her biri servis tabağı büyüklüğünde açılır. Aralarına eritilmiş tereyağı ve zeytinyağ karışımı sürülerek üst üste koyulur."", ""Hamur tezgaha alınır, oklava veya merdane yardımı ile genişçe açılır. Tekrar tereyağı ve zeytinyağı karışımı sürülüp rulo şeklinde sarılıp kendi etrafında döndürülür."", ""Üzeri poşet yada streç ile örtülüp 20-30 dakika dinlendirilir. Dinlenen hamur tepsiye alınır. Tepsinin ölçüsünde açılıp yumurta sarısı sürülür. Çatal ile desen verilip 200 derece fırında 25-30 dakika""]"
e3a35dec-fcf2-46bd-944e-50f7bf5d000a,Kaşık Tatlısı,Turkey,"Geleneksel Türk tatlısı olan kaşık tatlısı, şerbetli ve kıtır bir lezzettir",Tatlı,"[""125 gram tereyağı"", ""1 su bardağı un"", ""1 su bardağı şeker"", ""1 litre süt"", ""1 paket vanilin""]","[""Muhallebiyi hazırlayarak başlayın. Tereyağı ve unu 5 dakika unun kokusu çıkana kadar karıştırın."", ""Ardından sütünü ekleyin ve kıvam almaya başlayınca şekerini ekleyip biraz daha karıştırın. Ardından vanilyayı ekleyip karıştırın ve muhallebiniz pürüzsüz bir kıvama gelince borcama aktarın."", ""Buzdolabına alıp biraz soğumasını sağlayın."", ""Supangle için tereyağı, vanilin, çikolata ve su hariç diğer tüm malzemeleri koyun ve güzelce karıştırın."", ""Kıvam alınca tereyağı, çikolata ve vanilini ekleyip pürüzsüz olacak şekilde karıştırın."", ""Supangle biraz ılıdıktan sonra yarım bardak soğuk suyu da ekleyip karıştırın ve muhallebinin üzerine dökün."", ""Tatlının en üst kısmına kakao serpiştirip 3-4 saat buzdolabında dinlendirdikten sonra servis edin. Afiyet olsun.""]"
7bd66a95-89d4-4f2b-89cf-66426b63ad5b,Vegan ve Glutensiz Yulaf Lapası,Turkey,"Lezzetli ve besleyici vegan, glutensiz yulaf lapası ile güne enerjik başlayın",Vegan,"[""4-5 yemek kaşığı glutensiz yulaf ezmesi"", ""1,5 su bardağı soya sütü (vanilya)"", ""1 su bardağı su (tam doldurmayın)""]","[""Yulafları, suyu ve sütü tavaya koyuyoruz ve orta ateşte pişiriyoruz."", ""Karışımımız lapa haline geldiğinde ve sıvıyı çektiğinde tencereden alıyoruz. Ben bu aşamada hafif sıvı kalmasını istediğim için tamamen suyu çekmesini beklemiyorum, birazcık sıvı bırakıyorum."", ""Karışımımızı bir kaseye doldurup üzerini koymak istediğimiz malzemelerle süslüyoruz. Bu kadar! Afiyet olsun.""]"
d98ac41d-d9a3-4d46-8244-ba42706a7838,Çikolata Soslu Tavuk Göğsü,Turkey,Tavuk göğsünün çikolata ile harmanlandığı benzersiz ve lezzetli bir ana yemek tarifi,Tatlı,"[""1 litre süt"", ""3 yemek kaşığı tereyağı"", ""1 su bardağı (tepeleme) un"", ""2 paket vanilya"", ""1 su bardağı toz şeker""]","[""Tereyağını bir tencerenin içerisine alın ve eritin."", ""Ardından unu üzerine eleyerek ilave edin ve kavurmaya başlayın.Unun kokusu çıkıp rengi biraz dönenen kadar kavurmaya devam edin."", ""Un tam kıvamında kavurulunca azar azar sütünü ilave etmeye başlayın. Diğer yandan da hızla karıştırın. Süt ve un birleşince şekeri de ilave ederek karıştırmaya devam edin."", ""Karıştırdıkça tatlınız kıvam almaya başlayacaktır. Kıvam alıp üzeri de göz göz olunca ocaktan alın ve içerisine vanilya ilave ederek karıştırın."", ""Dilerseniz bu aşamadan sonra kaselere boşaltın. Şekil vermek istiyorsanız da biraz ılınmasını bekletikten sonra streç filmlediğiniz bir kek kalıbına tavuk göğsünüzü dökün ve buzdolabında soğumaya bıra"", ""Çikolata sosu bir sos tenceresinde hazırlayın. Kremayı hafif ılıtıp içerisine çikolataları koyarak eriyene kadar karıştırın."", ""Ardından tavuk göğsünü streç filmden çıkarıp bir servis tabağına ters çevirerek koyun. Üzerine sostan gezdirin."", ""Sos üzerinde donunda dilimleyerek servis edin. Afiyetler olsun!""]"
fa779dd1-44d1-4a4a-8b3a-5efe61e081e0,Kakaolu Yumuşacık Kek,Turkey,"Kakaolu Yumuşacık Kek, mis gibi kokusu ve yumuşak dokusuyla damakları çıldırtan lezzetli bir tatlı",Tatlı,"[""1 su bardağı toz şeker"", ""3/4 su bardağı sıvı yağ"", ""1,5 su bardağı süt"", ""1 paket kabartma tozu"", ""3 adet yumurta"", ""3 yemek kaşığı kakao"", ""3 - 3,5 su bardağı un"", ""2 paket vanilya""]","[""Fırınınızın içerisine içi su dolu bir kap yerleştirin. Fırınınızı 180 derecede ısıtmaya başlayın."", ""Oda sıcaklığındaki yumurtaları bir kabın içerisine kırın. Üzerine toz şekeri ilave edin."", ""Mikser ya da tel çırpıcı yardımıyla yumurta ve şekeri güzelce çırpın, kremamsı bir kıvama gelmesini sağlayın."", ""Ardından üzerine süt ve sıvı yağı ekleyin. Birkaç dakika daha çırpın."", ""Kabartma tozu, vanilya, kakao ve 1,5 su bardağı unu harca aktarın. Güzelce çırpmaya devam edin."", ""Kekin kıvamına bağlı olarak azar azar un ilave edin. Orta yoğunlukta akışkan kıvamlı bir kek harcı elde edin."", ""Yağlanmış unlanmış orta boy kelepçeli bir kek kalıba hazırladığınız harcı aktarın. Evdeki başka herhangi bir kek kalıbını da kullanabilirsiniz."", ""Ardından kekinizi fırına atın. Kontrollü bir şekilde kekinizi ortalama 30-40 dakika arası pişirin. Fırınınızın performansına göre süre uzayabilir."", ""Pişme sırasında fırına yerleştirdiğiniz içi su dolu ısıya dayanıklı kap fırında olmaya devam etsin. Kekiniz pişince fırından alın ve oda sıcaklığında ılımaya bırakın."", ""Kekiniz ılırken benmari usulü çikolatanızı eritin ve kekinizin üzerine dökün. Çikolata üzerinde donup kek tamamen soğuduğunda kalıptan çıkarıp dilimleyerek servis eidn. Dilerseniz çikolata sos yapmada""]"
bb074415-f0b0-4d9f-b95d-0f810dfff3a5,Vişne Reçelli Kek,Turkey,Yumuşacık dokusu ve vişne reçelinin tatlı ekşiliğiyle damaklarda iz bırakan pratik bir kek tarifi,Tatlı,"[""3 adet yumurta"", ""1 çay bardağı şeker"", ""1 çay bardağı sıvı yağ"", ""1 bardak süt"", ""1 paket vanilya"", ""2 paket kabartma tozu (1 tatlı kaşığı limon suyuyla köpürtülecek)"", ""2-3 su bardağı un""]","[""İlk olarak yumurta ve şekeri 5 dakika kadar beyazlaşıp köpürünce çırpıyoruz."", ""Sıvı yağ ve sütü ekleyip karıştırıyoruz."", ""Daha sonra bir kapta un, kabartma tozu ve vanilyayı karıştırıyoruz."", ""Daha sonra bu kuru karışımı diğer karışıma ekleyip 5 dakika karıştırıyoruz."", ""Yağladığımız kalıba karışımımızı döküyoruz ve önceden ısıttığımız 175 derece fırınımıza koyuyoruz."", ""Pişince 5 dakika kadar fırında bekletiyoruz."", ""Daha sonra reçelimizi kekimizin üzerine eşit şekilde yayıyoruz."", ""Soğuduktan sonra servis edebilirsiniz. Afiyetler olsun!""]"
520c6c09-c855-4e1c-8da2-7d94d22435fa,Soya Sosu ile Kızarmış Susamlı Tofu,Turkey,"Susamın çıtırlığı ve soya sosunun derin lezzetiyle buluşan, kolayca hazırlayabileceğiniz lezzetli bir tofu yemeği",Ana Yemek,"[""300 gram sert tofu"", ""1/4 bardak soya sosu"", ""1 bardak sebze suyu"", ""1 çay kaşığı kırmızı tatlı toz biber"", ""Yarımçay kaşığı tuz""]","[""Tofuları üçgen formunda kesip, soya sosunun içinde bekletin. Soya sosunu biraz emdikten sonra tofuları süzün."", ""Kızartmaya hazırlamak için fazla sıvısını kağıt veya bez ile alın. Soya sosunu sosta kullanmak için ayırın."", ""Susam yağını yapışmaz bir tavada ısıtın ve tofuların tüm yüzeylerini kızartın."", ""Ayırdığınız soya sosuna tuzu ekleyerek bir dakika kadar kaynatın. Ardından biberi ve sebze suyunu ekleyin."", ""İki dakika kadar karıştırarak ısıttığınız sosa mısır ununu ilave edin. Katılaşması için bir dakika daha pişirmeye devam edin."", ""Servis tabağına aldığınız tofuların üzerine önce sosu gezdirin, üzerine susam ve doğranmış taze soğan dilimlerini ekleyin.""]"
65bb805e-9a59-4ae9-89d8-012a50fb1ee0,Fit Misket Beğendi,Turkey,Az yağlı misket köfteler ve köz patlıcan konservesiyle hazırlanan lezzetli ve sağlıklı bir ana yemek,Et Yemekleri,"[""10 adet az yağlı kıymaile hazırlanmış misket köfte"", ""8 yemek kaşığı köz patlıcankonservesi"", ""2 adet domates"", ""1 yemek kaşığı biber salçası"", ""1 tatlı kaşığı zeytinyağı"", ""6 yemek kaşığı süzme yoğurt"", ""5 yemek kaşığı yoğurt"", ""2 çay kaşığı tuz""]","[""Misket köfteleri yağsız tavada pişirmeye başlayın."", ""Domatesleri rendeleyin, 1 tatlı kaşığı zeytinyağı koyduğunuz tavada 1 çay kaşığı tuz ve salça ile beraber pişmeye bırakın."", ""Süzme yoğurt ile yoğurdu iyice karıştırın, ezilmiş sarımsakları ve 1 çay kaşığı tuzu da ekleyip homojen bir hal alana kadar karıştırın."", ""Küçük küçük dilimlenmiş köz patlıcanları yoğurt ile karıştırın ve servis kabınıza dökün."", ""Üzerine kızaran köftelerinizi yerleştirin."", ""Domates sosunu da kaynadıktan sonra 1-2 dakika daha pişirin."", ""Hazır olan domates sosunu köftelerin üzerinde gezdirerek dökün."", ""İnce doğranmış maydanozlar ile süsleyin. Afiyet olsun.""]"
e987a9ae-0096-4c4e-b03b-90af743dc516,Rafine Şekersiz Ayva Reçeli,Turkey,"Doğal tatlılığıyla damakları şenlendiren sağlıklı, rafine şekersiz ayva reçeli",Ana Yemek,"[""3 adet orta boy ayva"", ""250 mililitreelma suyu"", ""1-2 damlalimon suyu""]","[""Tüylü kısmından arındırıp parlak haline gelene kadar ayvaları bir fırça yardımı ile yıkıyoruz."", ""Çekirdek ve sert orta kısımlarını alarak küp küp kesiyoruz. Burada dilerseniz kabuklarını soyabilirsiniz."", ""Ayva çekirdeklerini ve eğer soyduysanız kabuklarını tencerenin dibine yerleştirip üzerine küp küp kestiğimiz ayvaları koyun."", ""250 mililitre elma suyunu üzerine boşaltarak kısık ateşte pişirin."", ""Kıvam olarak koyu bir kıvam istiyorsanız kontrollü bir şekilde 30 dakika pişirin."", ""Reçel istediğiniz kıvama geldiğinde altını kapatmadan bir iki damla limon sıkıp 2 dakika sonra ocaktan alalım."", ""Sterilize edilmiş kavanoza sıcak şekilde aktarıp kapağını kapatarak vakumlayın. Afiyet olsun!""]"
59fa62cd-ced3-4d52-93bd-11b17fc1d935,Taş Fırından Farksız Ramazan Pidesi,Turkey,"Evde kolayca hazırlayabileceğiniz, fırından yeni çıkmış gibi lezzetli Ramazan pidesi tarifi",Börek & Hamur İşi,"[""1 kilogram un"", ""730 mililitresu"", ""1 silme yemek kaşığı tuz"", ""1 paket yaş maya""]","[""Unu tezgaha alın ve ortasına havuz açın. Un ve suyu hamur kıvamı alıncaya kadar karıştırın."", ""Ardından hamuru vur katla yöntemiyle 6 dakika yoğurun."", ""Hamurun üzerine tuzu yedirip 3 dakika daha vur katla yöntemiyle yoğurun."", ""En son Yaş mayayı ilave edin ve 3 dakika daha yoğurun."", ""Ardından hamuru hafif unladığınız kaba alın ve 30-35 dakika mayalanmasını bekleyin."", ""Mayalanan hamuru bezeler haline getirip üzerini hafif unlayıp üstünü örtün ve 45 dakika daha mayalanmasını bekleyin."", ""Pişireceğiniz tepsiye varsa kepek yoksa mısır unu dökün."", ""Hamura tezgahta yumurta ile tırnaklama yöntemiyle şekil verin."", ""Fırında üzeri kızarana kadar pişridikten sonra servis edebilirsiniz. Afiyet olsun.""]"
e4916dfc-cb1f-4e54-a779-0d2a3397a1ae,Patates Mücveri (Hash Browns),Turkey,"Patates Mücveri, baharatlı patates ve soğanın yumurta ile harmanlanıp kızartılmasıyla hazırlanan lezzetli bir kahvaltılık",Ana Yemek,"[""1 adet patates"", ""1/2 adet soğan"", ""1 adet yumurta"", ""2 yemek kaşığı un"", ""1 çay kaşığı tuz"", ""2 yemek kaşığı zeytinyağı""]","[""Patatesi rendeleyin. Soğanı çok ince ve yarım ay şeklinde doğrayın. Dilerseniz soğanı da rendeleyebilirsiniz."", ""Tuzu da ekleyip soğan ve patatesi harmanlayın. Karışımı süzgece alıp on dakika dinlendirin."", ""Dinlenen karışı elinizle sıkıp bir kaseye alın. İçine yumurta ekleyip karıştırın. Son olarak unu da ekleyin ve macun kıvamına getirin."", ""Tavayı orta ateşte ısıtın ve yağlayın. Yağın fazlasını peçete ile alın. Tavaya karışımdan bir yemek kaşığı kadar koyup bastırarak düzleştirin."", ""Mücverleri ters düz ederek 8-10 dakika kısık ateşte pişirin. Her yeri renk alıp yumuşayınca sıcak servis edebilirsiniz. Afiyet olsun.""]"
864050e9-e94f-4501-ba67-b7e6f589a80e,Krep,Turkey,"Fransız mutfağından gelen bu ince ve lezzetli krep tarifi, kahvaltıda veya tatlı olarak harika bir seçenektir",Ana Yemek,"[""2 adet yumurta"", ""2 büyük su bardağı süt"", ""2 büyük su bardağı un"", ""1 çay kaşığı tuz""]","[""Öncelikle çırpacağımız kaba unu, sütü ve tuzu alalım. Topak kalmayacak şekilde çırpalım."", ""Daha sonra yumurtaları ekliyoruz ve çırpmaya devam ediyoruz. Kek harcından daha akıcı bir kıvam elde etmemiz gerekiyor."", ""Pişireceğimiz tavaya 1 çay kaşığı kadar yağı döküp yayalım."", ""Kızmış olan tavaya kepçe ile harcımızdan döküp sağa ve sola yayarak arkalı önlü hafif rengi dönünceye dek pişirelim.""]"
777581db-9731-4592-ad64-a85ef312cb06,Çikolatalı Cheesecake,Turkey,"Lezzetli çikolatalı cheesecake, kremalı bisküviler ve çikolata ile hazırlanan nefis bir tatlı",Tatlı,"[""1 paket yulaflı bisküvi"", ""2 paket kremalı bisküvi"", ""3 yemek kaşığı tereyağı (eritilmiş)""]","[""Bisküvileri robotta un haline getirin. Eritilmiş tereyağını ilave edip iyice karıştırın. Daha sonra kelepçeli kalıba yağlı kağıdı koyup sıkıştırın."", ""Üzerine bisküvileri koyup, bardak yardımıyla iyice bastırarak yayın. Buzdolabında biraz bekletin ve o sırada çikolatalı cheesecake harcını hazırlayın."", ""Labne ve krem peyniri mikserle çırpın ve kremayı ekleyin. Daha sonra pudra şekerini ve vanilyayı ekleyin. Yumurtaları da tek tek ilave ettikten sonra en son unu ekleyip tekrar çırpın."", ""Çikolatayı benmari usülü eritin. Hazırladığınız harca çikolatayı da ilave edip karıştırın. Harcınızı, bisküvili kelepçeli kalıba dökün. 180 derecede 45 – 50 dakika pişirin."", ""Fırından çıkardıktan sonra dinlendirin. Üzeri için kremayı ısıtın. 100 gr. çikolatayı içine koyup, eriyene kadar karıştırın."", ""Hazırladığınız sosu, fırından çıkardığınız harcın üzerine döküp buzdolabına koyun. En az 3 – 4 saat buzdolabında bekletin. Afiyet olsun! :)""]"
546a45b7-44ec-433e-a098-5ec716854e37,Nutellalı Muhallebi,Turkey,"Nutellanın çikolata lezzetiyle muhallebinin yumuşak dokusunu birleştiren bu tatlı, hem kolay yapımı hem de nefis tadıyla damakları şenlendiriyor",Tatlı,"[""5 su bardağı soğuk süt"", ""1/2 su bardağı toz şeker"", ""4 yemek kaşığı Nutella"", ""2 yemek kaşığı un"", ""2 yemek kaşığı buğday nişastası"", ""1 adet yumurta sarısı"", ""4 yemek kaşığı kakao"", ""1 paket vanilya"", ""1 tatlı kaşığı tereyağı""]","[""Toz şeker ve yumurta sarısını derin bir tencereye alın ve bir çırpıcı yardımıyla karıştırmaya başlayın."", ""Un ve buğday nişastasını kattıktan sonra soğuk sütü azar azar ekleyin. Kakao ve nutellayı katın."", ""Tüm malzemeyi bir çırpıcı yardımıyla karıştırdıktan sonra tatlı tenceresini ocağa alın."", ""Nutellalı muhallebiyi kısık ateşte, bir çırpıcı yardımıyla sürekli karıştırarak pişirin."", ""Göz göz olan ve koyulaşmaya başlayan muhallebi karışımına vanilya ve tereyağını ekleyin."", ""Kısık ateşte 2-3 dakika daha pişirdiğiniz muhallebiyi tatlı kaselerine paylaştırın."", ""Çırpılmış krem şanti ve rendelenmiş çikolata ile süslediğiniz tatlıları buzdolabında soğuttuktan sonra servis edin. Sevdiklerinizle paylaşın.""]"
8b1196d8-8569-47f1-9842-361be210a1fc,Patates Dilim Pizza,Turkey,Patates dilimlerinin lezzetli bir pizza tabanı olarak kullanıldığı pratik ve doyurucu bir tarif,Ana Yemek,"[""2 adet patates (büyük boy)"", ""2 yemek kaşığı zeytinyağı"", ""1 yemek kaşığı domates salçası"", ""2 yemek kaşığı su"", ""2 yemek kaşığı konserve mısır"", ""2 adet kiraz domates"", ""1 tatlı kaşığı dağ kekiği""]","[""Patatesleri güzelce yıkayın. Büyüklüklerine göre eşit dilimler olacak şekilde uzunlamasına dilimleyin."", ""Dilimler 0,5-1 cm arasında olmalı, mümkünse daha kalın veya ince olmamalıdır. Her dilimi eşit kesin ki fırında aynı anda pişebilsinler."", ""Patates dilimlerini fırın tepsisine alın. Üst kısımlarına küçük bir bıçakla sağ-sol çapraz çizgiler atın. Bu çizikler sayesinde hem daha çabuk hem de daha eşit pişecektir."", ""Zeytinyağını bir fırça yardımıyla güzelce üst kısımlarına sürün ve önceden ısıtılmış 180 derece fırında 18-20 dakika pişirin."", ""Fırından çıkardıktan sonra suyla karıştırdığınız salçayı fırçayla tekrar üzerine sürün."", ""Küp küp doğradığınız sucuk, mısır taneleri ve dilimlere ayırdığınız domatesi dilimlerin üzerine dağıtın."", ""Son olarak rendelenmiş kaşar peynirini üzerlerine serpin. Önceden ısıtılmış 180 derece fırında kaşarlar eriyip kızarana kadar pişirin. Takriben 5-6 dakika yeterli olacaktır."", ""Fırında çıkardıktan sonra sıcak servis edin. Afiyet olsun!""]"
d4eb868e-5499-477b-8968-af2e136a551f,Kekikli Tavuk ve Zerdeçallı Makarna,Turkey,"Zerdeçallı makarna ile harmanlanmış kekikli tavuk, nefis lezzetiyle sofranızda şölen yaşatacak",Tatlı,"[""1/2 paket kalem makarna"", ""1/2 çay bardağı krema"", ""1/2 çay kaşığı zerdeçal"", ""1 çay kaşığı tuz"", ""1 tatlı kaşığı sıvı yağ""]","[""Öncelikle küp doğranmış filetolari sosluyoruz. Kekik, karabiber, pul biber, sirke, sarımsak ve tuz ile karıştırıp vaktiniz varsa en az bir saat dinlenmeye bırakıyoruz. Yoksa hemen pişirmeye başlayabil"", ""Teflon tavada yüksek ısıda tavuklar suyunu bırakmaması için birbirine değmeden pişiriyoruz. Birkaç seferde bütün tavukları alt üst çevirerek pişiriyoruz."", ""Pişen tavukların hepsini tavaya alıp, bir kutu kremadan yarım çay bardağı eksik üzerine dökerek 5 dakika daha pişiriyoruz. Dinlenmeye alıyoruz."", ""Yarım paket makarnayı tuz ve çok az yağ eklediğimiz suda haşlıyoruz. Suzdukten sonra iki yemek kaşığı tereyağı, yarım çay kaşığı zerdeçal ve yarım çay bardağı krema ekleyerek 2-3 dakika kavuruyoruz. M""]"
dcc70b84-9390-4e9a-91a6-f8ee01485ec3,Kuru Domates Salatası,Turkey,Zeytinyağı ve nar ekşisiyle harmanlanmış kuru domateslerin ferahlatıcı lezzeti,Salata,"[""18-20 adet kurutulmuş domates"", ""1 çay bardağı zeytinyağı"", ""1/2 çay bardağı nar ekşisi"", ""1/2 adet limonun suyu"", ""1 çay kaşığı tuz""]","[""Kurutulmuş domatesleri kaynar suda 4-5 dakika haşlayıp suyunu süzün. Daha sonra iri iri doğrayıp kaseye alın. Üzerine zeytinyağı ekleyin."", ""Maydanozları ince doğrayıp kurutulmuş domateslerin üzerine ekleyin. Cevizleri de iri parçalar halinde doğrayıp(elinizle iri parçalar halinde de bölebilirsiniz) ekleyin."", ""Sosu için gerekli olan diğer tüm malzemeyi bir kasede karıştırıp salatanın üzerine gezdirin. Karıştırıp afiyetle yiyin.""]"
dfa1ca08-141c-491f-a4db-1df872eec5e3,Ev Yapımı Dijon Hardalı,Turkey,Fransız mutfağının vazgeçilmezi Dijon hardalını evinizde kolayca hazırlayın. Bu tarif ile lezzetli ve doğal hardalınızı kendiniz yapabilirsiniz,Ana Yemek,"[""1 çay bardağı elma sirkesi"", ""2 yemek kaşığı üzüm sirkesi"", ""120 gram sarı tane hardal"", ""3 yemek kaşığı bal"", ""100 gram toz hardal"", ""50 gram kahverengi tane hardal"", ""2 yemek kaşığı zeytinyağı"", ""1 su bardağı sıcak su"", ""1 tatlı kaşığı tuz"", ""1 çay kaşığı karabiber""]","[""Genişçe bir kabın içine tane ve toz hardalı koyun. Üzerine sıcak su ekleyin, streç film ile kabın üzerini kaplayın ve bir gece dinlendirin."", ""Ertesi gün hardalları mutfak robotuna aktarın. Üzerine zeytinyağı ve sirkeyi ilave edip karıştırmaya başlayın."", ""Hardal taneleri kırılmaya başladığında diğer tüm malzemeleri ilave ederek macun kıvamı alana kadar karıştırın."", ""Malzemelerin tamamı karıştığında hardalınız hazır. Kavanozun içine aktarıp afiyetle tüketebilirsiniz.""]"
b4bff538-ee35-483e-a09c-585c4008abb9,Mantı,Turkey,"Ev yapımı lezzetli mantı tarifi, mis gibi kokusuyla sofralarınızı şenlendirecek",Börek & Hamur İşi,"[""3 su bardağı un"", ""1 su bardağı ılık su"", ""1 adet yumurta"", ""1 çay kaşığı tuz""]","[""Mantı hamurunu yapmak için 3 su bardağı unu bir yoğurma kabına boşaltın, ortasını açıp 1 adet yumurta, tuz ve 1 su bardağı ılık suyu ekleyip yoğurun."", ""Ele yapışmayan, esnek bir hamur elde edince, üzerini kapatarak dinlenmeye bırakın."", ""Mantının içi için, 1 adet kuru soğanı rendeleyin. 250 gram kıymayı soğana ekleyin. Daha sonra, karabiber, tuz ve pul biber ekleyerek güzelce yoğurun."", ""Hamuru bezelere ayırın."", ""Her bezeyi oklavayla hazır yufkadan biraz kalın bir şekilde açın."", ""Açtığınız yufkayı kareler şeklinde kesin."", ""Her karenin ortasına kıymalı harçtan küçük bir parça yerleştirin."", ""Bohça şeklinde kapatın."", ""Derin bir tencereye su ekleyip kaynatın ve mantıları yaklaşık 20 dakika pişirin."", ""Mantı sosu için bir kapta 2 yemek kaşığı tereyağı eritin. Eriyen tereyağına 2 yemek kaşığı domates salçası ekleyip kavurun."", ""Pişen mantının suyuyla salçayı biraz açıp birkaç dakika kaynatın."", ""Mantıyı suyunu süzerek servis tabağına aldıktan sonra üzerine sarımsaklı yoğurt dökün. Üzerine hazırladığınız sosu döktükten sonra kuru nane, sumak ve pul biber ekleyerek servis edebilirsiniz."", ""Mantı hazır! Afiyet olsun.""]"
a81ef33a-cd30-4508-b539-c22e261240a7,Ispanak Salatası,Turkey,"Lezzetli ve besleyici ıspanak salatası, zeytinyağı ve tereyağıyla harmanlanmış hafif bir başlangıç",Salata,"[""3-4 yemek kaşığı zeytinyağı"", ""1 çay kaşığı tuz"", ""1 yemek kaşığı tereyağı"", ""Etimek Tatlısı Tarifi"", ""Damla Çikolatalı Kurabiye"", ""Tatlı Tarifleri Spoonful Mozaik Pasta Çikolatalı Sufle İrmik Helvası Fırın Sütlaç Profiterol Revani Magnolia"", ""Kahvaltılık Tarifler Pancake Krep Pişi Kuymak Kaygana Kahvaltılık Sos Menemen Muhlama Yumurtalı Ekmek Omlet"", ""Omlet""]","[""Yıkanmış suyu süzülmüş ıspanakları irice doğrayıp sarımsakla birlikte zeytinyağında hafif soteleyip servis tabağına alıyoruz."", ""Çiğ fıstıkları önce yanmaz tavada hafif kavurup (yanmasın) kabuğunu soyup ardından tereyağında yine hafifçe kavurup ıspanakların üzerine döküyoruz."", ""İsterseniz fıstıkları kavururken biraz kırmızı biber atabilirsiniz, ben koymuyorum.""]"
54661f04-de55-4429-b9f5-8f3dd64c0cec,Örgülü Kurabiye,Turkey,"Tereyağı ve sıvı yağ ile hazırlanan, örgü şekli verilen lezzetli ve hafif kurabiye tarifi",Tatlı,"[""100 gram tereyağı"", ""1/2 çay bardağı sıvı yağ"", ""1 adet yumurta beyazı"", ""2 yemek kaşığı sirke"", ""1/2 çay bardağı süt"", ""1 yemek kaşığı yoğurt"", ""3-4 su bardağı un"", ""1 paket kabartma tozu"", ""3 tatlı kaşığı toz şeker"", ""1 tatlı kaşığı tuz""]","[""Hamuru için önce tereyağı, sıvı yağı karıştıralım ve üzerine diğer malzemeleri ekleyelim."", ""Yoğurduğunuz hamurdan parçalar alıp, ince uzun şekilde yuvarlayalım. 2 ye katlayıp döndürelim(örgü şeklini verelim) Dilerseniz başka şekilde yapabilirsiniz."", ""Yağlı kağıt serili fırın tepsisine aktarıp 180 derecede önceden ısıtılmış fırında 15-20 dakika pişirelim. Çıkarıp soğuttuktan sonra servis edelim. Afiyetler olsun!""]"
9c174d1c-fcdc-44ab-8695-8078ed6b9f96,Muzlu Kakaolu Muffin,Turkey,"Muz ve kakaolu lezzetin birleştiği, pratik ve nefis muffin tarifi",Ana Yemek,"[""100 gram şeker"", ""200 mililitresüt"", ""60 gram eritilmiş tereyağı"", ""165 gram un"", ""2 adet yumurta"", ""25 gram kakao"", ""1 adet muz"", ""1 çay kaşığı (silme) tarçın"", ""1 paket kabartma tozu"", ""1 yemek kaşığı damla çikolata""]","[""Öncelikle fırını 180 derecede ısıtıyoruz."", ""Daha sonra oda sıcaklığında olan süt, yumurta ve erittiğimiz tereyağını ekleyip karıştırıyoruz."", ""Malzemeler iyice karıştıktan sonra sırayla eleyerek un, kakao, kabartma tozu, tarçın, şekeri ekliyoruz ve en son çatalla ezdiğimiz muzu da ekleyip karıştırıyoruz. Harcımız normal kek kıvamında oluyor."", ""Fansız ve 180 derece fırında pişiriyoruz. Afiyet olsun.""]"
88a7cf3d-c78d-417d-9057-3d64d8a39a3e,Portakallı Limonata,Turkey,"Ferahlatıcı portakallı limonata, yaz aylarının serinletici içeceği. Limon ve portakalın mükemmel uyumuyla hazırlanan bu lezzetli içecek, hem kolay yapımıyla hem de taze tadıyla sizi büyüleyecek",İçecek,"[""3 adet limon"", ""1 adet portakal"", ""1 su bardağı toz şeker"", ""2 litre su""]","[""Limon ve portakalı kabuklarıyla küp küp keselim ve buzluk poşetine koyalım ve buzluğa koyalım."", ""Buzluktan çıkarttığımız limon karışımını 7-8 dakika oda sıcaklığında bekletelim."", ""Rondaya koyalım, üzerine şekeri de koyalım, püre olana kadar rondadan geçirelim."", ""Karışımı büyük bir karıştırma kabına koyalım üzerine suyu dökelim ve güzel karıştıralım. Süzgeçten geçirelim. Afiyet olsun.""]"
91551f4c-1313-48d4-b7bd-c9c03150d50a,Lokmalık Şekerpare,Turkey,"Tereyağı ve irmikle hazırlanan, şerbetiyle damaklarda tat bırakan klasik bir tatlı",Ye,"[""3 yemek kaşığı tereyağı"", ""3 yemek kaşığı irmik"", ""1 çay bardağı pudra şekeri"", ""2 adet yumurta (sarısının biri üzerine)"", ""1 paket kabartma tozu"", ""1 paket vanilya"", ""2,5 su bardağı un""]","[""Öncelikle şerbet için gerekli malzemeleri bir tencereye alalım. Şeker eriyip su kaynamaya başladıktan sonra bir dilim içine ekleyelim. Şerbetiniz hazır! Ocaktan alıp soğumaya bırakın."", ""Şekerpare hamuru için gerekli olan un ve kabarma tozu hariç tüm malzemeleri bir kaba aktarın ve güzelce karıştıralım."", ""Ardından kabarma tozu ve unu azar azar ilave edelim."", ""Ele yapışmayan bir hamur elde edelim."", ""Hazırladığınız hamurdan fındıktan biraz büyük parçalar koparın. Yağlanmış tepsiye dizelim. Üzerine yumurta sarısı sürelim."", ""Üzerlerine fındıklarıda batırdıktan sonra, 180 derecelik fırında 20 dakikapişirelim."", ""Ardından fırından şekerparelerinizi alalım. Oda sıcaklığında 3-4 dakika kadar dinlendirin. Soğuk şerbeti, sıcak şekerparelerin üzerine yavaşça dökelim. 2 saat dinlendirdikten sonra şekerparelerimizi s""]"
5fef2aaa-d9aa-407f-85cb-8aeda8365a9e,İncirli Yoğurtlu Yulaf,Turkey,"Lezzetli ve besleyici incirli yoğurtlu yulaf, kahvaltı veya ara öğün için ideal bir seçenektir",Ana Yemek,"[""1 su bardağı yoğurt"", ""4 yemek kaşığı yulaf"", ""2 adet incir"", ""2 tatlı kaşığı bal"", ""2 adet ceviz""]","[""Yoğurt, yulaf, tarçın, bir adet incirin içi ve bir tatlı kaşığı balı kasede karıştırıp buzdolabında en az bir saat dinlendirin. Bir gece önceden de hazırlayabilirsiniz."", ""Yulaflar yumuşadıktan sonra kaseyi buzdolabından çıkartın üstünü incir dilimleri, ceviz parçaları ve balla süsleyip soğuk olarak servis edin. Afiyet olsun.""]"
324930d1-a188-43a4-a1e7-0ebb613857dd,Kahvaltılık Kaşar Peynirli Biber,Turkey,"Zeytinyağında kavrulan biberlerin, erimiş kaşar peyniriyle buluştuğu lezzetli kahvaltılık bir tarif",Sebze Yemekleri,"[""1 yemek kaşığı zeytinyağı"", ""2 adet kapya biber"", ""3 adet yeşil biber"", ""2 adet salkım domates"", ""150 gram kaşar peyniri (rendelenmiş)""]","[""Biberlerin çekirdeklerini ayıkladıktan sonra küp küp doğrayın. Domateslerine kabuklarını soyarak aynı şekilde doğrayın."", ""Bir sahana 1 yemek kaşığı kadar zeytinyağı ekleyin. Doğranmış biberleri de ekleyerek, orta ateşte 2-3 dakika karıştırarak kavurun."", ""Biberler hafif yumuşadığında domatesleri ekleyerek pişirmeye devam edin."", ""Domateslerin ardından baharatları ekleyin."", ""Sahanın kapağını kapatarak, kısık ateşte 4-5 dakika kadar pişirin. Domatesler önce suyunu salacak, ardından yavaş yavaş suyunu çekecektir."", ""Domatesler de suyunu çekmeye başladığında sebzelerin üzerine rendelenmiş kaşarı ilave ederek tamamen üzerini kapatın."", ""Kaşarları ekledikten sonra kapakla üzerini kapatın. Ocağı da söndürdükten sonra 5 dakika kadar dinlenip, kaşarların erimesini bekleyin."", ""İsteğe göre üzerine doğranmış maydanoz ilave ederek, sıcak şekilde servis edin. Afiyet olsun!""]"
c896af06-56cb-46a2-9ba5-4d3b9d87016c,Beyaz Çikolatalı Raventli Cheesecake,Turkey,Narenciye aromalı beyaz çikolata ve ekşi tatlı raventin mükemmel uyumuyla hazırlanan benzersiz bir cheesecake,Tatlı,"[""150 gram tam buğdaylı bisküvi"", ""75 gram tuzsuz tereyağı"", ""280 gram krem peynir (ya da labne)"", ""2,5 yemek kaşığı toz şeker"", ""1/2 su bardağı krema (2 yemek kaşığı eksik)"", ""150 gram beyaz çikolata"", ""8 yemek kaşığı ravent marmelatı""]","[""Kalıbınıza yağlı kağıt koyun."", ""Tereyağını eritin. Beyaz çikolatayı benmari usulü eritin."", ""Bisküvileri un ufak olana kadar robottan çekin."", ""Bisküvilerin içerisine erişmiş tereyağını ekleyin. Güzelce karıştırın."", ""Kalıbınızın tabanına bisküvi karışımını dökün ve bir kaşık yardımı ile eşit bir şekilde yayın."", ""Bir çay bardağı kullanarak bisküvileri tabana iyice bastırın. Buzdolabına yerleştirin."", ""Küçük bir kapta kremayı çırpın. Krema kıvam almaya başladığı an çırpmayı bırakın."", ""Orta bir kapta labne ve şekeri ilave edin ve bir kaç dakika iyice çırpın."", ""Labne karışımın içine çikolatayı ekleyin ve tekrar çırpın."", ""Kremayı ekleyip, bir spatula yardımı ile dıştan içe doğru olacak şekilde karıştırın."", ""Karışımı bisküvi tabanına ekleyin ve eşit şekilde güzelce yayın."", ""Üstüne ravent marmelatı ekleyin ve bir bıçak yardımı ile yüzeyde ileri geri çizgiler yapın."", ""En az 4 saat dondurucuda bekletin. Servis etmeden önce 45 dakika buzdolabında bekletin. Afiyet olsun.""]"
b57dabc9-76e6-4d10-a39d-90ff0a6e15af,Deniz Börülceli Enginar,Turkey,"Deniz börülceli enginar, Akdeniz mutfağının taze ve lezzetli bir yemeğidir",Ana Yemek,"[""6 adet enginar"", ""1 adet limon"", ""3 yemek kaşığı zeytinyağı"", ""1 adet kapya biber"", ""1/2 adet limon""]","[""Geniş bir tencereye su koyun ve limonları ikiye kesip suyunu içine sıkın. Ardından suya enginarları ekleyin. Enginarları yumuşayıncaya kadar haşlayın."", ""Enginarların haşlama suyuna börülceleri koyup haşlayın. Haşlanan börülceleri soğuduktan sonra ayıklayın."", ""Sarımsakları ezin ve kapya biberleri küp şeklinde doğrayın. Ayıkladığınız börülcenin içine, zeytinyağını dökün ve yarım limonu sıkın. Kapya biberi ve ezilmiş sarımsağı da içine ekleyip karıştırın."", ""Haşladığınız enginarların içine hazırladığınız börülceyi yerleştirin. Soğuk olarak servis edin. Afiyet olsun.""]"
6128a5b5-4444-4e7b-84ba-95896c0fcd0a,Soslu Tavuk Bonfile,Turkey,"Lezzetli soslarla marine edilmiş tavuk bonfile, pratik ve şık bir ana yemek seçeneği",Tavuk Yemekleri,"[""1 kilogram bonfile"", ""3 yemek kaşığı zeytinyağı"", ""2 yemek kaşığı soya sosu"", ""1 çay kaşığı tuz"", ""1 çay kaşığı kırmızı toz biber"", ""1 çay kaşığı kekik"", ""1/2 çay kaşığı karabiber"", ""1/2 çay kaşığı köri"", ""1/2 çay kaşığı pul biber"", ""1 yemek kaşığı tereyağı""]","[""Tavukları kalınlığına göre uzunlamasına 2-3 parçaya kesin ve bir kaseye alın. Sosu için malzemeleri ekleyip karıştırın. Baharatlarda ekleme çıkarma yapabilirsiniz."", ""Üzerini streçleyip buzdolabında 4-5 saat dinlendirin. Bu şekilde çok daha yumuşak olacaktır."", ""Kalın tabanlı teflon tavayı ısıtın. Tavuk parçalarını yerleştirip çevirerek pişirin. 1 parça tereyağı ekleyip güzelce kızartın."", ""Pilav veya makarna eşliğinde servis yapın. Afiyet olsun.""]"
e55aec11-b229-4444-aac9-02a637e9093c,Cevizli Brownie Kurabiye,Turkey,"Cevizli Brownie Kurabiye, dışı çıtır içi yumuşak dokusuyla damakları çıldırtan bir lezzet",Tatlı,"[""125 gram margarin"", ""1 adet yumurta"", ""1 çay bardağı sıvı yağ"", ""1 çay bardağı toz şeker"", ""1 yemek kaşığı yoğurt"", ""3 yemek kaşığı kakao"", ""1 paket vanilya"", ""1 paket kabartma tozu"", ""1-2 su bardağı un (aldığı kadar)"", ""1/2 su bardağı ceviz içi""]","[""İlk önce hamuru yapmak için margarini eritin ve ardından diğer malzemeleri yavaş yavaş katarak yoğurun."", ""Yaptığınız hamurları parçalara bölerek içine ceviz içi koyarak yuvarlayıp tepsiye dizin."", ""200 derece fırında 15 dakika pişirin.""]"
bab39dd0-e865-424f-ba6e-41fec0516345,Madam Rosmerta’nın Bal Kabağı Suyu,Turkey,"Harry Potter'dan ilham alan bu sıcak içecek, kış günlerinde içinizi ısıtacak lezzetli bir bal kabaklı içecektir",Ana Yemek,"[""1 çay kaşığı bal"", ""1/2 çay kaşığı tarçın"", ""1/2 çay kaşığı zencefil"", ""1/2 çay kaşığı rendelenmiş Hindistan cevizi""]","[""Bütün bir bal kabağının kabuk kısımlarını ince bir şekilde soyduktan sonra dilimleyin."", ""Çekirdeklerini çıkardıktan sonra iç kısımlarını alın. Katı meyve sıkacağı ya da mutfak robotundan geçirerek suyunu sıkın."", ""Elde ettiğiniz bal kabağı suyunu, elma ve ananas suyu ile blenderda karıştırın."", ""Azar azar balı ekleyin ve karıştırma işlemini sürdürün."", ""Tarçın, zencefil, rendelenmiş Hindistan cevizi gibi arzu ettiğiniz baharatları ekledikten sonra soğuk olarak servis edin. Sevdiklerinizle paylaşın.""]"
f4860e23-1047-4f61-98bb-a0e227e64ad1,Peynirli Bulgur Salatası,Turkey,"Lezzetli ve doyurucu peynirli bulgur salatası, pratik bir öğün veya meze alternatifi",Salata,"[""1 su bardağı pilavlık bulgur"", ""4 yemek kaşığı zeytinyağı"", ""1 çay kaşığı karabiber"", ""1 çay kaşığı tuz"", ""1 adet salatalık"", ""1 adet salkım domates"", ""75 gram beyaz peynir""]","[""Bulgurunuzu bir küçük tencereye alın, üzerine 1 su bardağı su ilave edin ve pişmeye bırakın."", ""Bulgur suyunu çekince kapağını kapatıp demlenmeye bırakın. Demlenince bir tabağa alın."", ""Üzerine zeytinyağı, limon, tuz ve karabiber ilave edip karıştırın."", ""Doğranmış salatalık, domates ve küp küp kesilmiş peynirleri de ekleyerek servis edin. Üzerine toz kırmızı biber de serpebilirsiniz. Afiyetler olsun!""]"
87103315-610d-4146-8935-0c71e964e915,Kabune Pilavı,Turkey,"Dana gerdan ve baldo pirinçten yapılan, lezzetli ve doyurucu bir geleneksel Türk pilavı",Pilav & Makarna,"[""1 adet soğan (piyazlık doğranmış, tuzla ovulmuş)"", ""750 gram dana gerdan (düdüklüde pişirilmiş)"", ""2,5 su bardağı baldo pirinç"", ""1,5 çay kaşığı tuz"", ""1/2 çay kaşığı karabiber"", ""1 çay kaşığı toz kırmızı biber"", ""2 su bardağı nohut (haşlanmış)"", ""2 su bardağı et suyu"", ""1,5 su bardağı su""]","[""Dana gerdanı suyla birlikte düdüklüde iyice yumuşayana dek pişirin. Kalan suyu pilavda kullanmak için saklayın. Nohutları bir gece önceden ıslayın ve ertesi günü yumuşayana dek pişirin."", ""Soğanları piyazlık doğrayın. Tuzla birlikte ovun. Tencerenin tabanına soğanları yerleştirin."", ""Düdüklüde pişmiş olan etleri didikleyin ve soğanların üzerine ekleyip yayın."", ""Yıkanmış pirinçleri etlerin üzerine ekleyin. Üzerine tuz, karabiber ve kırmızı toz biber serpiştirin."", ""Haşlanmış olan nohutları pirinçlerin üzerine ekleyin."", ""Son olarak etleri haşladığınız suyu ve 1,5 su bardağı suyu ekleyin."", ""Tencerenin kapağını kapatıp önce harlı ateşte 10 dakika, ardından kısık ateşte yaklaşık 25 dakika pişirin."", ""Pilavı 15 dakika demlendirin. Ardından tencereyi büyük bir servis tabağına ters çevirin."", ""Tabaklara porsiyonlayarak sevdiklerinizle afiyetle tüketin.""]"
7e18e43e-51bc-4dda-8db4-c29958f822c4,Mahlepli Tatlı Kurabiye,Turkey,"Mahlebin eşsiz aromasıyla lezzetlenen, çıtır dışı ve yumuşak içiyle damakları çiğnemeye davet eden geleneksel Türk tatlısı",Tatlı,"[""1 tatlı kaşığı mahlep"", ""125 gram tereyağı (oda sıcaklığında yumuşamış)"", ""2/3 çay bardağı sıvı yağ (100 ml)"", ""2/3 çay bardağı su (100 ml)"", ""1 yemek kaşığı pudra şekeri"", ""3-3,5 su bardağı un""]","[""Mahlebi geniş bir kabın içerisine alın. Oda sıcaklığında iyice yumuşamış tereyağını üzerine ekleyip karıştırın."", ""Sıvı yağ ve suyu da ekleyip bir çırpıcı yardımıyla veya elinizle karıştırarak tüm malzemelerin birleşmesini sağlayın. Tereyağı iyice eriyip karışımın pürüzsüz hale gelmesine özen gösterin."", ""Pudra şekerini de içine ekleyin. Ardından azar azar unu ilave ederek yoğurmaya başlayın. Hamur toparlanıp kurabiye hamuru kıvamına gelinceye dek azar azar unu ekleyip yoğurmaya devam edin."", ""Kurabiye hamurunuz hazır olduğunda üzerini örterek buzdolabında 30-40 dakika dinlenmeye bırakın. Tereyağlı bir hamur olduğu için hemen şekil vermeniz zor olacağı için mutlaka soğuk ortamda dinlenip to"", ""Hmaurunuz buzdolabında dinlendikten sonra kayısı büyüklüğünde parçalar olacak şekilde dondurma kaşığıyla veya elinizle şekil vererek yağlı kağıt serilmiş bir tepsiye yerleştirin."", ""Bir çatal yardımıyla kurabiye kenarlarına şekil vermeye başlayın. Önce kenarlarına çatalın ucuyla dokunarak, ardından orta kısmına çatalın geniş kısmını bastırarak çizgili görümü verin. Bu aşama görse"", ""Önceden ısıtılmış 180 derece fırında yaklaşık 15 dakika kurabiyelerin altı renk alıncaya dek pişirin. Fırından çıkarıp soğuması için tezgahın üstüne alın. İlk sıcaklığı çıktıktan sonra pudra şekeri se""]"
2a102f92-9059-424a-aac9-c42d2ab45faa,Galler Keki,Turkey,"Galler'in meşhur geleneksel keki, çay saatleri için mükemmel bir lezzet",Tatlı,"[""1 adet yumurta"", ""1/2 su bardağı şeker"", ""2 su bardağı un"", ""100 gram oda sıcaklığında tereyağı"", ""3 yemek kaşığı süt"", ""1 tatlı kaşığı kabartma tozu"", ""5 yemek kaşığı kuş üzümü"", ""1/2 çay kaşığı tarçın""]","[""Un, şeker ve kabartma tozunu bir kaba alarak karıştırın."", ""Üzerine tereyağını ekleyerek, topak topak bir karışım elde edin."", ""Kuş üzümlerini karışıma ekleyin."", ""Yumurtayı ayrı bir kapta sütle birlikte güzelce çırparak karışıma ekleyin ve yoğurarak yumuşak bir hamur elde edin."", ""Hamurunuzu ince bir şekilde açarak, bir bardak yardımıyla 16 adet yuvarlak elde edin."", ""Yuvarlak hamurlarınızı içini hafifçe yağladığınız tavada her iki tarafı da 3 er dakika olmak üzere toplam 6 dakika pişirin."", ""Keklerinizin üzerine toz şeker ya da pudra şekeri serperek afiyetle tüketin.""]"
83ddd032-d956-471f-89be-e08e057bc6a1,Pastane Tadında Şekerpare,Turkey,"Pastanelerdeki gibi lezzetli, şerbetli ve yumuşacık şekerpare tarifi",Tatlı,"[""4 su bardağı un"", ""5 yemek kaşığı irmik"", ""2 adet yumurta (birinin sarısı üzerine)"", ""1 paket oda sıcaklığında margarin"", ""1 su bardağı pudra şekeri"", ""1 paket kabartma tozu"", ""1 paket vanilin""]","[""İlk olarak 3,5 su bardağı şeker ve su ile şerbetini hazırlayıp soğumaya bırakın."", ""Oda sıcaklığında erimiş olan yağın içerisine un, irmik, yumurta, şeker, vanilya ve kabartma tozunu ekleyip yoğurun."", ""Yağlı kağıt serilmiş büyük boy tepsiye ceviz büyüklüğünde parçalar koparıp oval şekil vererek dizin."", ""Üzerine ayırdığımız yumurta sarısını sürün."", ""Son olarak bir çatal yardımı ile üzerine hafif çizikler atın."", ""Önceden ısıtılmış 180 derecelik fırında, yaklaşık 20 dakika pişirin."", ""Şekerpareleri 2-3 dakika bekletip, sıcak şekerparelerin üzerine, soğuk şerbeti dökün."", ""En az 2 saat kadar dinlendirip servis edebilirsiniz. Afiyet olsun.""]"
a8e9a7f3-0fcd-43ae-8629-36cc8e47cc60,Paşazade Tatlısı,Turkey,"Geleneksel Türk tatlısı Paşazade, şerbetli ve hafif dokusuyla damakları şenlendirir",Tatlı,"[""1,5 litre su"", ""1,5 su bardağı şeker"", ""2-3 damlalimon suyu"", ""200 gram Kemal Paşa tatlısı (kuru haliyle yaklaşık 24-25 adet)"", ""200 gram kaymak"", ""1/2 su bardağı Antep fıstığı (65-70 gram)""]","[""Su ve şekeri bir tencereye alın ve ara ara karıştırarak kaynamaya bırakın."", ""Kaynamaya başlarken içerisine birkaç damla limon suyu ilave edin."", ""Ardından Kemalpaşa tatlılarını içerisine atın ve karıştırın. Tatlılar şerbeti iyice çekip rengi koyulaşana dek şerbetle birlikte kaynatın. En az 20-25 dakika bu şekilde kaynaması gerekir."", ""Şerbetini iyice çeken tatlıları şeklini bozmadan bir kevgir yardımıyla borcama alın. Soğuyana dek bu şekilde dinlendirin."", ""Bu sırada oda sıcaklığında bekleyen kaymağı bir kaseye alın. 20-24 adet Antep fıstığını ayırıp kalanını ince ince doğrayın ve kaymakla karıştırın."", ""Soğuyan Kemalpaşa tatlılarını yatay olarak ortadan ikiye kesin. 1/2 tatlı kaşığı kadar kaymağı aralarına koyup üst kısmını kaymağın üzerine yerleştirin."", ""Servis etmeden önce her birinin üzerine 1 çay kaşığı kadar daha kaymak koyun. Antep fıstıkları da bütün olarak kaymağın üzerine yerleştirin ve servis edin. Hemen servis etmeyecekseniz muhakkak buzdola""]"
dda2246c-f510-4610-b89f-cf167068a006,Fırında Bal Kabağı Cipsi,Turkey,"Fırında hazırlanan bu sağlıklı atıştırmalık, bal kabağının doğal tatlılığını ve kıtırlığını bir araya getiriyor",Ana Yemek,"[""500 gram bal kabağı"", ""1 yemek kaşığı un"", ""3-4 yemek kaşığı zeytinyağı"", ""1 çay kaşığı tuz"", ""1/2 çay kaşığı karabiber"", ""1 tatlı kaşığı soğan tozu"", ""1 çay kaşığı sarımsak tozu""]","[""Temizlenmiş bal kabaklarını yarım parmak kalınlığında doğrayın ve pişirme kağıdı serdiğiniz fırın tepsisine yayın."", ""Tepsideki bal kabağı dilimlerinin üzerine geri kalan malzemeleri serpiştirin."", ""Bir elinize eldiven giyerek tüm malzemeleri bal kabaklarına yedirerek karıştırın."", ""Fırında kızarana kadar pişirin. Afiyet olsun.""]"
8fe7364c-5541-4fa5-b264-4509a71e045c,Yeşil Erik Çorbası,Turkey,"Yaz aylarının ferahlatıcı lezzeti, yeşil erik çorbası hem hafif hem de doyurucu",Çorba,"[""2 büyük su bardağı yeşil erik"", ""1 tepeleme yemek kaşığı un"", ""1 büyük su bardağı tavuk suyu"", ""3 büyük su bardağı su (300 ml)"", ""1 silme tatlı kaşığı karabiber"", ""1 silme tatlı kaşığı tuz"", ""1 silme yemek kaşığı tereyağ"", ""1 silme tatlı kaşığı nane""]","[""Tereyağını bir tencereye alıp kızdırın ve unla kavurun."", ""Tavuk suyu ve suyu ilave edin."", ""Kaynamaya başlayınca erikleri içine atın."", ""Tuz, karabiber ve nane ekleyin."", ""5 dakika haşlayın ve içinden 7-8 adet eriği kenara ayırın. Geri kalanını blenderdan geçirin ve çorbanız hazır.""]"
9521cc27-3522-4700-8260-ea7ecbb4e666,Rafine Şekersiz Brownie,Turkey,"Rafine şekersiz, muzlu brownie tarifi. Sağlıklı ve lezzetli bir tatlı alternatifi",Ana Yemek,"[""2 adet yumurta"", ""2 adet olgun muz"", ""3 yemek kaşığı kakao"", ""1/2 su bardağı tam buğday unu"", ""2 yemek kaşığı Hindistan cevizi yağı"", ""150 gram bitter çikolata"", ""3/4 çay bardağı keçiboynuzu pekmezi""]","[""Bitter çikoltaları benmari usulü eritin ve içerisine Hindistan cevizi yağını ekleyin."", ""Muzu ezip püre haline getirin içerisine tatlandırıcınızı ekleyin, yumurtaları da ekleyip iyice çırpın."", ""Çikolataları da ekleyip çırpmaya devam edin. Kakaoyu ve unu da ekleyip spatula yardımıyla karıştırın."", ""Yağlı kağıt serdiğiniz bir pişirme kabına dökün karışımı. 180 derecede önceden ısıtılmış fırında 30 dakika pişirin. (Fırından fırına göre değişiklik gösterebilir.)""]"
cdf9b870-252f-4843-9c09-7f0441628533,Banana Bread,Turkey,"Muzlu ekmek, olgunlaşmış muzların lezzetini tereyağıyla birleştiren, yumuşacık ve nemli bir kek tarifi",Ana Yemek,"[""2 adet olgunmuz"", ""1/3 su bardağı eritilmiş tereyağı"", ""1 tatlı kaşığı kabartma tozu"", ""1/2 su bardağı şeker"", ""1 adet yumurta"", ""1 su bardağı tam buğday unu"", ""1 paket vanilya""]","[""2 adet olgun muz karıştırma kabında ezilir."", ""Üzerine bir tatlı kaşığı kabartma tozu, 1/3 bardak tereyağı, yarım bardak şeker, 1 adet yumurta, 1 su bardağı tam buğday unu eklenir. Bir kaşık yardımı ile karıştırılır."", ""Ardından 1 avuç yaban mersini, 1 tutam tuz, ve bir paket vanilya eklenip bir kaşık yardımı ile karıştırılır."", ""Karışım dikdörtgen bir kek kabına alınır."", ""Önceden ısıtılmış 180 derecelik fırında 55 dakika pişirilir."", ""Kreması için bir sos tenceresinde, 1 bardak süt, 2 yemek kaşığı un ve 1 yemek kaşığı şeker devamlı karıştırılarak kısık ateşte pişirilir."", ""Fırından çıkmış banana bread 5 dakika dinlendirildikten sonra üzerine kreması sürülerek, yaban mersini ile süslenir. Hepinize afiyet olsun.""]"
f4dd391e-35c1-4d0e-9725-6b8d938373bd,İstavrit,Turkey,Çıtır çıtır mısır unuyla kaplanmış lezzetli istavrit balığı tarifi,Ana Yemek,"[""1 kilogram istavrit"", ""3/4 su bardağı mısır unu"", ""1 tatlı kaşığı tuz""]","[""Karın kısımlarını açıp iç kısımlarını temizlediğiniz istavritleri bol suda yıkayın. İç kısımlarına da gelecek şekilde azar azar serpiştirdiğiniz tuzla harmanlayın."", ""Fazla sularının süzülmesi için geniş bir süzgeç içinde bir kenarda bekletin."", ""İnce çekilmiş mısır ununu geniş bir tabağa alın. İstavritlerin ön ve arka yüzeylerini mısır ununa bulayın. İç kısımlarına çok fazla gelmemesine dikkat edin."", ""Geniş tabanlı ve sığ olmayan bir balık tavasında ayçiçek yağını kızdırın."", ""Tuzunu çeken ve fazla suyunu salan balıkları kuyruk kısımları tavanın orta kısmına gelecek şekilde yan yana dizerek kızartmaya başlayın."", ""Her iki tarafı da kızaran balıkları, kağıt havlu serili bir servis tabağına alıp kısa süre dinlendirdikten sonra sıcak olarak servis edin.""]"
76be76f0-c81a-4a74-9143-1ff3f6cfaefa,Yunan Salatası,Turkey,Taze sebzelerin zeytinyağı ve otlarla buluştuğu ferahlatıcı Akdeniz klasiği,Salata,"[""3 adet büyük boy domates"", ""2 adet salatalık"", ""1 adet kapya biber"", ""1 adet köy biberi"", ""10 adet siyah zeytin"", ""1 adet limonun suyu"", ""4 yemek kaşığı zeytinyağı"", ""1/2 çay kaşığı tuz""]","[""Yunan salatası için domatesleri iri iri doğrayın ve derin bir kabın içine koyun."", ""Salatalıkları da iri şekilde doğrayın."", ""Kapya biberleri de iri iri doğrayın."", ""Zeytinyağı, limon, tuz ve kekiği bir kapta çırparak karıştırın ve salata malzemelerinin üzerine gezdirin."", ""Kırmızı soğanları yarım ay şeklinde doğrayın. Siyah zeytini ve kırmızı soğanı salataya ekleyin. Tüm malzemeleri güzelce karıştırın."", ""Servis edeceğiniz salata kasesine alın ve son olarak büyük bir dilim beyaz peyniri salatanın ortasına yerleştirin. Üzerine kekik serpiştirin ve zeytinyağı gezdirin. Yunan salatası hazır. Afiyet olsun!""]"
e49c7376-30ed-44d6-9613-e555c6cc7c5a,Karnabahar Kızartması,Turkey,"Çıtır çıtır kızarmış karnabahar parçaları, hem pratik hem de lezzetli bir atıştırmalık",Sebze Yemekleri,"[""1 adet küçük boy karnabahar"", ""1 adet yumurta"", ""1 silme tatlı kaşığı tuz"", ""1 su bardağı ayçiçek yağı (kızartmak için)"", ""1 çay kaşığı nane"", ""1 çay kaşığı pul biber""]","[""Öncelikle tencereye su koyup ocağa alın ve kaynamaya bırakın. O esnada karnabaharı yeşil yapraklı kökünden ayırıp parçalara ayırın ve yıkayın."", ""Kaynayan suyun içerine tuz ekleyip karnabaharları ekleyin ve yumuşayıncaya kadar kontrollü bir şekilde haşlayın."", ""Haşlanmış olan karnabaharları süzün. Bir kaba alıp ılınmasını bekleyin."", ""Kızartma tavasına ayçiçek yağını koyup ısınmasını bekleyin."", ""Karnabaharları önce yumurtaya sonra una bunayıp ısınmış olan tavaya koyun ve kızardıkça çevirerek pişirin."", ""Bir kaseye yoğurt koyun. Üzerine tuz, nane, pul biber ve mayonezi ekleyip karıştırın."", ""Kızaran karnabaharları servis tabağına alıp üzerine hazırladığınız yoğurdu dökün. Afiyet olsun.""]"
3801715c-4493-4b9b-af17-98955aa6560f,Elma Reçeli,Turkey,"Ev yapımı elma reçeli, kahvaltılarınızı lezzetlendirmek için mükemmel bir seçim. Vanilya aromasıyla zenginleştirilmiş bu reçel, misafirlerinizi de etkileyecek",Ana Yemek,"[""2 kilogram elma"", ""2 su bardağı toz şeker"", ""1 paket vanilya""]","[""İlk önce elmaları yıkayıp dörde bölüyoruz, bir parçasını alıp çekirdek yuvasını ve kabuğunu soyuyoruz."", ""Elmanın cinsine göre ikiye veya üçe bölüp bir kaba koyuyoruz. Bütün elmaları bu şekilde dilimliyoruz."", ""Bütün elmaların dilimleme işi bitince tekrar yıkıyoruz. İçine bir çay bardağı su koyduğumuz tencereye elmaları koyup üzerine toz şekeri döküp ocağı yakıyoruz."", ""Kaynamaya başlayınca ocağı biraz kısıyoruz. Arada bir zorlamadan tahta kaşıkla karıştırarak koyulaşmasını bekliyoruz."", ""Koyulaşınca vanilyayı serpip tekrar karıştırarak beş dakika daha kaynatıyoruz."", ""Daha sonra limon suyunu ekleyip 3,4 dakika sonra ocağı kapatıp sıcak sıcak kavanozlara koyup ters çeviriyoruz. 6-7 saat sonra düzeltip buzdolabına veya güneş görmeyen bir yere kaldırıyoruz."", ""Arzu ettiğimiz zaman afiyetle tüketiyoruz.""]"
337dcc36-9392-4c29-8f44-0fc0264ca92e,Limon Glazürlü Kek,Turkey,"Narenciye aromalı, hafif ve nemli dokulu kek, üzerine sürülen ferahlatıcı limon glazürüyle tamamlanıyor",Tatlı,"[""200 gram tereyağı (oda sıcaklığında)"", ""1 su bardağı pudra şekeri"", ""4 adet yumurta"", ""1 adet limon kabuğu rendesi"", ""1 adet limon suyu"", ""2 yemek kaşığı süt"", ""3 su bardağı un"", ""1 paket vanilya"", ""1 paket kabartma tozu""]","[""Tereyağı ve pudra şekerini karıştırma kabına alalım krema kıvamına gelene dek çırpalım."", ""Üzerine limon suyu, limon kabuğu rendesi, süt ve yumurtayı ilave edip çırpmaya devam edelim."", ""Un, vanilya ve kabartma tozunu ekleyip karıştırın. Katı bir kıvam oluyor elde etmek istediğimiz kıvam bu şekilde."", ""Daha sonra yağlanmış kek kalıbına boşaltın. Önceden ısıtılmış 180 ° fırında 35-40 dakika pişirelim."", ""Glazürü için; pudra şekeri, tereyağ, labne, limon suyu ve limon kabuğunu ekleyip karıştıralım. Kendimizin ilk sıcağı çıktıktan sonra glazürü üzerine dökün. Afiyet olsun.""]"
849f9424-2c35-4b95-b2af-d18d9f5f0356,Tavada Pizza,Turkey,Pratik ve lezzetli tavada pizza tarifi ile evde hızlıca pizza yapın,Ana Yemek,"[""1 adet yumurta"", ""3 yemek kaşığı yoğurt"", ""1 çay kaşığı tuz"", ""1 tatlı kaşığı toz şeker"", ""1 çay kaşığı kabartma tozu"", ""1 tatlı kaşığı domates salçası"", ""1 çay kaşığı (silme) karabiber"", ""1 çay kaşığı (silme) pul biber"", ""1 çay kaşığı (silme) kekik"", ""2 yemek kaşığı zeytinyağı"", ""2 yemek kaşığı sıcak su"", ""5 adet siyah zeytin"", ""3 adet yeşil zeytin"", ""1 adet küçük boy kuru soğan"", ""1 adet yeşil biber""]","[""Öncelikle yumurta, yoğurt, şeker ve tuzu bir kaba koyup karıştırın. Ardından kabartma tozu ve unu ekleyip yoğurun. Tavaya hamuru elinizle yayın."", ""Üzerine sürmek için bir kapta salça, yağ, baharatları ve sıcak su ekleyip iyice karıştırıp sürün."", ""Sonrasında dilimlediğimiz kaşar, soğan, zeytin, biber ve salamı ekleyin altı kızarana kadar pişirin."", ""Deneyecek olanlara şimdiden afiyet olsun.""]"
6f4049bc-5f9d-40d2-9ef2-53e12dd55d27,Glutensiz Tarifler,Turkey,Lezzetli glutensiz tatlılar için pratik tarifler koleksiyonu. Etimek tatlısından sufleye kadar çeşitli seçenekler,Ana Yemek,"[""Etimek Tatlısı Tarifi"", ""Damla Çikolatalı Kurabiye"", ""Tatlı Tarifleri Spoonful Mozaik Pasta Çikolatalı Sufle İrmik Helvası Fırın Sütlaç Profiterol Revani Magnolia"", ""Kahvaltılık Tarifler Pancake Krep Pişi Kuymak Kaygana Kahvaltılık Sos Menemen Muhlama Yumurtalı Ekmek Omlet"", ""Omlet""]","[""Gluten intoleransı olanlar, çölyak hastaları ve glutensiz beslenenler başta olmak üzere sağlıklı beslenmeye önem veren herkes bu tarifleri bilmeli! Glutensiz de nefis kekler, kurabiyeler, cheesecake'l"", ""İçinde un kullanmadan kek yapmak mümkün. Hem glutensiz hem de çok hafif bir kekten söz ediyoruz üstelik. Onu çay saatlerine konuk etmekten, farklı kek tarifleri arayanlara sunmaktan, sık sık pişirmekt"", ""Gluten intoleransınız var diye mis gibi keklerden uzak duracak değilsiniz ya. Birkaç malzeme değişikliğiyle hem glutensiz, hem çok sağlıklı hem de nefis kek tarifleri hazırlamak mümkün aslında! Hadi g""]"
cf595de1-98c7-4db9-9b6a-42c09df7cba0,Perde Tatlısı,Turkey,"Geleneksel Türk tatlısı olan Perde Tatlısı, şerbetli ve hafif dokusuyla damakları şenlendirir",Tatlı,"[""2 su bardağı toz şeker"", ""2,5 su bardağı su"", ""2-3 damlalimon suyu""]","[""Öncelikle tatlının şerbetini hazırlayın. Tencereye su ve şekeri alın şeker eriyinceye kadar karıştırın. Kaynamaya başladıktan sonra 5 dakika kaynatın."", ""Daha sonra soğumaya bırakın. Baklavalık yufkayı tezgaha serin ve üzerine fırça yardımıyla yağı sürün."", ""Daha sonra yufkanın her yerine gelecek şekilde irmik serpin."", ""Yufkayı her iki elinizle pile pile olacak şekilde büzün. Yağladığınız borcama dizin. Önceden ısıtılmış 180 derecelik fırında 10 dakika pişirin."", ""Sosu için yumurta ve şekeri çırpın. Üzerine süt, sıvı yağ ve kabartma tozunu ekleyin ve karıştırın."", ""Hafif üzeri kızaran tatlıyı fırından alın. Üzerine hazırladığınız sostan gezdirin. Fındık ya da ceviz kırığı serpin ve tekrar fırına verin."", ""Yaklaşık 30 dakika daha pişirin. Tatlının ilk sıcağı çıktıktan sonra şerbeti her yerine gezdirin. Şerbeti güzelce çekmesi için 2 saat dinlendirin."", ""Dilimleyerek servis edin. Afiyet olsun.""]"
9c038647-9172-47f8-954d-66935394250a,Starbucks Kurabiyesi,Turkey,"Evde Starbucks lezzetini yakalayın! Bu kurabiyeler, kahve ile mükemmel uyum sağlayan çıtır ve lezzetli bir atıştırmalıktır",Tatlı,"[""3 su bardağı un"", ""2 adet yumurta sarısı"", ""150 gram tereyağı"", ""2 paket vanilya"", ""1 çay kaşığı kabartma tozu"", ""3 çay kaşığı tarçın"", ""3/4 su bardağı pudra şekeri"", ""1 yemek kaşığı su"", ""1/2 su bardağı damla çikolata"", ""1 su bardağı ceviz içi (iri parça lanmış)""]","[""Pudra şekeri ve yumurtayı iyice çırpın."", ""Un, çikolata ve ceviz hariç tüm malzemeleri kaba ekleyip karıştırın. Daha sonra unu da ekleyip karıştırın."", ""Böldüğünüz ceviz ve damla çikolatayı ekleyin ve dikkatlice yoğurun."", ""Hamuru rulo yaparak streç filme sarın. Buzdolabında yaklaşık 1 sat bekletin."", ""Beklettiğiniz hamuru keskin bir bıçakla dilimleyin ve tepsiye dizin."", ""Önceden ısıtılmış 170 derecelik fırında 15 dakika pişirin. Afiyet olsun.""]"
9bf754e7-204f-4d7e-8158-fd79dc7e07b4,Tokat Yağlaması,Turkey,"Tokat'ın meşhur lezzeti, ince açılan hamurların özel sosla buluşmasıyla hazırlanan nefis bir yemek",Ana Yemek,"[""3 su bardağı un"", ""1,5 su bardağı su"", ""1 tatlı kaşığı tuz"", ""1 yemek kaşığı tereyağı (içine sürmek için)""]","[""Un, su ve tuzu bir kaseye alın ve homojen hale gelene dek yoğurun."", ""Yoğurduğunuz hamuru eşit parçalara ayırın."", ""Ayırdığınız hamurları tatlı tabağı büyüklüğünde açıp içinin her tarafına gelecek şekilde tereyağı sürün."", ""İki yanlarından içe katlayın ve tereyağı sürün."", ""Ardından diğer köşelerden birini üzerine katlayın ve onun üzerine de tereyağı sürün."", ""Diğer köşeyi üzerine katlayıp dinlendirmeye bırakın."", ""Her hamura aynı işlemi uygulayın ve soğuk bir yerde 15 dakika dinlendirin."", ""Dinlenen hamurları merdane ile yemek tabağı büyüklüğünde açın."", ""Önceden ısıtılmış ve biraz yağ ile yağlanmış tavada, önlü arkalı renk alana kadar çevirerek pişirin. Afiyet olsun!""]"
9ec79425-aa48-427f-91ad-5b63fe6d6bc1,Çevirme Pilavı,Turkey,"Lezzetli kuşbaşı kuzu eti ve sebzelerle hazırlanan, doyurucu çevirme pilavı",Pilav & Makarna,"[""500 gram kuşbaşı kuzu eti"", ""2 adet patates"", ""2 adet havuç"", ""2 su bardağı pirinç"", ""2 yemek kaşığı tereyağı"", ""1 yemek kaşığı zeytinyağı"", ""1 tatlı kaşığı pul biber"", ""1 tatlı kaşığı kimyon"", ""1 tatlı kaşığı karabiber"", ""1 tatlı kaşığı tuz"", ""2 adet büyük boy soğan""]","[""Öncelikle etler suyunu bırakıp geri çekene ve yumuşayana dek pişirin."", ""1 yemek kaşığı tereyağı ile kavurun ve kenara alın."", ""Tencerenin tabanına kalınca halkalar halinde doğranmış soğanları dizin."", ""Ayrı bir tavada patatesleri kaplayacak kadar zeytinyağı ile patatesleri kavurun."", ""Patatesler biraz renk alınca jülyen doğranmış havuçları da ekleyip 5 dakika daha kavurun."", ""Etleri soğanın üzerine ekleyin ve sebzeleri de onun üzerine koyun."", ""Nohutları da sebzelerin üstüne ekleyin."", ""Sıcak suda beklemiş ve iyice yıkanmış pirinçler de en üste konacak ve kaşıkla bastırılarak düzlenecek."", ""En üste baharatları ve 1 kaşık tereyağı tuzu da ekleyip pirinçlerin üstünü 1 parmak geçecek şekilde kaynar su verilir."", ""Pirinçler tüm suyunu tamamen çekip hafiften soğanların yanık kokusu geldiğinde pişmiştir. Afiyet olsun.""]"
d4c621a7-c332-4303-9cea-9eb9d3c8e3c5,Portakallı 3-6-9 Keki,Turkey,"Portakallı 3-6-9 Keki, ferahlatıcı portakal aromasıyla hazırlanan pratik ve lezzetli bir kek tarifi",Tatlı,"[""3 adet yumurta"", ""1 adet portakalın suyu"", ""1 adet portakal kabuğu rendesi"", ""1 paket vanilin"", ""1 paket kabartma tozu""]","[""Yumurta ve şekeri krema kıvamına gelene kadar çırpın."", ""İçine sıvı malzemeleri koyup,çırpmaya devam edin."", ""Portakal kabuğu rendesi, un ve diğer kuru malzemeleri ekleyip düşük devirde çırpın."", ""Yağlanmış kek kalıba harcı aktarın."", ""180 derece önceden ısıtılmış fırında 40 dakika pişirin."", ""Ardından çıkarıp soğutun ve dilimleyerek servis edin. Afiyetler olsun.""]"
cf076f36-7321-45c9-bdb6-30ba983e28f4,Bademli Lor Kurabiyesi,Turkey,"Bademli lor kurabiyesi, çay saatlerinin vazgeçilmezi olan hafif ve lezzetli bir tatlıdır. İçerdiği badem ile hem doyurucu hem de besleyici bir kurabiye alternatifidir",Tatlı,"[""1 su bardağı un"", ""1 su bardağı ince çekilmiş badem içi"", ""1/2 su bardağı badem"", ""1 adet yumurta"", ""1 su bardağı şeker"", ""1 paket kabartma tozu"", ""1 paket vanilya"", ""1 tatlı kaşığı tarçın"", ""200 gram lor peyniri"", ""50 gram tereyağı""]","[""Unu, ince çekilmiş bademi, şeker, lor ve yumurta ve badem hariç tüm malzemeleri karıştırın."", ""Fırını 160 dereceye ayarlayın."", ""Bademleri bıçakla iri parçalara bölün."", ""Böldüğünüz bademleri de unlu karışıma ekleyin."", ""Yumurtayı da ilave edin ve iyice yoğurun."", ""Fırın tepsisine yağlı kağıt serin."", ""İri iri parçalar halinde kurabiyeleri tepsiye yerleştirin."", ""Tam ortalarına bir tane badem yerleştirerek fırında 10-15 dakika pişirin. İşte bu kadar, afiyet olsun.""]"
cf769fd8-c710-40c9-be3c-24857117cd47,Katmerli Simit Poğaça,Turkey,"Katmerli Simit Poğaça, çıtır dışı ve yumuşak içiyle harika bir kahvaltılık atıştırmalıktır",Börek & Hamur İşi,"[""1 su bardağı ılık süt"", ""1/2 su bardağı sıvı yağ"", ""1 adet yumurta"", ""1 tatlı kaşığı toz şeker"", ""1 çay kaşığı tuz"", ""1 tatlı kaşığı instant maya"", ""3.5 su bardağı un""]","[""Bir yoğurma kabına ılık sütü, yağı, yumurtayı, şekeri, ve tuzu alıp güzelce karıştırın. Üstüne 2 su bardağı un ve mayayı ekleyip yoğurmaya başlayın."", ""Kalan unu da ekleyip, güzelce yoğurun ve ele yapışmayan ama yumuşak bir hamur elde edin."", ""Hamurun üstünü streç filmle sarın ve ılık bir yerde 1 saat kadar mayalanmaya bırakın."", ""Lor peynirini ve rendelenmiş kaşarı bir tabakta karıştırın."", ""Mayalanmış hamuru 8 eşit bezeye ayırın. Her bir bezeyi elinizle bastırarak pasta tabağı büyüklüğünde açın ve üstüne tereyağı sürün. Sonra diğer bir bezeyi alın ve elinizle pasta tabağı büyüklüğünde aç"", ""Bu şekilde 4 bezeyi açın, üst üste dizin en üstteki hamura tereyağı sürmeyin."", ""4 adet üstü üste dizdiğiniz hamurları alın ve bir merdane yardımıyla elips şeklinde açın. Çok ince ya da çok kalın olmamalı."", ""İçine hazırladığınız iç harcın yarısını yayın. Sıkı bir rulo olacak şekilde açtığınız hamuru bir ucundan başlayarak yuvarlayın."", ""Yaklaşık 3 parmak genişliğinde dilimleyin ve yağlı kağıt serdiğiniz fırın tepsisine dizin."", ""Diğer 4 bezeyi de aynı şekilde hazırlayıp, tepsiye dizin."", ""Yumurta sarısı ve pekmezi çatalla çırpın ve bir fırça yardımıyla tepsiye dizdiğiniz poğaçaların üstüne sürün."", ""Üstlerine bolca susam serpin ve önceden 180 derecede ısıtıp sonra kapattığınız fakat hala sıcak olan fırında 10 dakika kadar daha mayalanmaları için bekletin."", ""Ardından fırını tekrar çalıştırın ve üstleri kızarana dek yaklaşık 30 dakika pişmeye bırakın."", ""Fırından çıkardıktan sonra ılıklaşmasını bekleyin ve servis edin.""]"
bb04559a-353b-4376-9f1c-92911c0dd3ab,Sosyete Mantısı,Turkey,"Zarif sosyete mantısı, kıymalı iç harcı ve özel sosuyla sofralarınızı şenlendirecek",Börek & Hamur İşi,"[""300 gram kıyma"", ""1 adet soğan"", ""1 çay kaşığı pul biber"", ""1 çay kaşığı karabiber"", ""1 çay kaşığı tuz"", ""2 yemek kaşığı sıvı yağ"", ""5-6 adet yufka""]","[""Öncelikle yağımızı tencere alıyoruz ve biraz kızdırdıktan sonra üzerine minik minik doğradığımız soğanları döküp pembeleşinceye kadar kavuruyoruz."", ""Soğanların üzerine kıymamızı ve baharatımızı da döküp güzelce kıymamızı kavuruyoruz."", ""Yufkalarımızı rulo hale gelecek şekilde katlıyoruz. Bir tarafta bir kasenin içine biraz sıvı yağ biraz su koyup bu karışımı yufkalarımıza sürüyoruz."", ""Su, yağ karışımını yufkaya sürüp içine kıyma harcımızdan alıp önce bir tur sarıp ardından sağ ve soldan katlayarak rulo haline getirip yağlı kağıt serdiğimiz fırın tepsisine diziyoruz."", ""Böyle böyle bütün yufkaları sardıktan sonra üzerilerine de yufkaların içine sürdüğümüz yağ ve su karışımından sürüp önceden ısıttığımız 180 derece fırına veriyoruz. Afiyet olsun.""]"
784b7358-caec-4674-82e6-7d5a45e94b5c,Süt Turtası,Turkey,"Lezzetli ve pratik süt turtası, çay saatlerinin vazgeçilmezi olacak",Ana Yemek,"[""12 adet baklavalık yufka"", ""1/2 su bardağı eritilmiş tereyağı"", ""3 adet yumurta"", ""1/2 su bardağı toz şeker"", ""2 yemek kaşığı pudra şekeri"", ""1 paket vanilin"", ""1,5 su bardağı süt""]","[""Baklavalık yufkaları tezgaha alın ve her birinin üzerine eritilmiş tereyağını fırça yardımıyla dağıtın."", ""Kelepçeli kek kalıbının içerisine pişirme kağıdı serin.Yağlanmış tereyağlı baklavalık yufkaları büzün."", ""Salyangoz şeklinde yuvarlayıp kelepçeli kalıba yerleştirin."", ""Baklavalık yufkaları önceden ısıtılmış 180 derece fırında 20 dakika pişirip, ocaktan alın."", ""Bu sırada derin bir kasede yumurta, toz şeker, tuz ve pudra şekerini çırpın."", ""Son olarak üzerine vanilin ve sütü de ekledikten sonra tekrar çırpın ve bu karışımı fırından çıkardığınız baklavalık yufkaların üzerine dökün."", ""Bu karışımı tekrar fırına verin."", ""15 dakika daha pişirin."", ""Fırından çıkardığınızda ilk sıcaklık geçene kadar dinlendirin."", ""Sonra üzerine pudra şekeri serpiştirin ve sevdiklerinizle afiyetle tüketin!""]"
7a412a60-f344-4e2b-b26a-574b811c74ab,Muffin Makarna,Turkey,"Spagetti ve krema ile hazırlanan lezzetli muffin makarna, yumuşak dokusuyla damakları şenlendirir",Pilav & Makarna,"[""1 paket spagetti"", ""1 adet yumurta"", ""3/4 su bardağı krema"", ""1/2 su bardağı rendelenmiş kaşar peyniri"", ""1/2 çay kaşığı tuz"", ""1/4 çay kaşığı karabiber"", ""1/5 çay kaşığı rendelenmiş muskat cevizi (arzuya göre)""]","[""Muffin kalıplarında yer alan makarnaların iç kısımlarına yerleşecek sürpriz köfteler için; kuru soğanı rendenin ince kısmıyla rendeleyin. Ayıklanmış maydanoz yapraklarını ince ince kıyın."", ""Orta yağlı kıymayı karıştırma kabına alın. Baharatlar, kuru soğan ve incecik kıyılmış maydanoz ilavesiyle yoğurmaya başlayın. Özleşen köfte harcını altı eşit parçaya bölüp top şeklinde köfteler hazırl"", ""Spaghetti makarnayı, kaynar suda kısa süre haşlayın. Krema, yumurta, rendelenmiş kaşar peyniri, tuz, karabiber ve rendelenmiş muskat cevizini derin bir kapta karıştırın. Fazla suyunu süzdüğünüz makarn"", ""Buzdolabında dinlendirdiğiniz köfteleri yanmaz/yapışmaz tabanlı tava ya da fırında kısa süre kızartın."", ""Spaghetti makarnayı, orta kısmını mümkün oldukça boş bırakacak şekilde bir çatal yardımıyla sarıp porsiyonluk muffin kalıplarına yerleştirin. Orta kısımlarına kızarmış köfteleri yerleştirin. Üzerlerin"", ""Önceden ısıtılmış 180 derece fırında, 25-30 dakika pişirin muffin makarnaları. Pişirme işlemi sonrasında kalıplarından çıkardığınız makarnaları toz parmesan peyniri ve maydanoz yaprakları ile süsleyip""]"
ceeb0423-757e-49d3-8c1a-74e86120851b,Bol Çikolata Soslu Islak Kek,Turkey,"Kıvamında çikolata sosuyla buluşan, ağızda dağılan nefis bir ıslak kek tarifi",Tatlı,"[""4 adet yumurta"", ""1 su bardağı şeker"", ""1 su bardağı süt"", ""1 su bardağı sıvı yağ"", ""3 tepeleme yemek kaşığı kakao"", ""1 paket kabartma tozu"", ""1 paket vanilya"", ""5 tepeleme yemek kaşığı un""]","[""Yumurta ve şekeri uzun süre çırpalım. Süt ve yağı koyup tekrar çırpalım."", ""Kuru malzemeleri ekleyip kısa süre çırpıp yağlanmış kare borcama dökelim. 180 derecede 25 dakika pişirelim."", ""Sosu için çikolata hariç tüm malzemeleri ekleyip iyice karıştıralım. Ocakta bir taşım kaynatıp kapatalım."", ""Kekin üzerine dökelim."", ""15-20 dakika sosu çektikten sonra ılıkken yada iyice soğutup servis edebilirsiniz. Afiyet olsun.""]"
a26e8c9d-a0c9-442b-b0c4-f8ce65398594,Patates Graten,Turkey,"Fırında pişirilen, süt ve peynirle zenginleştirilmiş lezzetli bir patates yemeği",Ana Yemek,"[""4 adet orta boy patates"", ""1 küçük çay bardağı süt"", ""1 silme tatlı kaşığı tuz"", ""1 çay kaşığı (silme) muskat cevizi rendesi"", ""1 çay kaşığı (silme) karabiber"", ""1 çay kaşığı (silme) pul biber"", ""1 su bardağı rendelenmiş kaşar peyniri""]","[""Patatesleri soyup yıkayın. Halka şeklinde ince ince doğrayın. (Cips inceliğinde olmasın.)"", ""Doğranmış patateslere kremalı karışımı boca edin. Elinizle iyice harmanlayın."", ""Küçük kare borcama patateslerinizi her yerine eşit dağılacak şekilde dizin."", ""180 derece fanlı ayar fırında patatesleriniz yumuşayana kadar pişirin. (Fırının alt rafında pişirin.)"", ""Patatesleriniz piştikten sonra üzerilerine yeterli miktarda kaşar rendesi ekleyin."", ""Kaşarlar eriyip hafif üzerileri kızarınca borcamınızı fırından alabilirsiniz."", ""Patates grateninizi yaklaşık 20 dakika kadar dinlendirdikten sonra servis edebilirsiniz. Afiyet olsun.""]"
87a5a481-85be-496f-a63a-427229e9d008,Fincan Boyutunda İrmik Helvası,Turkey,"Pratik ve lezzetli fincan boyutunda irmik helvası, çay saatlerinin vazgeçilmezi",Tatlı,"[""1 yemek kaşığı tereyağ"", ""1 çay bardağı irmik"", ""1 su bardağı süt"", ""2 yemek kaşığı şeker"", ""1 yemek kaşığı pekmez""]","[""Bir yemek kaşığı tereyağında fıstıkları kavurun. Üzerine şeker ve irmik helvası ilave edin. Renk değiştirene kadar karıştırarak kavurmaya devam edin."", ""Üzerine azar azar süt dökün ve orta ateşte kapağı kapalı pişirin."", ""Sütünü çektikten sonra hazır demektir. Kapağı kapalı dinlendirip kıvam almasını bekleyebilirsiniz."", ""İster sıcak ister soğuk olarak bir fincana koyup, bir tabağın üzerine fincanı ters çevirip porsiyonlayıp servis edebilirsiniz.""]"
90fb6b19-48cc-4601-a9e4-8a3e4996f112,Etli Kuru Fasulye,Turkey,"Geleneksel Türk mutfağının en sevilen lezzetlerinden biri olan etli kuru fasulye, doyurucu ve lezzetli bir ana yemek",Et Yemekleri,"[""2 su bardağı kuru fasulye"", ""400 gram dana kuşbaşı eti"", ""1 yemek kaşığı biber salçası"", ""1 adet kuru soğan"", ""5 yemek kaşığı sıvı yağ"", ""1 su bardağı ılık süt"", ""4 su bardağı ılık su"", ""1 çay kaşığı toz şeker""]","[""Kuru fasulyeyi akşamdan, ılık su ve süt ile ıslatın. Ertesi gün pişirmeden önce suyunu süzüp,bol su ile yıkayın."", ""Kuş başı etleri,5 yemek kaşığı sıvı yağ yağ ile rengi dönene kadar harlı ateşte kavurun. Domates salçası ve biber salçasını da ekleyip, salçanın kokusu çıkana kadar kavurmaya devam edin."", ""Fasulyenin suyunu süzüp, bol su ile yıkadıktan sonra tencereye ilave edin."", ""Üzerini geçecek kadar sıcak su ekleyin. Soğanın kabuğunu soyup tencerenin ortasına yerleştirin. Tuzunu, şekerini de ekleyip tencerenin kapağını kapatın."", ""Kaynayana kadar harlı ateşte,kaynamaya başladıktan sonra ocağın altını kısıp,fasulyeler pişene kadar kısık ateşte pişirin.""]"
409b041d-1b1b-4b70-b221-d346a2595c66,Çiğ Börek (Çibörek),Turkey,"Çiğ Börek, ince hamurun içine konulan kıymalı harcın kızartılmasıyla yapılan lezzetli bir Türk tarifi",Börek & Hamur İşi,"[""3 su bardağı un"", ""2 çay kaşığı tuz"", ""1 su bardağı su"", ""1 yemek kaşığı sirke"", ""2 yemek kaşığı zeytinyağı""]","[""Hamuru hazırlamak için tüm malzemeleri bir kapta iyice yoğurun."", ""20 dakika kadar dinlendirin."", ""Dinlendirdiğiniz hamurlardan limon büyüklüğünde bezeler hazırlayın."", ""Ayrı bir kapta kıyma, soğan, tuz, karabiber ve suyu iyice karıştırın."", ""Bezeleri yuvarlak şekilde açın ve yarısına kaşığın ters kısmıyla kıymadan yayın."", ""Çatal yardımıyla kapattığınız çi börekleri kızgın yağda altın rengi olana kadar kızartın."", ""Sıcak olarak servis edin.""]"
d459b468-67f0-4b96-81c8-72af5de0649e,Enginarlı Zeytinli Burgu Makarna,Turkey,"Zeytinyağlı enginarlarla hazırlanan lezzetli burgu makarna, Akdeniz mutfağının taze ve ferah tatlarını sunuyor",Pilav & Makarna,"[""200 gram burgu makarna"", ""6-7 adet enginar"", ""1/2 adet limon"", ""1 yemek kaşığı tereyağı"", ""5-6 adet sivri biber"", ""1 adet büyük boy kapya biber"", ""1 adet büyük boy domates rendesi""]","[""Enginar çanaklarını üzerini geçecek kadar limonlu suda hafif diri kalacak şekilde haşlayın, süzün ve büyüklüğüne göre eşit bir şekilde üçgen kesip kenara alın."", ""Tereyağını eritip önce 4-5 diş sarımsak ardından minik doğranmış 5-6 yeşil sivri biber, 1 büyük kapya biberi hafif kavurup dilimlenmiş enginarları ve domatesi de ilave edip bir süre daha kavurun."", ""Önceden haşladığımız 200 gr kadar makarnayı, kekiği, karabiberi ve kuru fesleğeni, tuzu ilave edin şöyle bir harmanladıktan hemen sonra ocaktan alın."", ""Mozarella, zeytin ve parmesan peyniri serpiştirip karıştırın ardından fırın kabına alın. Üzerine de mozarella peyniri rendeleyin ve önceden ısıtılmış 180 derece fırında, peynirler eriyene kadar fırınl""]"
c40018da-e492-4cdb-bf60-4e9949ace55f,Mini Ispanaklı Pasta,Turkey,"Lezzetli ve pratik mini ıspanaklı pastalar, hem gözlerinizi hem de midenizi şenlendirecek",Tatlı,"[""300 gram ıspanak"", ""3 adet yumurta"", ""1 su bardağı toz şeker"", ""3/4 su bardağı süt"", ""1 çay bardağı zeytinyağı (isteyen ayçiçek yağı da kullanabilir)"", ""2,5 su bardağı un (ya da 3 su bardağı siyez unu)"", ""1 paket kabartma tozu""]","[""Önce kekimizi pişireceğiz. Bunun için ıspanakları güzelce yıkayıp suyunu süzüyoruz; sonra da süt ile birlikte mutfak robotunda çekiyoruz."", ""Başka bir kapta yumurta ve şekeri çırpıp ıspanaklı karışım ve yağı ekleyip karıştırıyoruz. Ardından un ve kabartma tozunu ekleyip güzelce birbirine yediriyoruz."", ""Tepsiye yağlı kağıt koyup harcı döküyoruz. Fırına koymadan önce üzerini spatula ile düzlüyoruz. Önceden ısıtılmış 170 derece fırında 20 - 25 dakika civarında pişiriyoruz."", ""Kreması için; süt, nişasta, şeker, yumurta sarısı ve limon kabuğunu sürekli karıştırarak pişiriyor, muhallebi kıvamına gelince altını kapatıyoruz. Ve soğuması için kenarda bekletiyoruz."", ""Soğuyan muhallebi kıvamındaki kremaya labne peynirini ekleyip mikserle güzelce karıştırıyoruz. Ardından buzdolabına koyup yaklaşık 10 dakika bekletiyoruz."", ""Kekimizi ters çevirerek çıkartıyoruz ve yağlı kağıdın üzerinden alıyoruz. Bir çay bardağı yardımıyla kekimizi yuvarlak yuvarlak kesiyoruz."", ""Aralarda kalan şekilsiz parçaları ise blenderdan geçirip kremanın üstüne kaplamak üzere kenarda bekletiyoruz."", ""Her bir yuvarlak parçanın üzerine bir dolu yemek kaşığı krema ekliyoruz ve blenderdan geçirdiğimiz parçalarla kaplıyoruz. Üzerini nar taneleriyle süsledikten sonra servise hazır.""]"
de489f52-1d65-455c-99e5-a2a81e3a1053,Sütlü Lavaş,Turkey,"İçeriğindeki süt sayesinde yumuşacık ve lezzetli bir hamurdan hazırlanan, geleneksel Türk mutfağından pratik bir ekmek tarifidir",Ana Yemek,"[""1 su bardağı süt (ılık veya oda sıcaklığında)(200 ml)"", ""1 çay kaşığı tuz"", ""2,5 su bardağı un (300 g)"", ""3 yemek kaşığı zeytinyağı""]","[""Öncelikle tuz ve sütü karıştırın. Ardından yavaş yavaş unu ekleyerek yoğurmaya başlayın."", ""Yapışmayan bir hamur elde edene kadar hamuru içe doğru katlayarak yoğurmaya devam edin. Yapışmayan bir dokuya geldiğinde 10-15 dakika bu şekilde dinlenmeye bırakın."", ""Hamuru yuvarlayarak ince uzun bir rulo haline getirin ve 8 eşit parçaya bölün."", ""Yuvarlak hamur parçalarını önce bastırın. İçe doğru bohça gibi katlayıp yuvarlayın."", ""Ardından elinizle üstlerinden bastırarak hafifçe düzleştirin."", ""Hamur parçalarının yarısının üstüne zeytinyağını bir fırça yardımıyla sürün."", ""Kalan diğer yarısını zeytinyağı sürdüğünüz hamurun üzerin koyup bastırın. 10 dakika bu şekilde dinlendirin."", ""Ardından merdane yardımıyla tavanızla eşit boyutta olacak şekilde açın. Olabildiğince ince açmaya özen gösterin. Tercihen 23-25 cm çapında bir tava kullanın."", ""Orta-yüksek ateşte tavayı ısıtın. Ardından merdayle açtığınız lavaşı koyup 20-30 saniye pişirin."", ""Ters çevirip alt kısmını da pişirin."", ""Üst üste koyduğunuz lavaşlar bu şekilde ayrılıyorsa iyi pişmiş demektir. Maşayla birbirinden ayırarak pişmemiş kısımlarını da pişirin ve kenara alın. 20-30 saniye yeterli olacaktır."", ""Açılmış lavaş hamurlarınız bitene dek son 3 aşamayı tekrar edin. Sıcakken tereyağı veya zeytinyağı sürüp servis edebilirsiniz. Afiyet olsun!""]"
7d37dff1-1469-4e9e-b2c9-085ec7739e5f,Kulaklı Makarna,Turkey,"Ev yapımı kulaklı makarna tarifi, basit malzemelerle kolayca hazırlanabilir lezzetli bir öğün",Pilav & Makarna,"[""2 su bardağı un"", ""1 adet yumurta"", ""1 çay bardağı su"", ""1,5 çay kaşığı tuz""]","[""Unu derin bir kaba alıp üzerine yumurta ve tuzu ekleyin. Yavaş yavaş suyu ekleyerek iyice yoğurun. 2 bezeye ayırın. 15 dakika dinlendirin."", ""İç harcı için tüm malzemeyi iyice birbirine yedirin. Bezeleri un yardımıyla açın."", ""Kare şeklinde kesin, ortalarına harçtan parçalar koyup üçgen şeklinde kapatın."", ""Tuzlu suda haşlayın,süzün. Haşlanan makarnanın üstüne erimiş tereyağını döküp karıştırın."", ""Tabaklara alıp sarımsaklı yoğurt ile servis edin. Afiyet olsun.""]"
df5b9b2b-fa81-4ad6-95b4-7499243d2799,Kuru Etli Muz Dolgulu Çıtır Külah ve Muzlu Salsa,Turkey,"Kuru et ve muz dolgulu çıtır külahlar, muzlu salsa ile sunulan eşsiz bir lezzet",Et Yemekleri,"[""1 adet muz"", ""1 yemek kaşığı gorgonzola peyniri"", ""2 yemek kaşığı zeytinyağı"", ""1/2 adet lime kabuğunun rendesi"", ""1 yemek kaşığı lime suyu"", ""4 yemek kaşığı tereyağı""]","[""Baklava yufkalarını eritilmiş tereyağı ile yağlayın. Ardından kornet kalıplarına sarıp 170 derece fırında 10 dakika pişirin."", ""Bir kasede ezilmiş muz, kuru, et, lime kabuğu ve suyu, gorgonzola peyniri, zeytinyağı ve tuzu kaırştırın."", ""Çıtır baklava külahlarının içindeki kalıbı çıkarıp bu dolguyla doldurun."", ""Salsa için olan tüm malzemeleri bir kapta karıştırın. Üzerine zeytinyağı, tuz ve vişne sirkesi ilave edip güzelce karıştırın."", ""Servis tabağına külahı yerleştirin. Yanına muzlu salsayı da ekleyip arzuya göre üzerine toz kırmızı biber serpiştirerek servis edin. Afiyet olsun!""]"
3d001048-d4f6-492f-9bf7-1d8f13cf219a,Perişan Kurabiye,Turkey,"Tereyağı ve şekerin mükemmel uyumuyla hazırlanan, dağılan şekliyle adından söz ettiren lezzetli perişan kurabiye tarifi",Tatlı,"[""125 gram tereyağı (oda ısısında yumuşamış)(8,5 yemek kaşığı)"", ""1 su bardağı toz şeker"", ""2 adet yumurta"", ""1 çay bardağı sıvı yağ"", ""1 paket kabartma tozu"", ""1 paket vanilin"", ""1 adet portakal kabuğu rendesi (arzuya göre)"", ""1 silme tatlı kaşığı tarçın (arzuya göre)"", ""3,5 su bardağı un"", ""1 su bardağı ceviz içi (iri parça lanmış)"", ""1 su bardağı kuru üzüm""]","[""Yumurta ve toz şekeri bir kaba alıp güzelce çırpın."", ""Oda sıcaklığında yumuşamış tereyağını ve sıvı yağı ilave edip tekrar çırpın. Ardından kabartma tozu, vanilin, portakal kabuğu rendesi ve tarçını da ekleyip güzelce karıştırın."", ""Unu kontrollü olarak ekleyin ve yoğurun. Son olarak kuru üzümleri ve iri doğranmış cevizi de ekleyin, yoğurmaya devam edin. Ele yapışmayan bir kıvam aldığında hazır olacak."", ""Yağlı kağıt serili tepsiye hazırladığınız hamuru, yemek kaşığıyla her seferinde birer kaşık olacak şekilde aralıklarla şekil vermeden paylaştırın."", ""Önceden ısıtılmış 180 derecelik fırında, üstleri hafifçe kızarana kadar yaklaşık 30 dakika pişirin."", ""Tepside soğuduktan sonra servis tabağına alın. Afiyet olsun!""]"
962b4108-5c4a-4111-bc43-eb18911dbbcf,3 Malzemeli Sağlıklı Pankek,Turkey,Sadece 3 malzemeyle hazırlanan sağlıklı ve lezzetli pankek tarifi,Tatlı,"[""2 adet yumurta"", ""0.5 çay bardağı üzüm pekmezi"", ""3 tepeleme yemek kaşığı tam buğday unu"", ""1 yemek kaşığı zeytinyağı""]","[""Yumurtaları çırpma kabına alıyoruz. Üzerine yarım çay bardağı üzüm pekmezini ekleyerek yüksek devirde çırpıyoruz."", ""Son olarak 3 yemek kaşığı tam buğday ununu ilave ederek çırpmaya devam ediyoruz."", ""Üzerine yarım çay bardağı üzüm pekmezini ekleyerek yüksek devirde çırpmaya başlıyoruz."", ""Daha sonra 3 tepeleme yemek kaşığı tam buğday ununu ilave ederek çırpmaya devam ediyoruz."", ""Az zeytinyağıyla ısınan krep tavasında arkalı önlü çevirerek pişiriyoruz.""]"
823b0633-b043-4e91-b825-f4b22736b7d6,Ayva Reçeli,Turkey,"Geleneksel lezzetlerden olan ayva reçeli, misafirlerinize ikram edebileceğiniz harika bir tatlıdır",Ana Yemek,"[""5 su bardağı su"", ""1 kilogram ayva"", ""5 su bardağı şeker"", ""4 adet karanfil"", ""1 adet limonun suyu"", ""1 çay bardağı ayva çekirdeği""]","[""Ayvalar yıkanıp kabukları soyulur. Küp küp ya da dilim dilim kesilir. Suyla birlikte tencereye koyulup haşlanır ve süzülür. Tencereye kalan suyu tekrar dökülüp şeker ve temiz bir tülbente koyulup bağl"", ""Tencereye kalan suyu tekrar dökülüp şeker ve temiz bir tülbente koyulup bağlanmış ayva çekirdekleri ilave edilir. Ocağın en büyük gözünde harlı ateşte 20 dakika kaynatılır."", ""Sonra haşlanmış ayvalar ve karanfiller eklenip ocağın altı kısılır. Kısık ateşte 45 dakika pişirilir. En son limon suyu katılır. Birlikte biraz daha pişirilip kıvamını bulunca ocak kapatılır.""]"
e36c4e37-e94f-4292-b4f4-97b84c648c06,Yalancı Manolya,Turkey,"Pratik ve lezzetli Yalancı Manolya tarifi, az malzemeyle hazırlanan nefis bir tatlı",Ana Yemek,"[""8 adet wasa (ya da bisküvi)"", ""2 yemek kaşığı toz şeker"", ""2 tatlı kaşığı Hindistan cevizi yağı"", ""2 su bardağı süt"", ""1 yemek kaşığı un"", ""3 yemek kaşığı şeker"", ""1 tatlı kaşığı vanilya"", ""4-5 adet çilek""]","[""Öncelikle wasa veya bisküvilerimizi minik parçalara bölüp yağ ve şeker ile bir araya getirip tavada 2-3 dakika pişirin ve bir kenara ayırın."", ""Sonra bir pişirme tenceresinde un, süt, vanilya, şekeri çırpıp ocağın altını açın ve karıştırarak kıvam alıncaya kadar pişirdin."", ""Hazır olan muhallebimizi tabakların tabanına biraz döküp üzerine wasa veya bisküvilerimizden koyuyoruz."", ""Dilimlediğimiz çileklerden 5-6 adet tabağın etrafına dizip sonra kalan muhallebileri de üzerine ilave edip bisküviler ile üzerini kaplıyoruz."", ""En son dilimlediğimiz çilekler ile üzerini süslüyoruz ve hazır oluyor. Afiyet olsun.""]"
e08d834e-281c-4a28-8ac2-9a0f78e9bb73,Fit Granola Tart,Turkey,Sağlıklı ve lezzetli fit granola tarifi ile hem kendinizi hem de sevdiklerinizi şımartın,Ana Yemek,"[""1 su bardağı yulaf ezmesi"", ""2 yemek kaşığı kuru üzüm"", ""1 yemek kaşığı kuru meyve karışımı"", ""50 gram badem"", ""2 tatlı kaşığı pekmez"", ""30 gram Hindistan cevizi yağı"", ""35 mililitrebal"", ""2 yemek kaşığı fıstık ezmesi (dilerseniz)""]","[""Yulafları robota aktaralım. Hindistan cevizi yağını eritelim ve ekleyelim."", ""Badem fındık fıstık kuru üzümleri ekleyelim. Bal, pekmez ve bir tutam tuz ile birlikte robottan bu karışımı geçirelim."", ""Muffin kabını Hindistan cevizi yağı ile yağlayalım. Normal yağ da kullanabilirsiniz bu aşamada."", ""Yulaflı karışımdan üçer kaşık ekleyip çay bardağı işe bastıralım, üzerilerine çukur yapabilmek için."", ""180 derecelik önceden ısıtılmış fırında 10 dakika kadar kontrollü şekilde pişirelim."", ""Piştikten sonra soğumaya bırakalım ve hiç dokunmayalım. Kalıptan hemen çıkarmaya kalkarsak dağılacaktır."", ""Yoğurt ve meyvelerle servis edebilirsiniz. Afiyet olsun.""]"
fab6be6f-43e2-4c59-a7e7-980dc45168bc,Etli Mercimekli Karnıyarık,Turkey,Zeytinyağlı patlıcanların içine etli mercimek harcı konularak hazırlanan lezzetli ve doyurucu bir Türk mutfağı klasiği,Et Yemekleri,"[""8-9 adet orta boy patlıcan"", ""150 gram kuşbaşı dana eti"", ""5 yemek kaşığı zeytinyağı"", ""1/2 su bardağı yeşil mercimek"", ""1 adet soğan"", ""1 adet kapya biber"", ""1 tatlı kaşığı salça"", ""2 tatlı kaşığı domates püresi"", ""2 tatlı kaşığı kırmızı toz biber"", ""1/2 çay kaşığı kimyon"", ""1/2 çay kaşığı sumak""]","[""Patlıcanları 180 derece fırında yumuşayıncaya kadar közlüyoruz."", ""Eti zeytinyağı ile mühürlüyoruz. Kademeli olarak ılık su ilave ederek yumuşak ve sulu olacak şekilde pişiriyoruz."", ""Etimiz yumuşadıktan sonra, küp doğranmış soğan, sarımsak ve kapya biberi ekliyoruz. Sebzeler yumuşayıncaya kadar pişiriyoruz. Daha sonra salçayı ilave ediyoruz."", ""Mercimek, domates püresi, baharat ve üzerini geçecek kadar su ilave ediyoruz. Mercimekler yumuşayıncaya kadar pişiriyoruz."", ""Patlıcanların içini bu harç ile doldurup üzerlerine ekmek kırıntısı serpiyoruz. Afiyet olsun.""]"
cf24de42-82a3-4da4-917c-1cb194dc3bed,Kuruyemişli Ekmek,Turkey,"Besleyici ve doyurucu kuruyemişli ekmek, sağlıklı atıştırmalık veya kahvaltı için mükemmel bir seçenek",Börek & Hamur İşi,"[""1 su bardağı yulaf unu"", ""1 su bardağı tam buğday unu"", ""1 su bardağı ılık su"", ""1 yemek kaşığı kuru maya"", ""1 tatlı kaşığı tuz"", ""1 tatlı kaşığı bal"", ""1/2 su bardağı iri çekilmiş ceviz içi"", ""2 yemek kaşığı kabak çekirdeği içi"", ""2 yemek kaşığı haşhaş tohumu""]","[""Mayayı yoğurma kabına alarak ılık su ile çözdürün."", ""Maya ve su karışımına balı ve tuzu ekleyerek eritin."", ""Yulaf unu ve tam buğday ununu karıştırarak, sıvı karışıma yavaş yavaş ekleyerek yoğurun ve hafif ele yapışan bir hamur elde edin."", ""Hamurun üzerini streç filmle kapatarak bir saat mayalanmaya bırakın."", ""Mayalanan hamuru tekrar yoğurarak, ceviz, haşhaş ve kabak çekirdeğini ekleyin."", ""Hamuru, yağladığınız baton kek kalıbına yerleştirerek şekil verin ve 30 dakika daha mayalanmaya bırakın."", ""Önceden ısıtılmış 180 derece fırında 30 dakika pişirin."", ""Ilıdıktan sonra dilimleyerek afiyetle tüketin.""]"
5d088f67-7ffd-4cd1-9ab5-37cea3462e3e,Viyana Usulü Patates Salatası,Turkey,"Klasik Viyana usulü patates salatası, hardal ve mayonezli sos ile hazırlanan lezzetli bir başlangıçtır",Salata,"[""2 adet orta boy patates"", ""1 yemek kaşığı hardal"", ""1 yemek kaşığı mayonez"", ""1 yemek kaşığı zeytinyağı"", ""1 yemek kaşığı balsamik sirke""]","[""2 patatesi bir miktar su ile haşlayın."", ""Haşlanan patatesleri soyup küçük küpler halinde doğrayın."", ""Hardal, mayonez, tuz, zeytinyağı ve limonu karıştırıp patates ile harmanlayın."", ""Servis tabağına aldığınız karışımın üzerine yeşillikleri ve balsamik sirkeyi ekleyin. Afiyet olsun!""]"
35e60393-a8e1-4914-b2d2-81cc43e6471a,Mayalı Poğaça,Turkey,"Mayalı poğaça, kahvaltıların ve çay saatlerinin vazgeçilmez lezzetidir. İçine peynir, zeytin veya patates koyarak çeşitlendirebileceğiniz bu pratik tarif, misafirlerinizi de şaşırtacak",Börek & Hamur İşi,"[""1 su bardağı ılık su"", ""1 su bardağı ılık süt"", ""1 paket yaş maya"", ""4 yemek kaşığı toz şeker"", ""1 su bardağı sıvı yağ"", ""1 adet yumurta"", ""2 tepeleme çay kaşığı tuz"", ""7 su bardağı un (aldığı kadar)""]","[""Mayalı poğaça için 1 su bardağı ılık su ve 1 su bardağı ılık sütü geniş bir karıştırma kabına alın. 1 paket yaş maya ve 4 yemek kaşığı toz şekeri ekleyip karıştırdıktan sonra mayanın aktive olması içi"", ""Maya tamamen eridikten sonra 1 su bardağı sıvı yağ , 1 adet yumurta ve 2 çay kaşığı tuzu ekleyin."", ""Unu azar azar ekleyip hamuru toparlanana kadar yoğurmaya başlayın."", ""Yumuşak ve yapışmayacak bir kıvamda bir hamur elde ettiğiniz zaman üzerini streç film ve nemli bir bezle kapatıp 40-45 dakika kadar oda ısısında mayalanmaya bırakın."", ""Mayalanan hamurdan yumurta büyüklüğünde parçalar kopartıp avuç içinizde yuvarlayarak şekil verin."", ""Tepsiye aralıklı olarak dizdiğiniz mayalı hamurların üzerine yumurta sarısı sürün."", ""Son mayalandırma işlemi için 10-15 dakika kadar poğaçaları tepside bekletin ve önceden ısıtılmış 190 derece fırında 20 dakika kadar pişirin. Puf puf kabarmış mayalı poğaçalar hazır, afiyet olsun!""]"
fdea66fb-3dbd-4bed-ae2f-c4efcaab278a,Şeftalili Crumble,Turkey,Taze şeftalilerin lezzetini çıtır crumble ile birleştiren pratik ve nefis bir tatlı tarifi,Ana Yemek,"[""10 yemek kaşığı irmik"", ""2 su bardağı un (ikisinden de birer parmak eksik)"", ""2 yemek kaşığı tereyağı"", ""1/2 çay kaşığı tuz"", ""2 yemek kaşığı toz şeker (esmer şeker veya Hindistan cevizi şekeri de kullanabilirsiniz)"", ""4 yemek kaşığı soğuk su""]","[""Un, irmik, şeker, tuz ve tereyağını ıslak kum kıvamı elde edene kadar rondodan geçiriyoruz."", ""Soğuk suyu ilave edip yaklaşık 30 saniye kadar daha geçirip hamuru fırın kağıdı serdiğimiz düz bir zemine alıyoruz."", ""Hamura yuvarlak şekil veriyoruz, altı ve üstü fırın kağıdı ile kapalı bir şekilde buzdolabında dinlendiriyoruz."", ""Bu sırada küp küp doğradığımız şeftalilere şeker ve tarçın ekleyip, çok az karıştırıp ocaktan alıyoruz."", ""Hamurun yarısını, fırın kağıdı serdiğimiz bir kaba taban yapıp bastırıyoruz. Sonra şeftalilerimizi ilave ediyoruz, üzerine kalan hamuru parça parça şekilde ufalanmış olarak serpiyoruz."", ""Önceden ısıttığımız 190 derece fırında 35 dakika pişirdikten sonra hazır oluyor, afiyet olsun.""]"
5b0f7e05-cd5a-4aa3-9c1e-e4fdaafaa01a,Pastırmalı Tereyağlı Humus,Turkey,"Pastırmalı tereyağlı humus, geleneksel humusun zengin tereyağı ve pastırma ile buluşmuş enfes bir versiyonudur",Ana Yemek,"[""2 su bardağı nohut (haşlanmış kabukları soyulmuş)"", ""1/2 su bardağı tahin (+1 yemek kaşığı)"", ""1/2 çay bardağı zeytinyağı"", ""1 tatlı kaşığı kimyon"", ""1,5 çay kaşığı tuz""]","[""Haşlanmış nohutların kabuklarını soyup robot haznesine ekleyip geri kalan tüm malzemeleri ekleyelim."", ""Pürüzsüz bir yüzeye sahip olana kadar robottan çekelim. Tat kontrollü yaparak eksik malzemeleri ekleyebilirsiniz."", ""Küçük bir sos tavasında tereyağını ekleyip doğranmış pastırmaları 1-2 dakika çevirelim. Servis esnasında üzerine ekleyelim. Afiyet olsun.""]"
250c83f5-8f9f-45f7-bc1d-043f9cea6211,Fırında Pırasa,Turkey,"Fırında pırasa, patates ve arpacık soğanlarla hazırlanan lezzetli ve pratik bir yemektir",Ana Yemek,"[""8 adet küçük boy patates"", ""2 adet arpacık soğan"", ""100 mililitresüt"", ""200 mililitrekrema"", ""1 yemek kaşığı parmesan"", ""1 yemek kaşığı galeta unu"", ""2 yemek kaşığı zeytinyağı"", ""1/2 çay kaşığı sarımsak tozu"", ""1 çay kaşığı tuz-karabiber""]","[""Patatesleri tencereye koyup, üzerine gelecek kadar su koyun. Biraz tuz attıktan sonra kaynayana kadar haşlayın, su kaynadıktan sonra altını kısıp 10 dakika daha pişirelim."", ""Pirasalari 0.5 cm kalınlığında halka halka doğrayalım."", ""Ayrı bir tencerede süt, krema ve kıyılmış taze kekik dallarını karıştıralım. İçine dilediğiniz kadar tuz ve karabiber ekleyip, kaynayana kadar pişirelim."", ""Patatesler haşlandıktan sonra halka şeklinde kesip pırasalara ekleyelim."", ""Sebzelerin üzerine zeytinyağı gezdirip, sarımsak tozunu ekleyelim. Yine dilediğiniz kadar tuz ve karabiber serpelim. İyice karıştıralım."", ""Pişirme kabımızı (ben borcam kullanıyorum) hafifçe tereyağı ile yağlayıp pırasa, patates ve soğanları kaba boşaltalım."", ""Üzerine, pişirdiğimiz süt krema karışımımızı dökelim."", ""Önce parmesan peynirimizi üzerine serpelim."", ""Ardından galeta ununu da serpelim."", ""Önceden ısıtılmış 200 derece fırında yaklaşık 50 - 60 dakika pişirelim."", ""Üzeri kızardıktan sonra fırını kapatıp 10 dakika dinlendirelim. Afiyet olsun.""]"
88056a39-5b60-4e6d-88e7-e93269cf68d3,Vişneli Şekersiz Kek,Turkey,"Doğal tatlandırıcılarla hazırlanan sağlıklı vişneli şekersiz kek, hurma ve kayısıyla tatlandırılmış lezzetli bir alternatif",Tatlı,"[""10 adet hurma"", ""4 adet günkurusu kayısı"", ""2 adet yumurta"", ""1 su bardağı süt"", ""4 yemek kaşığı zeytinyağı"", ""1 su bardağı tam buğday unu"", ""1 tatlı kaşığı tarçın"", ""14 adet vişne"", ""1 paket kabartma tozu""]","[""Hurmaları ve gün kurusunu sıcak suda 5 dakika kadar bekletiyoruz ve hurmaların çekirdeklerini çıkartıyoruz."", ""Hurmayı ve gün kurusunu isterseniz küp küp doğrayabilir, istersiniz de blenderdan geçirip püre haline getirebilirsiniz. Seçim size kalmış."", ""Hurma ve gün kurusu püresinin üzerine 2 yumurta kırıp, blender ile köpürene kadar çırpıyoruz."", ""Süt, zeytinyağı, tam buğday unu, kabartma tozu ve tarçını sırasıyla ekleyip, karıştırıyoruz."", ""Vişnelerin çekirdeklerini çıkartıp, karışıma ekliyoruz ve son bir kez daha karıştırıp, pişirme kabımıza alıyoruz."", ""Önceden ısıtılmış 180 derecelik fırında 30-35 dakika kadar pişirdikten sonra fırından alıyoruz. Kısa bir süre dinlenmesini bekleyip, kabı ters çeviriyoruz ve dilimleyerek servis edebiliriz. Afiyet ols""]"
52a246e0-4b21-4b03-a9de-4f965a60e278,Patlıcan Yemeği,Turkey,Zeytinyağında sote edilmiş soğan ve biberlerle hazırlanan lezzetli patlıcan yemeği,Sebze Yemekleri,"[""1 yemek kaşığı zeytinyağ"", ""1 adet soğan"", ""2 adet biber (kırmızı veya yeşil)"", ""2 adet domates"", ""1 tatlı kaşığı domates salçası"", ""1 su bardağı sıcak su""]","[""Etleri yağda mühürleyin. Suyunu saldıktan sonra altını kısıp suyunu çekmesini bekleyin."", ""Etlerin üzerine biber ve soğanı ekleyin."", ""Sotelendikten sonra domates ve salçasını ekleyip 3 - 4 dakika kavurun."", ""Baharatları ve sarımsağı ekleyin. En son konservemizi açıp patlıcanı ekleyin. 2 - 3 dakika kavurursanız yeterli olacaktır."", ""Üzerini geçmeyecek kadar sıcak su ilave edin. Yemeğimiz Hazır !""]"
d4060383-4023-4354-8c50-0ee23484a2a4,İzmir Usulü Şambali Tatlısı,Turkey,"İzmir'in meşhur şerbetli tatlısı şambali, irmiğin yoğurtla buluştuğu nefis bir lezzet",Tatlı,"[""3,5 su bardağı irmik (500 gram)"", ""1,5 su bardağı şeker"", ""1,5 su bardağı yoğurt"", ""1 tatlı kaşığı nişasta"", ""2 paket kabartma tozu""]","[""3 su bardağı toz şeker ve 2 su bardağı suyu 15 dakika kadar kaynatın. İlk kaynamasından sonra limon suyunu ekleyin ve kısık ateşte hafif koyu kıvam alana kadar pişirin. Ilımaya bırakın."", ""Fırınınızı açın ve 200 derecede ön ısınmaya bırakın. Derin bir kap içerisinde irmik, şeker, nişasta ve kabartma tozunu karıştırın."", ""Yoğurdu ekleyin ve tahta bir kaşık yardımıyla şeker iyice eriyinceye kadar karıştırın. Bu işlem yaklaşık olarak 8-10 dakika sürebilir."", ""Borcam veya tepsinizi yağlayın. Taban ve kenarının eşit bir şekilde yağlanmış olmasına dikkat edin."", ""Karışımı homojen bir şekilde yayın. Elinizle düzeltebilirsiniz."", ""Tuzsuz fıstık ile süsleyin. Bıçakla çok derin olmayan kesikler atın."", ""Önceden ısıtılmış 180 derece fırında üzeri kızarana kadar 40 dakika pişirin."", ""Fırından aldığınız sıcak tatlının üzerine ılık şerbeti dökün. Şerbetini içine çekmesi için 15 dakika kadar bekleyin."", ""Oda sıcaklığında soğumaya bıraktığınız tatlınızı dilimleyin. Toz fıstık ile süsleyip servis edebilirsiniz. Afiyet olsun!""]"
7c3df9ce-62e1-48cc-944a-17015e96c23b,Hamburger Ekmeği,Turkey,Ev yapımı lezzetli hamburger ekmekleri için pratik ve kolay tarif,Ana Yemek,"[""5 su bardağı un"", ""120 gram margarin veya tuzsuz tereyağı"", ""2 çay kaşığı tuz"", ""220 mililitreılık süt"", ""150 mililitreılık su"", ""1 tatlı kaşığı şeker"", ""1 paket instant maya"", ""1 adet yumurta sarısı""]","[""İlk olarak ılık su, ılık süt, şeker ve mamayı bir kaba alalım birbirine karışana kadar karıştıralım."", ""Üzerine eritilmiş margarini 5-5,5 su bardağı unu ve tuzu ekleyerek yoğurmaya başlayalım, unu yavaş yavaş ekleyelim."", ""En az 10 dakika yoğurun ne kadar yoğurulursa hamur o kadar güzel olacaktır."", ""Üstünü kapatalım ve 15-20 dakika bekletelim."", ""Kabarmış hamurun kabında gazını alıp, eşit bezelere bölelim ve yuvarlayarak yağlı kağıt serilmiş tepsiye dizelim."", ""Bezelerin üstüne hafifçe bastırıp yassılayın ve üstünü kapatıp 5 dakika daha tepsi mayası yapın."", ""Bu süreçten sonra bir kaseye yumurta sarısını alın içerisine 1 çorba kaşığı su ve bir çorba kaşığı süt ekleyin."", ""Ekmeklerinizin üzerine sürün ve susam veya çörek otu serpiştirin."", ""Fansız fırında 180 veya 200 derecede pişirebilirsiniz fırınınızın pişirme hızına göre kontrollü olarak pişirin. Afiyet olsun.""]"
a1d7b946-48e3-454c-83d0-f43bd0420901,Acukalı Çıtır Kraker,Turkey,"Lezzetli acuka sosuyla harmanlanmış çıtır krakerler, misafirlerinize ikram edebileceğiniz pratik bir atıştırmalık",Ana Yemek,"[""3 yemek kaşığı zeytinyağı"", ""2 yemek kaşığı tereyağı"", ""1 su bardağı yoğurt"", ""1/2 paket ekşi maya"", ""1 yemek kaşığı sirke"", ""2 yemek kaşığı acuka"", ""2 çay kaşığı kekik"", ""2 çay kaşığı tuz"", ""2 çay kaşığı sarımsak tozu"", ""2 çay kaşığı zerdeçal"", ""1 yemek kaşığı chia tohumu"", ""2,5 su bardağı karabuğday unu""]","[""Tüm malzemeleri yoğurma kabına alın ve homojen olana dek yoğurun."", ""İki yağlı kağıt arasında incecik açın ve çay bardağı yardımıyla kesin."", ""Fırın 10 dakika maksimumda çalışsın. Sonra 200 dereceye düşürün 13-15 dakika pişirin ve çıkarınca soğutma teline alın. Afiyet olsun.""]"
daa6fce3-1fc8-4665-be4d-2c1d182e73ba,Tahin Pekmezli Brownie,Turkey,Tahin ve pekmezin eşsiz lezzetini bitter çikolata ile birleştiren pratik ve sağlıklı bir brownie tarifi,Ana Yemek,"[""2 adet orta boy olgun muz"", ""1 adet yumurta"", ""1 paket bitter çikolata (en az yüzde 70 kakao içeren)"", ""1/4 su bardağı süt"", ""1/4 su bardağı tahin"", ""1/4 su bardağı keçiboynuzu pekmezi"", ""1/4 su bardağı Hindistan cevizi yağı"", ""1/2 su bardağı ceviz"", ""2 yemek kaşığı ham kakao"", ""1 su bardağı tam buğday unu"", ""1/2 paket kabartma tozu"", ""2 paket bitter çikolata (üzeri için)""]","[""Öncelikle muzlarımızı ezip püre haline getiriyoruz. Yumurtayı ekleyip karıştırıyoruz."", ""Ardından önce sıvıları, sonra katıları ekleyip iyice, çırpıcıyla karıştırıyoruz. Yağlı kağıt serili kare borcama döküyoruz ve önceden ısıtılmış 180 derece fırında 20-25 dakika kadar pişiriyoruz"", ""Soğuduktan sonra kare kare dilimleyip tabağa alıyoruz. Üstüne isteğe göre benmari usulü eritilmiş bitter çikolatayı da döküyoruz. Afiyet olsun.""]"
fac31c82-6e01-49b5-aa38-3fdfcbaffebd,Yaban Mersinli Cheesecake,Turkey,Tereyağlı yulaflı bisküvi tabanı ve bol yaban mersini ile hazırlanan nefis cheesecake tarifi,Ana Yemek,"[""1 paket yulaflı bisküvi"", ""10 gram tarçın"", ""50 gram tereyağı"", ""20 gram toz şeker""]","[""Yulaflı bisküvileri karıştırma kabına küçük parçalar halinde kırın. Oda sıcaklığında beklettiğiniz tereyağı, tarçın ve toz şeker ilavesiyle mutfak robotunda hamur haline getirin."", ""Hazırladığınız bisküvi karışımını kelepçeli kek kalıbının tabanına bastırarak yayın. Elinizle tüm tabanı kaplayacak şekilde düzeltin."", ""Cheesecake kreması için; suyunu süzdürdüğünüz labne peyniri ve süzme yoğurdu geniş bir kapta mikser yardımıyla çırpın."", ""Toz şekeri katıp karıştırma işlemini sürdürün. İlk yumurtayı yavaşça ekleyin ve çırpmaya devam ettiğiniz karışım bütünleştiğinde kalan yumurtaları tek tek ilave edin."", ""Homojen bir kıvam alan krema karışımını kelepçeli kek kalıbına bastırarak yerleştirdiğiniz bisküvi katı üzerine dökün."", ""Çırpma esnasında oluşan hava kabarcıklarını almak için kek kalıbını bir iki kez mutfak tezgahına vurun. Cheesecake'i önceden ısıtılmış 165 derece fırında 45-55 dakika aralığında pişirin."", ""Kenarları kalıba sabit bir şekilde tutunan orta kısmı hafif sallanan cheesecake'i fırından alıp oda sıcaklığında soğutun."", ""Yaban mersinli sos için; ayıklanmış taze yaban mersini, toz şeker ve elenmiş nişastayı küçük bir sos tenceresine alın."", ""Kaynamaya başlayana kadar kısık ateşte sürekli karıştırarak pişirin. Ilındıktan sonra soğumuş cheesecake'in üzerine döküp buzdolabında en az 3-4 saat dinlendirdikten sonra servis edin.""]"
d1c4a546-db0f-41f7-8a97-6fa76cac9a3a,Piyano Pasta,Turkey,"Kakaolu bisküviler ve kedidilleriyle hazırlanan, sütlü ve lezzetli Piyano Pasta, pratik yapımıyla göz dolduruyor",Tatlı,"[""2 paket kakaolu bisküvi"", ""26 adet kedidili bisküvi"", ""8 su bardağı süt"", ""100 gram margarin"", ""1,5 su bardağı toz şeker"", ""1 çay bardağı un"", ""1 çay bardağı nişasta"", ""2 tatlı kaşığı bal"", ""2 su bardağı soğuk süt""]","[""Bal ile 2 su bardağı soğuk sütü karıştırın. Kedi dillerini içerisine batırıp çıkartarak, kare bir borcama veya kare bir kelepçeli kaba yana yatırılmış şekilde dizin."", ""Her iki üç kedi dilini koyduktan sonra kakaolu pötibörleri kedi dillerine yapışık şekilde yerleştirin. Ardından tekrar kedidili ile pötibörü sağlamlaştırın."", ""Bu işlemeleri kedi dilleri bitene kadar tekrarlayın. Yan kısımlarında boşluk kalırsa pötibörleri ve kedi dillerini kopartarak tamamlayabilirsiniz."", ""Muhallebisi için bir tencereye margarin hariç tüm malzemeleri alın ve kısık ateşte muhallebi kaynayıp, göz göz olana kadar çırparak karıştırın."", ""Kaynamaya başlayınca ocaktan alın ve margarini ekleyin."", ""Margarin eriyince sıcak olan muhallebiyi hazırladığınız pötibör ve kedi dillerinin üstüne dökün, bunu yaparken bir kepçe kullanabilirsiniz. Tüm boşluklara yayılmasını sağlayın."", ""Oda sıcaklığında hafifçe soğuyunca buzdolabında 1 gece dinlendirin."", ""Bir kağıttan eşit parçalarda ve borcamınızın veya kelepçeli kabınızın boyutuna göre şeritler kesin."", ""Dolaptan tatlıyı çıkartın, şeritleri üzerilerine aralıklı olarak dizin. Kakaoyu elekten geçirerek pastaya serpin ve şeritleri dökmeden kaldırın."", ""Ardından yatay olarak kesip, servis edebilirsiniz. Afiyet olsun.""]"
9d31ccbf-7c12-4e86-a518-5ac25d99297a,Farklı Tiramisu,Turkey,"Farklı bir lezzet deneyimi için özel tiramisu tarifi. Labne peyniri ile hazırlanan bu tiramisu, klasikten farklı bir tat sunuyor",Ana Yemek,"[""200 gram labne peyniri"", ""2 yemek kaşığı un"", ""2 su bardağı süt"", ""1.5 çay bardağı şeker"", ""1 paket vanilin"", ""1 adet yumurta sarısı"", ""1 paket kedidili bisküvi"", ""5 tatlı kaşığı kahve"", ""2 su bardağı sıcak su""]","[""Öncelikle tiramisunun kremasını hazırlayarak ise başlayalım."", ""Yumurta sarısını unu şekeri ve 2 bardak sütü bir tencereye alalım ve devamlı karıştırarak pişirmeye başlayalım."", ""Karışım kıvam aldığında ocaktan alalım ve icerisine labne peynirini ilave edip mikser yardımı ile 3, 4 dakika güzelce çırpalım."", ""Sonra tekrar ocağa alalım ve kısık ateşte maksimum 4 dakika daha pişirelim."", ""Bir kabın içerisinde sıcak su kahveyi kahve çözülene kadar karıştıralım."", ""Üçü bir arada olan şekerli kahvelerden kullanabilirsiniz ve ya normal sade kahveye 2 yemek kaşığı şeker atabilirsiniz."", ""Kahve suda çözüldükten sonra kedi dillerini bu karışıma batırıp sonra 20x20 büyüklüğünde bir borcamin tabanına birinci katı dizelim."", ""Birinci katı dizdikten sonra hazırladığımız kremanın yarısını bu katın üzerine sürelim."", ""Sonra tekrar aynı işlem ile ikinci kedi dili katını çıkalım ve kalan krema ile üzerini eşit şekilde kaplayalım."", ""2 kat yeterli olacaktır. Hazırladığımız tatlıyı en az 3 saat dolapta bekletmeliyiz. Şimdiden afiyet olsun.""]"
e6743661-c3be-428f-8435-0f7e03581ab7,Yoğurtlu Mor Lahana Salatası,Turkey,"Ferahlatıcı ve lezzetli yoğurtlu mor lahana salatası, sofranıza renk katacak",Salata,"[""1 adet küçük boy mor lahana"", ""1,5 su bardağı yoğurt"", ""2 yemek kaşığı mayonez"", ""1 çay kaşığı tuz"", ""2 yemek kaşığı sıvı yağ""]","[""İlk olarak lahanayı rendeliyoruz. 2 yemek kaşığı yağ ile kavuruyoruz. Soğumaya bırakıyoruz."", ""Mayonez, yoğurt, tuz ve sarımsağı ayrı bir kapta karıştırıyoruz. Daha sonra kavrulup soğuyan mor lahanayı, yoğurtlu sosun içine katarak güzelce karıştırıyoruz."", ""Servis tabağına alıyoruz. Ceviz ve maydanoz ile süslüyoruz.""]"
764466e0-1088-469a-afd6-c94a28bd2702,Kolay Pirinçli Yoğurt Çorbası,Turkey,"Lezzetli ve doyurucu pirinçli yoğurt çorbası, pratik ve hızlı bir şekilde hazırlanabilir",Çorba,"[""6 su bardağı kaynar su"", ""2 adet yumurta sarısı"", ""1 büyük çay bardağı pirinç (yıkanmış)"", ""2 yemek kaşığı tereyağı"", ""4 yemek kaşığı yoğurt""]","[""Pirinçleri kaynar suya atıp iyice yumuşayana kadar kaynatın ve ardından ocağı kapatın."", ""Büyük bir kasede yoğurdu ve yumurta sarılarını çırpın. Pirincin suyundan 2-3 kepçe ekleyin ve karıştırın."", ""Sulandırdığınız terbiyeyi yavaşça tencereye eklerken bir yandan çorbayı sürekli karıştırın. 5-6 dakika daha kaynatın."", ""Tereyağında pul biber ve nane yakıp ekleyebilir, 2-3 dakika kaynattıktan sonra servis edebilirsiniz veya zeytinyağını kızdırıp naneyi ekledikten sonra kaselerin üzerine gezdirebilirsiniz. Afiyet olsun""]"
ad8a28c7-dc79-4236-b6d0-b7e158e8ab35,Şekersiz Tahinli Sufle,Turkey,"Şekersiz ve sağlıklı bir tatlı arayanlar için mükemmel seçenek. Tahinin zengin lezzeti ve yumuşak dokusuyla bu sufle, hem besleyici hem de doyurucu bir alternatif",Ana Yemek,"[""2 adet yumurta"", ""1 çay bardağı tahin"", ""2 tatlı kaşığı bal"", ""1 yemek kaşığı tam buğday unu"", ""1 çay kaşığı kabartma tozu""]","[""Yumurtalarımızın sarısını ve beyazlarını ayırıyoruz. Sarısının üzerine tahin ve balımızı ekleyip iyice karıştırıyoruz. Bunlar karıştıktan sonra üzerine un ekleyip, iyice karışana kadar tekrar karıştır"", ""Başka bir kapta yumurtanın beyazını kabartma tozu ile birlikte katı bir kıvam oluşana kadar çırpıyoruz. Ters çevirince dökülmeyecek hale gelmesi lazım."", ""Sonra iki karışımı birleştirip, kaselere bölüyoruz. (Kaseleri tam doldurmayacak şekilde 3 kase de çıkartabilirsiniz.)"", ""180 derece fırında 8-9 dakika pişmesi yeterli oluyor. İçi akışkan mis gibi suflenizi afiyetle yiyebilirsiniz.""]"
e409daa9-8e29-4a3b-93d7-3e5e12e92790,Pancarlı Karalahana Çorbası,Turkey,"Pancarın tatlılığı ve karalahananın besin değeriyle harmanlanan, kış aylarına özel doyurucu bir çorba",Çorba,"[""2 adet orta boy soğan"", ""1 yemek kaşığı tereyağı"", ""2 yemek kaşığı zeytinyağı"", ""1 adet orta boy pancar"", ""1/2 yemek kaşığı biber salçası"", ""1/2 yemek kaşığı domates salçası"", ""1 kilogram karalahana"", ""3 yemek kaşığı kemik suyu"", ""1 yemek kaşığı mısır unu"", ""1 su bardağı Meksika fasulyesi (haşlanmış)"", ""1 çay kaşığı tuz"", ""2-3 su bardağı sıcak su (göz kararı)""]","[""İlk olarak incecik doğranan karalahana haşlanır. (Karalahananın acı tadı geçsin diye bu işlem yapılır. Tadına baktığınızda hiç bir acılık yoksa haşladığınız sudan bir su bardağına yakın kullanın.)"", ""Minik küpler halinde doğranan soğanlar, yağda 2-3 dakika çevrilir. Minik küpler halinde doğranan pancarlar eklenir ve 1 dakika sotelenir."", ""Ardından salçalar eklenir ve kaşığın tersi ile bastırılarak dağıtılır. Haşlanan karalahana eklenir."", ""İlikli kemik suyu ve haşlanan karalahananın suyu da eklenir. (Bu esnada tuzunu da damak tadımıza göre ilave edelim.)"", ""Pancarlar ve karalahana yumuşayana kadar sıcak su eklemeleri yapılarak kısık ateşte, ağzı kapalı bir şekilde pişirilir. (Özellikle pancarlar kıtır kalmamalı.)"", ""İyice yumuşayınca önceden haşlanmış kırmızı fasulyeler de eklenir. Bir iki taşım kaynadıktan sonra çorbamızın suyundan 3-4 yemek kaşığı bir kaseye alınarak mısır unu açılır ve tekrar çorbanın içine ek"", ""2-3 dakika kadar kısık ateşte kaynatıldıktan sonra ocaktan alınır. Afiyet olsun.""]"
d2793547-7a77-4409-9a53-f93be286e718,Lokmalık Enerji Barları,Turkey,"Sağlıklı ve doyurucu lokmalık enerji barları, çiğ kaju ve yulaf ezmesi ile hazırlanır",Ana Yemek,"[""1/2 su bardağı çiğ kaju"", ""1/2 su bardağı yulaf ezmesi"", ""1/2 su bardağı yaban mersini"", ""1 yemek kaşığı fıstık ezmesi"", ""4 adet hurma"", ""1 tatlı kaşığı vanilya"", ""1 yemek kaşığı rendelenmiş limon kabuğu""]","[""Çiğ kaju, yulaf ezmesi ve yaban mersinlerini mutfak robotundan geçirin. Ilık suda beklettiğiniz hurmaları oldukça küçük küpler halinde kesin."", ""Aroma için; arzuya göre katacağınız toz vanilya ya da vanilya çekirdekleri, rendelenmiş limon kabuğu, fıstık ezmesi ve tadını seviyorsanız toz tarçını karışıma ekleyin."", ""Elde ettiğiniz bar karışımına ceviz büyüklüğünde lokmalar halinde şekil verin. Buzdolabında 30 dakika kadar beklettikten sonra sevdiklerinizle paylaşın.""]"
d2a16370-b3ab-421b-837e-90575134deec,Vişne Kebabı,Turkey,"Vişnenin tatlılığı ile kuzu kıymanın harmanlandığı bu eşsiz kebap, damaklarda unutulmaz bir lezzet bırakıyor",Et Yemekleri,"[""1,5 kilogram vişne"", ""750 gram kuzu kıyma"", ""1 çay kaşığı tuz"", ""1 çay kaşığı yenibahar"", ""1 çay kaşığı karabiber"", ""1 adet limon suyu"", ""2 yemek kaşığı sade yağ"", ""1 yemek kaşığı domates salçası"", ""4 adet tırnak pide""]","[""Öncelikle tek çekim kuzu kıymayı baharatlarla birlikte yoğuruyoruz. Dolapta 1 saat dinlenmeye bırakıyoruz."", ""Sonra 15-20 gr büyüklüğünde yuvarlıyoruz."", ""1 kg vişnenin suyunu çıkartıyoruz. Sonra bir tencereye 1 tl kadar su koyup kaynatıyoruz ve 10 dakika haşlıyoruz."", ""Sonra başka bi tencerede salçayı sade yağla beraber kavuruyoruz. Köfteleri içine atıyoruz yaklaşık 2 dakika kadar bu tencerede kavuruyoruz. İçerisine silme çay kaşığı tuz, karabiber,yenibahar ekliyor"", ""En son çıkardığımız vişne suyunu da ekliyoruz ve suyunu çekene kadar kaynatıyoruz. Limon suyunu ekleyip, suyunu çektikten sonra, suyunu çıkardığımız vişne tanelerini de ekleyip karıştırıyoruz."", ""Tırnak pideleri küçük küçük doğrayıp (isteğe göre tereyağda kavurup) tabağa alıyoruz. Maydonozu doğrayıp servis ederken üzerine ekliyoruz. Herkese şimdiden afiyet olsun :)""]"
bf02e7c3-c091-45cb-9db9-a3572aa4ddb2,Kolay ve Pratik Kurabiye Tarifleri,Turkey,Pratik ve lezzetli kurabiye tarifleri ile hızlıca tatlı krizlerinizi giderebilirsiniz,Tatlı,"[""Etimek Tatlısı Tarifi"", ""Damla Çikolatalı Kurabiye"", ""Tatlı Tarifleri Spoonful Mozaik Pasta Çikolatalı Sufle İrmik Helvası Fırın Sütlaç Profiterol Revani Magnolia"", ""Kahvaltılık Tarifler Pancake Krep Pişi Kuymak Kaygana Kahvaltılık Sos Menemen Muhlama Yumurtalı Ekmek Omlet"", ""Omlet""]","[""Kakaolu kurabiyenin pişirildikten sonra şekerli suya batırılmasıyla hazırlanan ıslak kurabiye yoğun lezzetiyle tatlı kurabiye sevenler için nefis bir seçenek. Brownie'yi andıran, sunumu da çok şık ola"", ""Uzun süre bozulmadan dayanabilmesiyle öne çıkan bu lezzetli ve pratik kurabiyeyi sık sık evde pişirmek isteyeceksiniz. En klasik, en sevilen kurabiyelerden biri olan un kurabiyesi yapılışının kolaylığ""]"
d830ed2b-1e5e-4030-a354-f6bf74ada462,3 Malzemeli Bal Kabaklı Lokum,Turkey,"Pratik ve lezzetli 3 malzemeli bal kabaklı lokum tarifi, az malzemeyle harika bir tatlı",Tatlı,"[""1 paket bisküvi (tercihen yulaflı)"", ""1/2 su bardağı Hindistan cevizi"", ""Etimek Tatlısı Tarifi"", ""Damla Çikolatalı Kurabiye"", ""Tatlı Tarifleri Spoonful Mozaik Pasta Çikolatalı Sufle İrmik Helvası Fırın Sütlaç Profiterol Revani Magnolia"", ""Kahvaltılık Tarifler Pancake Krep Pişi Kuymak Kaygana Kahvaltılık Sos Menemen Muhlama Yumurtalı Ekmek Omlet"", ""Omlet""]","[""Bal kabağı püreniz oda sıcaklığında olmalıdır. Hali hazırda kalmış olan bal kabağı tatlınızı da püre haline getirerek değerlendirebilirsiniz."", ""Bisküvileri blenderdan geçirin."", ""Bal kabağı püresi ile bisküvileri birleştirin. Karıştırdıktan sonra kolayca şekillenecek bir kıvama gelecektir."", ""Elinizle dikdörtgen, kare ya da dilediğiniz boyutta şekil verdiğiniz lokumları Hindistan cevizine bandırın."", ""Bal kabaklı lokumlar hazır. Afiyet olsun!""]"
eb2c97a5-641e-4143-ac15-3bfb2326fa6c,Mini Bombom,Turkey,"Kolay ve hızlı yapılabilen lezzetli mini bombom tarifimiz, misafirlerinize ikram etmek için ideal",Ana Yemek,"[""125 gram yumuşamış tereyağı"", ""1 su bardağı şeker"", ""1 adet yumurta"", ""1 su bardağı ılık süt"", ""1 yemek kaşığı limon suyu"", ""1 su bardağı kakao"", ""1 paket vanilin"", ""1 paket kabartma tozu"", ""2 su bardağı un (+1 yemek kaşığı un)""]","[""Tereyağı, toz şeker ve tuzu bir kaba alıp çırpalım. Yumurtayı ekleyelim. Çırpmaya devam edelim. 1 fincan sütü ısıtıp tereyağlı karışıma ekleyelim."", ""1 bardak sütü ısıtıp 1 yemek kaşığı limon suyuyla sütümüzü kestirelim. Kaba koyup karıştırmaya devam edelim. Kuruları da kaşık kaşık kaba ekleyip karıştırmaya devam edelim."", ""Hamurumuzu sıkma torbasına alalım ve minik kalıplara paylaştıralım."", ""Ayrı bir sıkma torbasına kahvaltılık çikolata koyalım. Hamurun tam ortasına kahvaltılık çikolatadan sıkalım. Önceden ısıtılmış 175 derece fırında fansız ayarda 10 dakika pişirelim."", ""Ben süslemeyi beyaz çikolata ve toz Antep fıstığı ile yaptım, dilerseniz sütlü çikolata ve fındıkla da süsleyebilirsiniz.""]"
ebe36132-058c-4914-b06a-85440ebbcbd6,Soslu Kare Pasta,Turkey,"Lezzetli soslu kare pasta, pratik malzemelerle hazırlanan harika bir tatlı seçeneği",Tatlı,"[""1 su bardağı un"", ""1 paket kabartma tozu"", ""1 paket vanilin"", ""50 ml sıcak su"", ""1 su bardağı şeker"", ""3 adet yumurta""]","[""Krema için krem şanti dışında tüm malzemeleri bir tencereye alın ve çırparak pişirmeye başlayın. Koyulaşıp, kaynamaya başlayınca, ocağın altını kapatın ve soğuması için bir kenara alın."", ""Biraz soğuyan kremaya bir paket krem şantiyi dökün ve mikser ile çırpın ardından soğuması için buzdolabında dinlendirin."", ""Çikolatalı sos için: Bir tencereye süt, şeker ve kakaoyu ekleyip pişirmeye başlayın. Kısık ateşte şeker eriyene kadar çırpın. Şeker eriyince yağı ve bir avuç kadar damla çikolatayı ekleyin. Çikolatala"", ""Kek için; 4 yumurtayı şekerle çırpın. Sıcak su ekleyip çırpmaya devam edin. Vanilya, kabartma tozu ve unu ekleyip çırpmaya devam edin."", ""Bir tepsiye yanmaz kağıt serip daha sonra kolay ayrılsın diye kağıdı yağlayın. Kek hamurunu tepsiye boşaltın ve yayın. Önceden ısıtılmış 180 derecelik fırında 20 dakika kadar pişirin."", ""Kek piştikten sonra ilk sıcaklığının gitmesini bekleyin ardından yanmaz kağıttan keki çıkartın. Ardından keki uzunlamasına ortadan ikiye kesin."", ""Bir kısmına kakaolu kremayı sürün, diğer parçayı ise üzerine serip, hafifçe bastırın. Ardından elde ettiğiniz büyük pastayı eşit büyüklüklerde kareler halinde kesin."", ""Bu kare parçaların ortasından baş ve işaret parmağınızla tutup, çevirerek etrafını sosa bulayın."", ""Ardından Hindistan cevizine bulayın. Kalan çikolatalı sostan pastaların üzerine bir kaşık kadar gezdirip dinlenmeye bırakın."", ""Üzerine Antep fıstığı serperek servis edebilirsiniz. Afiyet olsun.""]"
ed46ddc0-6411-4e17-b224-56c33fe83bbe,Yulaflı Atıştırmalık,Turkey,"Sağlıklı ve doyurucu yulaflı atıştırmalık, muzun doğal tatlılığıyla harmanlanmış pratik bir tarif",Ana Yemek,"[""3 adet muz"", ""2 su bardağı yulaf"", ""2 yemek kaşığı badem"", ""1 yemek kaşığı kuru üzüm"", ""1 yemek kaşığı Hindistan cevizi rendesi"", ""1 yemek kaşığı bal""]","[""Muzları sulandırmadan çatal yardımıyla ezin."", ""Yulaf ve diğer malzemeleri çok sulandırmadan karıştırın. Karışımı dolapta 15-20 dakika bekletin."", ""Fırını fansız programda 160 dereceye ayarlayın."", ""Dinlenen kurabiye hamurunu avuç içinizde yuvarlayarak tepsiye yerleştirin."", ""Tepsiye yerleştirdikten sonra üzerine bastırarak hamuru hafifçe yayın."", ""15 dakika her iki yüzünü de iyice pişirin."", ""İyice soğutun ve saklama kutusuna kaldırın. İşte bu kadar, afiyet olsun!""]"
df121824-9bba-48f3-b472-1c6dc617b616,Tembel Lahmacunu,Turkey,"Pratik ve lezzetli tembel lahmacun, geleneksel lahmacunun tüm lezzetini daha az eforla sunuyor",Ana Yemek,"[""1 adet soğan"", ""1 adet kapya biber"", ""2 adet köy biberi"", ""1 adet domates"", ""200 gram dana kıyma"", ""1 tatlı kaşığı domates salçası"", ""1 tatlı kaşığı biber salçası"", ""1 çay kaşığı tuz"", ""1/2 çay kaşığı karabiber"", ""1 çay kaşığı pul biber"", ""1 yemek kaşığı sıvı yağ"", ""11 adet mini lavaş""]","[""Soğanı, biberleri ve domatesi robottan çektirin."", ""Karışıma kıymayı, sarımsağı, salçaları, tuzu, karabiberi, pul biberi, sıvı yağı ve maydanozu ekleyip tüm malzemeler birleşinceye dek karıştırın."", ""Harcı lavaşlara paylaştırıp yayın. Tost makinesinde 17 dakika pişirin. Sıcak servis edin.""]"
79194af8-372a-4b76-be66-8f6fd3467a99,Kavun Dolması,Turkey,"Taze kavunların içine harika bir dolma hazırlayın, yaz aylarının ferahlatıcı lezzetiyle tanışın",Ana Yemek,"[""1 adet kavun"", ""1 adet soğan"", ""2 yemek kaşığı tereyağı"", ""400 gram kıyma"", ""1 çay kaşığı kişniş"", ""1 çay kaşığı yenibahar""]","[""Öncelikle bir kasenin içerisine sert kabukları soyulmuş olan antep fıstıklarını alın ve üstlerine sıcak su ilave edip yaklaşık 10 dakika bu şekilde bekletin, böylece dışlarındaki ince kabuğu rahatça s"", ""Bir başka kaseye kuş üzümlerini koyun ve onların da üstüne sıcak su koyarak, şişmeleri için yaklaşık 10 dakika bekletin."", ""Pirinci yıkayıp bir küçük tencereye alın, üstüne çıkacak kadar kaynar su koyun ve bu şekilde 5 dakika kaynatıp, altını kapatın ve süzdükten sonra bir kenara alın."", ""Tereyağını bir tavada kızdırın ve içine ince ince doğradığınız kuru soğanı ilave edip, soğanlar pembeleşene dek kavurun."", ""Pembeleşen soğanların üstüne kabuğunu soyduğunuz antep fıstıklarını ve bademleri ekleyip birkaç dakika daha kavurun."", ""Kuş üzümlerini süzün ve karışıma ilave edin. Kıymayı da ekleyerek, güzelce kavurun."", ""Kıyma iyice kavrulduktan sonra, sıcak suda 5 dakika haşladığınız pirinçleri de ilave edip güzelce karıştırın."", ""İnce doğranmış maydanoz ve dereotunu da ekleyin, ardından baharatları da ilave edip güzelce harmanlayın ve ocağın altını kapatın. İç harcınız hazır."", ""Kavunu yıkayıp enine olacak şekilde ikiye bölün. İçindeki çekirdekleri bir kaşık yardımıyla çıkartıp atın ve daha sonra yine kaşık yardımıyla iç kısmını dikkatlice oyun."", ""Oyarken çıkan kavun parçalarını bir kenara ayırın. Güzelce oyduğunuz kavunun içini hazırladığınız iç harçla doldurun ve önceden ısıtılmış 180 derece fırında 20 dakika pişmeye bırakın."", ""Kavun dolmanız fırında pişerken siz de sosunu hazırlayın; bir tavaya sos için gerekli olan tereyağını alın ve içine ayırdığınız kavun parçalarını ekleyip güzelce kavurun."", ""Ardından ince doğranmış birer tutam maydanoz ve dereotunu da ekleyin. Suyu da ilave edip, kavunlar iyice eriyip sos kıvamına gelene dek pişirin."", ""Pişirme süresinin sonunda fırından çıkarttığınız kavun dolmasını, yanında hazırladığınız kavun sosu ile birlikte sıcak olarak servis edin. Afiyetler olsun!""]"
53a4286f-54a4-49ad-ba82-d5cbd486a890,Kivili Jöleli Muhallebi,Turkey,"Taze kivilerin ferahlatıcı lezzeti ile pürüzsüz muhallebinin buluştuğu, jöleli dokusuyla damaklarda tat bırakan özel bir tatlı",Tatlı,"[""1 litre süt"", ""1 su bardağı un"", ""1 su bardağı şeker"", ""1 paket vanilya""]","[""Bir kaba un ve şekeri alarak karıştırıp sütü ilave ediyoruz ve ocağa alıyoruz."", ""Çırpma teliyle karıştırarak kıvam alıp göz göz olana kadar pişiriyoruz."", ""10 dakika ılımaya bırakıp vanilya ve kremayı ekleyerek mikserle çırpıyoruz."", ""Muhallebi hazırdır. Muhallebiyi kaselere doldurup biraz ılımasını bekliyoruz."", ""Bu esnada kivileri küp küp dilimliyoruz. Ardından jöleyi üzerinde yazan talimata göre sıcak su ile hazırlıyoruz."", ""Jöleyi de ilk sıcaklığı çıkana kadar karıştırıyoruz. Muhallebinin üzerine kivileri ardından jöleyi döküyoruz."", ""Oda sıcaklığına gelene kadar dışarı bekletip buzdolabına alıyoruz."", ""Buzdolabında da bir gün dinlendirdikten sonra yenmeye hazırdır. Afiyet olsun.""]"
a606bbed-5fe0-45ef-8d6d-3ae4a22953e8,Tam Buğday Bagel,Turkey,"Sağlıklı ve pratik tam buğday bageller, sadece 3 malzeme ile hazırlanır",Ana Yemek,"[""2-2,5 su bardağı tam buğday unu"", ""1 su bardağı yoğurt"", ""1 tatlı kaşığı kabartma tozu"", ""1 çay kaşığı tuz"", ""1 adet yumurta sarısı (üzeri için)""]","[""Tüm malzemeleri bir kaba koyup yoğurun. Hamuru 8 eşit parçaya bölün. Bir parça alarak ortasına parmağınızı sokup delik açın ve deliği genişletin."", ""Üzerlerine yumurta sarısı sürüp yulaf ezmesi serpin. 200 derece fırında altları ve üstleri kızarana kadar pişirin. Afiyet olsun.""]"
f19d9c95-3a1f-4c15-a117-733090e8f0bf,Soslu Salatalık,Turkey,"Taze salatalıkların ferahlatıcı lezzeti, kremsi beyaz peynir ve yoğurt sosuyla buluşuyor",Salata,"[""2 adet salatalık"", ""100 gram beyaz peynir"", ""100 gram süzme yoğurt"", ""1/2 çay bardağı ince çekilmiş ceviz içi"", ""1 çay kaşığı sebze çeşni""]","[""Kabuğunu soymadığınız körpe salatalıkların uç kısımlarını kesin."", ""Uzun ince şeritler halinde dilimleyin."", ""Sosu için; beyaz peyniri küçük bir kapta ezin. Süzme yoğurt, ince çekilmiş ceviz içi ve sebze çeşni ile karıştırın. Dereotunu incecik kıyın."", ""Ara öğünlerde sağlıklı bir atıştırmalık olarak tüketin. Yanında kalorisi düşük bir alternatifi olmayan sevdiklerinizle paylaşın.""]"
8a73b46c-edeb-405a-8cfc-d87aab4bd9e1,Zerdeçallı Dereotlu Poğaça,Turkey,"Zerdeçalın eşsiz aroması ve dereotun tazeliğiyle harmanlanmış, altın rengi lezzetli poğaça tarifi",Börek & Hamur İşi,"[""1 adet yumurta"", ""1 çay kaşığı zerdeçal"", ""1,5 çay kaşığı tuz"", ""2,5 su bardağı un"", ""1/2 çay bardağı sıvı yağ"", ""1 çay bardağı yoğurt""]","[""Bütün malzemeleri ekleyin, unu ise yavaş yavaş ekleyip, kıvam alana kadar yoğurmaya devam edin."", ""Yağlı kağıt serdiğiniz tepsinize, hamurunuzdan küçük parçalar alarak tepsiye yerleştirin."", ""Üzerlerine yumurta sarısı sürün. Kaşar peynirini bazılarının içine koyup, yuvarlayıp tekrar kapatın. Tepsiye yerleştirin."", ""180 derecede üzeri kızarana kadar pişirin. Afiyet olsun.""]"
6dd62c48-2d5b-4859-95ea-74a01890f93b,Çıtır Yufka Mantısı,Turkey,"Çıtır Yufka Mantısı, kıymalı harcı ve çıtır yufka tabakasıyla geleneksel lezzeti modern sunumla buluşturan pratik bir tarif",Börek & Hamur İşi,"[""4-5 yemek kaşığı sıvı yağ"", ""5-6 yemek kaşığı su"", ""250 gram kıyma"", ""1 adet kuru soğan (rendelenmiş)"", ""1 çay kaşığı tuz"", ""1 çay kaşığı karabiber"", ""2 adet yufka""]","[""Yufkaları üst üste serip bir su bardağı yardımıyla yuvarlaklar çıkarıyoruz."", ""Hazırladığımız yufkaları tezgaha alıp su ve yağ karışımından oluşan sosumuzu fırçayla sürüyoruz, üzerlerine birer yufka daha koyuyoruz."", ""İç harç için gerekli malzemeyi bir kasede yoğuruyoruz. Bir tatlı kaşığı kadar alıp yufkanın ortasına koyuyoruz ve yufkayı ikiye katlayıp kenarlarını iyice yapıştırıyoruz."", ""Yağlı kağıt serili tepsiye dizip 180 derece fırında kızarana kadar pişiriyoruz."", ""Servis için süzme yoğurt ve rendelediğimiz sarımsağı iyice karıştırıp kuru reyhan ekliyoruz. Servis tabağına yayıp üzerine çıtır mantıları yerleştiriyoruz."", ""Tereyağını kızdırıp kırmızı toz biber ekliyoruz ve kokusu çıkana kadar karıştırıyoruz."", ""Mantıların üzerine yağı gezdiriyoruz. Afiyet olsun.""]"
62c0561e-5038-4cd8-a6bd-4fb067766c3a,Mayalı Poğaça,Turkey,Yumuşacık mayalı poğaça tarifi ile kahvaltılarınıza lezzet katın. Kolay hazırlanan bu poğaçalar hem doyurucu hem de çok lezzetli,Börek & Hamur İşi,"[""3 su bardağı ılık süt"", ""3 adet yumurta"", ""1 su bardağı (bir parmak eksik) sıvı yağ"", ""3 silme yemek kaşığı şeker"", ""1,5 tatlı kaşığı tuz"", ""8 su bardağı un"", ""1 paket instant maya""]","[""Unun yarısını eliyoruz. İçine mayayı ve şekeri, tuzu ekliyoruz, sonrasında süt hariç tüm malzemeyi ekliyoruz."", ""Sütü azar azar eklerken unun diğer kısmını da ekleyip yoğuruyoruz."", ""Hamur 2 katına çıkana kadar üstüne streç film sarıp bekletiyoruz."", ""Dinlendikten sonra hamurdan parçalar alın. Biraz açın."", ""İç malzemeyi koyup, şekil yapıp tepsiye diziyoruz. 15 dakika daha bekletip fırına veriyoruz."", ""180 derece ısınmış fırında pişiriyoruz üstü ve altı kızarana dek. Afiyet olsun.""]"
9bf6fd4b-d982-42e0-976e-dae70b80cc3e,Çıtır Erişteli Köz Patlıcan Salatası,Turkey,Közlenmiş patlıcanların yoğurt ve çıtır erişteyle buluştuğu lezzetli ve pratik bir salata,Salata,"[""5 adet patlıcan"", ""2 yemek kaşığı zeytinyağı"", ""4 yemek kaşığı yoğurt"", ""1 çay kaşığı tuz""]","[""Öncelikle patlıcanlarımızı ocakta yada fırında yumuşayana kadar közlüyoruz. Soğuduktan sonra kabuklarını ayıklayıp patlıcanları çatal yardımı ile eziyoruz."", ""Tavaya zeytinyağımızı alıp ezilmiş sarımsakları 1 dakika kavurduktan sonra patlıcanlarımızı ve tuzu ekleyip 3 dakika sonra ocaktan alıyoruz. Soğuduktan sonra yoğurt ile karıştırıp servis tabağına alıy"", ""Başka bir tavada zeytinyağımızı ısıtıp erişteleri kızarana kadar kavuruyoruz. Toz kırmızı biberi de ekleyip ocaktan alıyoruz. Servis tabağında bulunan patlıcanlarımızın üzerine ekliyoruz.""]"
cbf5cf18-b947-42c3-9887-05b1ba60734c,Çilekli Cheesecake,Turkey,"Taze çilekler ve kremsi labne peyniriyle hazırlanan nefis cheesecake, yulaflı bisküvi tabanıyla mükemmel uyum sunuyor",Ana Yemek,"[""200 gram yulaflı bisküvi"", ""60 gram tereyağı"", ""600 gram labne peyniri"", ""400 mililitresıvı krema"", ""1 su bardağı şeker"", ""3 adet yumurta"", ""3 yemek kaşığı nişasta"", ""1 paket vanilin"", ""1/2 adet limonun suyu""]","[""Öncelikle 25 cm'lik kelepçeli kalıbımızın tabanına pişirme kağıdı yerleştirip kelepçesini kapatalım. Fazlalıklarını makas yardımı ile keselim."", ""Pişirme kağıdından uzun şeritler keselim. Kalıbın kenarlarına tereyağı sürerek pişirme kağıdını kalıba sabitleyelim. Alüminyum folyodan bir parça keselim ve kalıbımızın tabanını dışardan güzelce saral"", ""Tabanı için rondodan geçirilmiş bisküvinin üzerine eritilmiş tereyağını ekleyerek iyice karıştıralım."", ""Kalıbımızın tabanına tereyağlı bisküvi karışımını dökelim ve bastırarak güzelce yerleştirelim. Cheesecake tabanını kremasını hazırlayıncaya kadar yaklaşık 10-15 dakika boyunca buzdolabında bekletelim."", ""Kreması için derince bir kaba labne peyniri ve sıvı kremayı alarak mikserle çırpalım. Daha sonra içerisine şeker ekleyerek tekrar çırpalım. Yumurtayı ekleyerek çırpmaya devam edelim."", ""Nişasta, vanilya ve limon suyunu ekleyerek güzelce karışıncaya kadar çırpalım. Kalıbımızı fırın tepsisine yerleştirelim. Hazırladığımız kremayı kalıba aktaralım."", ""Fırın tepsisine ılık su dökerek cheesecake'imizi 180 derece önceden ısıtılmış fırında 10 dakika pişirelim. Daha sonra sıcaklığı 160 dereceye indirerek 50 dakika daha pişirmeye devam edelim."", ""Sürenin sonunda fırını kapatarak cheesecake'imizi 1 saat daha fırında bekletelim. Fırının kapağını kesinlikle açmayalım."", ""Bu sırada çilekli sosu için çileği uygun bir tencereye alalım. Üzerine şeker ve suyu ilave edelim. Suyun içerisinde çözdürdüğümüz nişastayı da ekleyerek karıştıralım."", ""Sosumuzu karıştırarak kaynayıp kıvam alıncaya kadar pişirelim. Hazırladığımız sosu fırından aldığımız ve soğuyan cheesecake'imizin üzerine gezdirelim."", ""Buzdolabında en az birkaç saat bekletelim. Afiyet olsun.""]"
cc661fba-0aaf-4e82-93bf-59086bdb0290,Ev Yapımı Hamburger,Turkey,"Ev yapımı hamburger mayalı hamuruyla hazırlanan, lezzetli ve doyurucu bir öğün",Ana Yemek,"[""1 paket kuru maya"", ""1 bardak süt"", ""1 çay kaşığı şeker"", ""1 çay kaşığı tuz"", ""1 aldığı kadarun (2 su bardağı)"", ""250 gram kıyma (dana döş etinden çekilmiş)"", ""1 çay kaşığı kimyon"", ""1 çay kaşığı tuz-karabiber"", ""1 adet orta boy soğan"", ""2 adet peynir"", ""2 adet kornişon salatalık turşusu"", ""1 adet büyük boy patates"", ""1 çay kaşığı (silme) 1 çay kaşığı karbonat""]","[""Önce hamurumuzu mayalandırmadan başlıyoruz. Kuru mayayı ılık süt ve şekeri katarak 10 dakika bekleyip aktif hale gelmesini sağlıyoruz."", ""Sonra tuzumuzu koyuyoruz ve unumuzu yavaş yavaş ekliyoruz. Ele yapışmayacak yumuşak bir hamur elde ediyoruz. Streç filme sarıp 30 dakika mayalandırıyoruz."", ""Köftemiz için soğanı rendeliyoruz, ekmek içini koyuyoruz. Baharatlarını koyup güzelce yoğuruyoruz büyük 2 parça köfte hazırlıyoruz."", ""Mayalanan hamurlarımızı 200 derece önceden ısıtılmış fırına 2 beze yaparak üstlerini hafif bastırılmış şekilde veriyoruz."", ""Pişen hamurları ortadan ikiye bölüp içine marul, turşu, köfte, ketçap, mayonez ve peynirimizi koyup yanında patates kızartması ile servis ediyoruz.""]"
819d0676-8683-4f93-b2d6-ebe35c9b5942,Mini Pizza,Turkey,Evde kolayca hazırlayabileceğiniz lezzetli mini pizza tarifi,Ana Yemek,"[""2 su bardağı ılık su"", ""2 yemek kaşığı yoğurt"", ""1 tatlı kaşığı kuru maya"", ""1 tatlı kaşığı toz şeker"", ""1 tatlı kaşığı tuz"", ""2 yemek kaşığı zeytinyağı"", ""4,5 - 5 su bardağı un""]","[""Hamur için; su,seker ve mayayı karıştırın. 3-4 dakika sonra yoğurt ve yağı ilave edin."", ""Azar azar un da ekleyip yoğurun."", ""Mayalanması için en az 30 dakika kadar üzeri kapalı bir şekilde dinlenmeye bırakın."", ""Hamurdan küçük bezeler alın,elinizle içine bastırın."", ""Kenarları yüksekte kalacak şekilde şekillendirin.İçine çatalla çentikler atın."", ""İç kısmına ketçap sürüp kekik serpin. Sırayla bütün malzemeleri düzgünce dizin."", ""Önceden ısıtılmış 190 derecelik fırında hamurun kenarları kızarana yaklaşık 20-25 dakika kadar pişirin.Ardından çıkarıp sıcak sıcak servis edin. Afiyetler olsun!""]"
ea1d8ac5-c6b1-4630-a967-0b25e1a8ffec,Sütlü Mini Bazlama,Turkey,"Yumuşacık ve lezzetli sütlü mini bazlamalar, misafirlerinize ikram etmek için ideal bir atıştırmalık",Ana Yemek,"[""3-3,5 su bardağı un"", ""1 su bardağı ılık süt"", ""1 tatlı kaşığı maya"", ""1 tatlı kaşığı tuz"", ""1 tatlı kaşığı toz şeker"", ""1 yemek kaşığı sıvı yağ (Hamuru top arlamak için)""]","[""Su, süt, maya ve şeker karıştırma kabına alınır. Karıştırılır."", ""Un, tuz ilave edilir ve yoğurulur. Unu kontrollü ekleyin. Orta yumuşak kıvamda bir hamur elde edilir."", ""Son olarak elimize yağ alarak hamur toparlanır ve kapağı kapatılarak veya streçlenerek mayalanmaya bırakılır."", ""Yarım saat sonra hamur, un serpiştirilmiş tezgaha alınır ve 8 eşit parçaya ayrılır."", ""Hepsi yuvarlanarak bezeler elde edilir ve temiz bir bezle üzeri örtülür. 10-15 dakika dinlenmeye bırakılır."", ""Sonrasında içi boş olanlara hafifçe bastırarak küçük pasta tabağı boyutunda genişletilir. Unları hafif çırpılır. Biraz kalın bırakılır."", ""Peynir ve maydanoz karıştırılarak harç yapılır. Diğer 4 beze oklava veya merdane yardımıyla yemek tabağı boyutunda açılır."", ""Yarısına iç harçtan konulup yarım ay şeklinde kapatılır ve açılmaması için bir rulet yardımıyla kesilir."", ""Isıtılmış teflon tavada ara ara çevrilerek arkalı önlü pişirilir. Sıcakken tereyağı sürüp servis yapılır. Afiyet olsun.""]"
def2ea97-0c60-47ec-a3cc-83bcf3902cd2,Kütük Pasta,Turkey,"Yumuşacık dokusuyla damakları şenlendiren klasik kütük pasta, özel günlerin vazgeçilmezi",Tatlı,"[""5 adet yumurta"", ""1/2 su bardağı şeker"", ""2 yemek kaşığı nişasta"", ""1 büyük su bardağı un"", ""1 paket vanilya"", ""1 paket kabartma tozu"", ""50 gram margarin"", ""2 yemek kaşığı kakao""]","[""5 yumurtayı yarım su bardağı şeker ile köpürtene kadar mikser ile çırpalım. Karışım beyazlaştığında 1 su bardağı unu, nişastayı, vanilyayı, kabartma tozunu ve kakaoyu elekten geçirerek ekleyelim. 50 g"", ""Kek karışımını büyük bir fırın tepsisinde yağlı kağıdına yayalım. 180 derece fırında 25 dakika pişirelim. Kürdan yardımı ile piştiğini kontrol edelim."", ""2,5 su bardağı sütü tencereye ocağa alalım.yarım su bardağı şekeri ekleyelim. 150 gram yağı da ekleyelim ve kaynamaya bırakalım."", ""Ayrı bir kapta 3 yemek kaşığı nişastayı ve yarım su bardağı şekeri kuru bir halde harmanlayalım pütürsüz hale gelene kadar. 2 yumurtayı bu kaba ekleyelim ve beyaz köpük haline gelene kadar çırpalım. K"", ""2 ayrı eşit kaba bu kremayı bölelim. Kremanın bir kısmına sıcak iken 50 gram pul bitter çikolatan ekleyelim eritelim ve soğumaya bırakalım. Bu kütük pastamızın dış kreması olacak."", ""Bu karışımın içerisine ocakta kaynayan süt karışımından 1 su bardağı alalım ve yumurtalı karışıma ekleyelip temperleme işlemini yapalım. Kaynayan tencerenin içine çırparak ekleyelim. Koyulaşıp krema h"", ""Gelelim diğer kaba ayırdığımız krema ganaj işlemine. Ben değişik bir yöntem kullanıyorum bu işlemde: Şöyle ki kremamı tezgaha alıyorum ve soğuk kremayı, toz krem şantiyle birlikte tezgahta ezerek pütü""]"
e883fa15-aeb1-4479-b7e1-df53f882bc8b,Pizza Kraker,Turkey,"Lezzetli ve sağlıklı pizza krakerler, tam buğday unuyla hazırlanan pratik bir atıştırmalık",Ana Yemek,"[""1,5 su bardağı tam buğday unu"", ""1 adet yumurta"", ""1/2 çay kaşığı zeytinyağı"", ""1 tatlı kaşığı salça"", ""1 tatlı kaşığı sirke"", ""1 tatlı kaşığı bal"", ""1 tatlı kaşığı tuz"", ""1/2 paket kabartma tozu"", ""1 çay kaşığı pul biber"", ""1 çay kaşığı karabiber"", ""1 çay kaşığı kimyon"", ""1 çay kaşığı nane"", ""1 çay kaşığı kekik""]","[""Geniş bir kapta yumurta, zeytinyağı, salça, sirke, balı güzelce karıştıralım."", ""Sonra içerisine kalan katı malzemeleri de ekleyip, yaklaşık 5 dakika malzemeri iyice yedirerek yoğuralım."", ""Hamurumuzu 15-20 dakika dinlendirelim."", ""Dinlemiş hamuru iki yağlı kağıt arasına koyup, merdane yardımıyla yarım santim kalınlığında açalım."", ""İnce uzun şeritler keselim."", ""Yine bıçakla şeritlerden küçük küçük üçgenler keselim."", ""Ardından bir pipetle ortalarına delik açalım."", ""180 derecelik fırında yaklaşık 15-20 dakika kontrollü bir şekilde pişirelim.""]"
d8fab87b-13e5-4d30-956f-43214f4416ba,Çilekli Çikolatalı Kurabiye,Turkey,"Lezzetli çilek parçacıkları ve çikolata ile harmanlanmış, çıtır kıvamında ev yapımı kurabiye tarifi",Tatlı,"[""1 adet yumurta"", ""1 çay bardağı esmer şeker"", ""1/2 çay bardağı toz şeker"", ""1 paket vanilya"", ""125 gram eritilmiş tereyağı"", ""1,5-2 su bardağı un (200 ml bardak ölçüsüyle)"", ""1 tatlı kaşığı kabartma tozu"", ""1 çay bardağı damla çikolata"", ""6-7 adet çilek""]","[""Yumurta, şeker ve vanilyayı mikserle iyice çırpıyoruz. Üzerine tereyağı ekleyip karıştırıyoruz. Un ve kabartma tozunu da ilave edip tekrar karıştırıyoruz."", ""Damla çikolatayı da spatula yardımıyla hamura karıştırıyoruz."", ""Yıkayıp kuruladıktan sonra küçük küplere kestiğimiz çileklere biraz un serpip, onları da hamura ekleyip, ezmeyecek şekilde hafifçe tekrar karıştırıyoruz."", ""Kurabiyeleri yağlı kağıt serilmiş tepsiye aralıklı olarak, elimizle hafifçe yuvarlayarak yerleştiriyoruz."", ""Önceden 170 dereceye ısıtılmış fırında, rengi çok değişmeyecek, içi nemli kalacak şekilde pişiriyoruz. (Dilerseniz fırındayken, çatlamaya başladıktan sonra üstlerine hafifçe bastırabilirsiniz) Afiyet""]"
b73f4e1a-ac2b-45cf-bf93-1d9511201a28,Yulaf Kepekli Krep,Turkey,"Sağlıklı ve besleyici yulaf kepekli krep, kahvaltılar için ideal bir seçenek",Ana Yemek,"[""2 yemek kaşığı yulaf kepeği"", ""1 adet yumurta"", ""1 yemek kaşığı yoğurt"", ""1 tatlı kaşığı kabartma tozu""]","[""Öncelikle yoğurt ve yumurtayı karıştırıp çırpın."", ""Ayrı bir yerde yulaf kepeği ile kabartma tozunu karıştırın."", ""Sonra bu iki karışımı birbiriyle homojen bir hal alana kadar karıştırın."", ""Kızmış tavada iki tarafını da pişirin. Afiyet olsun.""]"
8ab5378b-5987-4b5e-8b07-51cff59deaad,Tavuklu Göbek Salata,Turkey,Tavuk göğsü ve taze göbek marul ile hazırlanan hafif ve lezzetli salata,Salata,"[""2 adet tavuk göğsü"", ""1 adet büyük boy göbek marul"", ""8-10 adet kornişon turşu"", ""500 gram süzme yoğurt"", ""3 yemek kaşığı ceviz içi"", ""2 yemek kaşığı tereyağı"", ""1 tatlı kaşığı toz kırmızı biber""]","[""Tavuk göğsünü tuzlu suda haşlayalım."", ""Pişen tavukları iri iri didikleyelim, tel tel olsunlar. Göbeği dörde bölelim ve suda biraz bekletip yıkayalım."", ""Suyunu süzelim ve ince ince doğrayalım."", ""Kornişon turşuyu küp küp doğrayalım, dereotunu ince ince kıyalım."", ""Süzme yoğurt ve tuzu karıştıralım. Bütün malzemeleri ekleyerek karıştıralım."", ""Diğer bir yandan sos tavasına 2 yemek kaşığı tereyağı alınır ve eritilir kırmızı toz biber ve cevizler de eklenerek biraz sotelenip servis tabaklarına aldığımız salataların üzerine birer yemek kaşığı""]"
d04536da-e8e6-44a0-832e-fddef8d2d310,Tarçınlı Kek,Turkey,"Mis gibi tarçınlı, yumuşacık dokulu kek tarifi. Kolay hazırlanışı ve muhteşem lezzetiyle favoriniz olacak",Tatlı,"[""3 adet yumurta"", ""3/4 su bardağı toz şeker"", ""3/4 su bardağı ayçiçek yağı"", ""1/2 su bardağı süt"", ""3/4 su bardağı ceviz içi"", ""2,5 su bardağı un"", ""1 paket kabartma tozu"", ""1 tatlı kaşığı tarçın""]","[""Yumurtaları derin bir karıştırma kabına kırın. Toz şeker ekleyip mikser yardımıyla, yüksek devirde beyaza yakın bir renk alana kadar karıştırın."", ""Ayçiçek yağı ve sütü katıp karıştırma işlemini sürdürün. Ayıklanmış ceviz içlerini küçük parçalar halinde kırın."", ""Elenmiş un, kabartma tozu ve tarçın karışımını sıvı malzemelere azar azar ilave edip kıvam alana kadar karıştırma işlemini sürdürün."", ""Son olarak hafifçe unlanmış ceviz içlerini katıp kek harcını bir spatula yardımıyla hafifçe karıştırın."", ""Dilimli kek kalıbı ya da ısıya dayanıklı fırın tepsisini oda sıcaklığında bekleyen tereyağıyla yağlayıp hafifçe unlayın. Hazırladığınız kek harcını döküp üzerini düzeltin."", ""Önceden ısıtılmış 170 derece fırında, kontrollü olarak 40-45 dakika pişirin. Fırından çıkardığınız keki oda ısısında dinlendirdikten sonra kalıbından ters çevirerek çıkartın. Üzerine kakao eleyip tarç""]"
977e9326-a236-4e65-a59f-4f5b9c3b8654,Havuç Kabak Tarator,Turkey,"Taze sebzeler ve yoğurtun ferahlatıcı buluşumu, yaz aylarının vazgeçilmez mezesi",Sebze Yemekleri,"[""2 adet kabak"", ""3 adet havuç"", ""4 su bardağı yoğurt"", ""2 yemek kaşığı mayonez"", ""1 tatlı kaşığı tuz"", ""3 yemek kaşığı zeytinyağ""]","[""Bir tavada zeytinyağda, rendelenmiş kabak ve havuçları kavuruyoruz."", ""Sarımsak ve tuzumuzu ekleyip iyice yumuşak olana kadar pişiriyoruz."", ""Karışımı bir kaseye alıp soğumasını bekliyoruz."", ""Ceviz, yoğurt ve mayonezi ekleyip en sona üstüne zeytinyağıyla servis edebiliriz.""]"
ed82dbe9-80eb-4d0b-8221-56c790dc8618,Tahinli Portakallı Kış Keki,Turkey,"Portakalın tazeliği ve tahinin zengin lezzetiyle birleşen bu kış keki, ısıran herkesi büyüleyecek",Tatlı,"[""2 adet yumurta"", ""3/4 su bardağı toz şeker"", ""1/2 su bardağı yoğurt"", ""1/2 su bardağı tahin"", ""1 adet orta boy portakalın suyu ve kabuğunun rendesi"", ""1 paket kabartma tozu"", ""1 silme çay kaşığı karbonat"", ""2-3 su bardağı un"", ""1 tatlı kaşığı tereyağı"", ""3 yemek kaşığı susam""]","[""Karıştırma kabına yumurtaları ve şekeri al. Mikserle kremamsı bir kıvam alana kadar çırp. Bu noktada şeker ve yumurta birbiriyle özdeşleşmeli."", ""Yoğurt, tahin ve portakal suyunu karışıma ekleyip mikserle çırpmaya devam et."", ""Portakal kabuğu rendesi, un, kabartma tozu ve karbonatı da ekle. Yine mikserle çırp. Kıvamı çok katı olmasın."", ""Tereyağını baton kalıbın her yerine sür. Susamı kalıba dök ve onun da kalıbın her yerine gelmesini sağla."", ""Kek harcını kalıba döküp doğruca 180 derece önceden ısıtılmış fırına ver. Kürdan testiyle keki fırından al. Afiyet olsun.""]"
9d95ad8b-a16f-4989-bedd-801fdad9efd1,Fırında Sebze Türlüsü,Turkey,Fırında harmanlanmış sebzelerin muhteşem lezzetiyle sağlıklı ve doyurucu bir ana yemek,Sebze Yemekleri,"[""3 adet patlıcan (ince dilim lenmiş)"", ""2 adet kırmızı soğan (yuvarlak, ince dilim lenmiş)"", ""3 adet kabak (ince dilim lenmiş)"", ""4 adet domates (yuvarlak, ince dilim lenmiş)""]","[""İnce dilimlenmiş patlıcanları tuzlu suda bekletip, acısını çıkarın."", ""Diğer sebzeleri de yuvarlak ve ince olacak şekilde doğrayın."", ""Yuvarlak, fırına dayanıklı bir kabın içerisine sırasıyla patlıcan, kırmızı soğan, kabak ve domates olacak şekilde tüm sebzeleri dizin."", ""Tüm sebzeleri dizdikten sonra üzerine taze kekik dallarından serpiştirin."", ""Bir kasede su, zeytinyağı, tuz, sarımsak, pul biber, karabiber, taze kekik yaprakları, taze reyhan ve balzamik sirkeyi ekleyip karıştırın."", ""Hazırladığınız sosu, fırın kabına dizdiğiniz sebzelerin her yerine gelecek şekilde üzerine gezdirin."", ""Önceden ısıtılmış 180 derece fırında, 30 dakika kadar pişirin ve sıcak olarak servis edin.""]"
8c233ce4-9d9b-4cb0-849b-00453edd7f4a,Tavada Elmalı Kek,Turkey,"Tavada pratik şekilde hazırlanan, elmalı ve pekmezlı lezzetli bir kek tarifi",Tatlı,"[""3 adet orta boy elma"", ""2 adet yumurta"", ""1 çay bardağı pekmez"", ""1/2 su bardağı süt"", ""1/4 su bardağı sıvı yağ"", ""1 çay kaşığı kabartma tozu"", ""1 çay kaşığı tarçın"", ""6-7 adet ceviz (iri doğranmış)"", ""1,5 su bardağı tam buğday unu""]","[""Elmaları soyup dilimliyoruz. Kullanacağımız tavanın tabanını yağlayıp bir tatlı kaşığı şeker ile kaplıyoruz."", ""Elmaları diziyoruz ve ardından kek için olan tüm malzemeleri çırpıp dizdiğimiz elmaların üzerine harcı döküyoruz."", ""Kısık ateşte 25-30 dakika kontrollü pişiriyoruz."", ""aha sonra bir tabak yardımıyla çevirip diğer tarafını da 10-15 dakika kadar pişiriyoruz."", ""Ocaktan aldıktan sonra biraz soğumasını bekleyip dilimliyoruz. Üzerine pudra şekeri dökerek servis edebilirsiniz. Afiyet olsun.""]"
ccc73697-0833-4cc9-93bc-f51dab18ba8f,Fırın Sütlaç,Turkey,Fırında kızaran muhteşem kabuklu ve altı pütürlü sütlaç tarifi,Tatlı,"[""1 litre süt"", ""1/2 su bardağı pirinç"", ""2 su bardağı su"", ""1 su bardağı toz şeker"", ""2 yemek kaşığı buğday nişastası"", ""2 paket vanilya""]","[""Pirinci yıkayıp suyla pişirelim. İçine 4 su bardağı sütü, toz şekeri ve vanilyayı katıp, ara ara karıştırıp kaynatalım."", ""Kalan 1 su bardağı süte 2 yemek kaşığı buğday nişastası katıp karıştıralım."", ""Nişastalı karışımı sütlacımıza ilave edelim, karıştıralım ve 10 dakika kaynatıp ocağın altını söndürelim."", ""Sütlacı fırın kaplarına paylaştıralım, üstleri karamelize olana kadar, kontrollü bir şekilde fırına verelim. Afiyet olsun.""]"
bbc4b8d9-5329-4af5-b0f7-679136cfbb2e,Peynir Dolgulu Vişneli Rulo Pasta,Turkey,"Taze vişneler ve kremsi peynir dolgusuyla hazırlanan bu rulo pasta, çay saatlerinizin vazgeçilmezi olacak",Tatlı,"[""5 adet küçük boy yumurta (oda sıcaklığında)"", ""5 yemek kaşığı toz şeker"", ""5 yemek kaşığı un"", ""1 paket kabartma tozu"", ""1 paket vanilin"", ""1 çay kaşığı karbonat""]","[""Peynir ezilir, tuz, tarçın, pudra şekeri eklenip iyice karıştırılır."", ""Soğuk krema eklenir ve iyice karıştırılır. Buzdolabına kaldırılır."", ""Keki için; oda sıcaklığındaki yumurta, tuz ve şeker çırpma kabına alınır, köpük köpük olana ve iki katına çıkana kadar yaklaşık 10 dakika kadar yüksek devirde çırpılır."", ""Ayrı bir kapta kurular elenir. Kurular, yumurtalı karışıma ikinci kere eleyerek eklenir ve spatula ile alttan üste katlama hareketleriyle yedirilir."", ""Dikdörtgen fırın tepsinine yağlı kağıt serilir ve harç eşit kalınlıkta yayılır. Yere vurulurak içindeki hava çıkartılır. Önceden ısıtılmış ama çok sıcak olmayan fırına konulur."", ""Derecesi 170 olmalı, yaklaşık 30 dakika pişirilir. İlk sıcağı çıkınca hafif nemli temiz bir bezle rulo yapılır ve bu şekilde ılınmaya bırakılır."", ""Ilınınca bezden ayırıp aldığı şekli ile soğumaya bırakılır. Kenar kısımları çok tırtıklıysa bıçakla kesilerek düz bir hale getirilir."", ""İç harç sürülür ve vişneler sık sık yerleştirilir. Rulo yapılır, üzerine pudra şekeri serpilerek servis edilir. Afiyet olsun.""]"
d1197e5e-10e9-4f52-8de2-592f613db085,Kırmızı Kadife Pankek,Turkey,"Kırmızı kadife pankek, lezzetli kakao aroması ve yumuşak dokusuyla kahvaltıların vazgeçilmezi olacak",Tatlı,"[""1,5 su bardağı un"", ""3 yemek kaşığı pudra şekeri"", ""2 çay kaşığı kakao"", ""1 paket vanilin"", ""1 çay kaşığı kabartma tozu"", ""1,5 su bardağı süt"", ""1 adet yumurta"", ""2 yemek kaşığı sıvı yağ"", ""2 çay kaşığı kırmızı gıda boyası (sıvı)""]","[""Derin bir kaseye un, pudra şekeri, kakao, vanilin ve kabartma tozunu eleyerek koyun."", ""Üzerine süt, yumurta ve sıvı yağı da ekleyip pürüzsüz olana kadar karıştırın."", ""Son olarak gıda boyasını da ekleyip karıştırın."", ""Harcı 10 dakika dinlendirin."", ""Sos için labne ve pudra şekerini çırpın ve buzdolabında dinlendirin."", ""Pancake'leri pişirmek için yapışma bir tavayı orta sıcaklıkta ısıtın ve hafifçe yağlayın. Harçtan azar azar alıp tavaya koyun ve yuvarlak formda pancake'leri önlü arkalı pişirin."", ""Pişen pancake'leri üst üste koyun."", ""Üstlerine labneli kremayı da koyup, doğranmış çilek ve pudra şekeri ile süsleyip servis edin.""]"
d1e24673-cceb-496b-879a-aab652444398,Yoğurtlu Patates Salatası,Turkey,"Lezzetli ve doyurucu yoğurtlu patates salatası, pratik ve ferahlatıcı bir tarif",Salata,"[""4 -5 adet patates"", ""1 adet havuç"", ""3 yemek kaşığı sıvı yağ"", ""1 tatlı kaşığı tuz"", ""1/2 çay kaşığı karabiber""]","[""Patatesleri soyup yıkadıktan sonra 2-3 parçaya bölelim. Üzerini geçecek kadar su ekledikten sonra tuzunu ekleyip ocağa alalım ve pişirelim."", ""Piştikten sonra suyunu süzelim ve bir ezici yardımıyla ezelim. Malzemeleri ekleyip karıştıralım. Daha sonra çember kalıba alıp bastırarak üzerini düzleyelim ve dinlenmesi için buzdolabına alalım."", ""Bu sırada üzeri için yoğurdu hazırlayalım; ben süzme yoğurt kullandım normal yoğurtla da yapabilirsiniz."", ""Üzerine kırmızı biberli yağ yakarak yoğurdun üzerine gezdirerek servis edebilirsiniz, bu şekilde de çok güzel olacaktır.""]"
3fba3211-1a8d-422e-98e8-0ccc0eddccb3,Zeytinyağlı Havuçlu Bakla,Turkey,"Baharın lezzetli yemeği zeytinyağlı havuçlu bakla, taze malzemelerle hazırlanan hafif ve sağlıklı bir zeytinyağlı yemek",Meze,"[""1/2 kilogram bakla"", ""2 adet soğan"", ""1 adet havuç"", ""1/2 çay bardağı zeytinyağı"", ""1,5 tatlı kaşığı tuz"", ""1 adet küp şeker"", ""1/2 su bardağı su"", ""1/2 adet limonun suyu""]","[""Baklalar ayıklayıp yıkanır ve doğranır. Kararması için limonlu suda bekletilir."", ""Soğan, havuç küp küp, sarımsaklar jülyen doğranır."", ""Tencereye zeytinyağı konulur. Soğan ve sarımsaklar pembeleşene kadar kavrulur."", ""Havuçlar da biraz kavrulur ve baklalar da konulup 2 tur çevrilir."", ""Üzerine tuz, şeker, limon suyu, ve su da eklenip kısık ateşte pişirilir."", ""Ocaktan alıp servis kasesine alınır. Dereotu ile servis yapılır.""]"
21c76992-eefe-48a3-a7b8-cb65a9bdac3b,Izgara Kuzu Pirzola,Turkey,"Mangalın keyfini çıkaracağınız, lezzetli kuzu pirzola ve kemer patlıcanla hazırlanan özel bir tarif",Et Yemekleri,"[""280 gram kuzu pirzola"", ""120 gram kemer patlıcan"", ""1 gram dolmalık fıstık"", ""80 gram kokteyl domates"", ""50 gram demi glace sos"", ""50 gram yufka"", ""60 gram sarımsak"", ""100 gram önceden pişirilmiş kuzu kol eti"", ""3 gram deniz tuzu"", ""2 gram taze çekilmiş tane karabiber"", ""3 gram ayçiçek yağı""]","[""Kemer patlıcanı közde pişirin, kabuklarını alıp kararmaması için ayçiçek yağında bekletin."", ""Dolmalık fıstığı, önceden ısıtılmış 180 derece fırında 3 dakika kadar kavurun. Sarımsağın üzerine zeytinyağı ve tuzu ekleyip önceden ısıtılmış 170 derece fırında 40 dakika pişirin."", ""Kokteyl domatesleri, az yağda kabukları atıncaya kadar kızartın."", ""Kuzu pirzolayı dört kalem olacak şekilde kesin, ızgarada ters yüz edip çevirerek pişirin."", ""Fırında uzun sürede pişen kuzu kol etini ince uzun parçalar halinde dittikten sonra tuz ve karabiberle çeşnilendirin. Üçgen şeklinde kesilmiş yufkaya sigara böreği şeklinde sardıktan sonra ızgarada pi"", ""Dolmalık fıstıklı közlenmiş patlıcanı servis tabağına alın, üzerine zeytinyağı gezdirin, biberiye parçaları ekleyin."", ""Izgara kuzu pirzolaları servis tabağına aldıktan sonra üzerlerine sıcak demi glace sos gezdirin, biberiye parçaları ekleyin. Fırınlanmış sarımsak ve kuzu kol etiyle doldurulmuş ızgara böreği eşliğinde""]"
2d5d4e72-42d7-4209-9f5f-ab15002eb627,Siyez Unlu Sarımsaklı Ekmek,Turkey,"Sağlıklı ve lezzetli siyez unu ile hazırlanan, sarımsak aromalı nefis bir ekmek tarifi",Börek & Hamur İşi,"[""1 su bardağı siyez unu"", ""1 su bardağı tam buğday unu"", ""3 yemek kaşığı zeytinyağı"", ""1 tatlı kaşığı kuru maya"", ""1 çay bardağı ılık süt"", ""1 adet yumurta"", ""1 tatlı kaşığı şeker""]","[""İlk olarak ılık süt, yumurta, zeytinyağı, maya, şeker ve tuzu derin bir kapta karıştırıyoruz. Daha sonra unu kontrollü şekilde ekliyoruz."", ""Kıvamı sert olmayacak yumuşak bir hamur olmalı. Üzerini streç film ile sarıp 1 saat mayalanmaya bırakıyoruz. Mayalanma sonrasında merdane yardımı ile hamurumuzu açıyoruz."", ""Sos için ezilmiş sarımsak yağ, kekik ve kıyılmış maydanozları karıştırıyoruz. Açtığımız hamuru tepsiye alıp üzerine sosu sürüyoruz. Bıçak yardımıyla kare kare kesiyoruz ve üzerine kaşar peyniri ekliyo"", ""Yarım saat kadar da tavada mayalanmaya bırakıyoruz, ardından 15 20 dakika arası fırında pişiriyoruz.""]"
6a5761b0-a934-4e9b-8c95-d7126331150d,Mütebbel,Turkey,"Orta Doğu mutfağının lezzetli mezelerinden mütebbel, közlenmiş patlıcanın tahin ve yoğurtla harmanlanmış enfes bir kombinasyonudur",Ana Yemek,"[""2 adet büyük boy patlıcan"", ""5 yemek kaşığı tahin"", ""3 yemek kaşığı süzme yoğurt"", ""1/2 çay kaşığı tuz"", ""1/2 çay kaşığı karabiber"", ""2-3 yemek kaşığı zeytinyağı"", ""1/2 adet limonun suyu""]","[""Patlıcanları közleyip soyuyoruz."", ""Patlıcan ve geriye kalan tüm malzemeyi rondoya koyup pürüzsüz kıvam alana kadar çekiyoruz."", ""Mütebbelimizi tabağa alıp üzerini nohut, maydanoz, turşu ile süsleyebilirsiniz."", ""En son zeytinyağı döküp yiyebilirsiniz, afiyet olsun.""]"
e1e1833b-6689-485c-adaf-72fe66c812bc,Beyaz Çikolatalı Brownie Rüyası,Turkey,"Beyaz çikolata parçacıklarıyla zenginleştirilmiş, damaklarda unutulmaz bir tat bırakan bitter çikolatalı brownie",Tatlı,"[""90 gram tereyağı (eritilmiş)"", ""250 gram bitter kuvertür çikolata"", ""150 gram toz şeker"", ""3 adet yumurta"", ""1 çay kaşığı vanilya"", ""140 gram un""]","[""Sos tenceresinde tereyağını erittikten sonra bitter çikolataları ilave edin ve eriyene kadar karıştırın."", ""Ayrı bir kapta yumurta, toz şeker ve vanilyayı kremamsı bir kıvam alana kadar iyice çırpın."", ""Yumurtalı karışımın içerisine çikolata ve tereyağı karışımını azar azar ekleyin ve karıştırın."", ""Karışıma un ve tuzu da ekleyin. Karıştırmaya devam edin."", ""Pişireceğiniz kalıbı tereyağı ile yağlayın ve yağlanmış kalıbın üzerine pişirme kağıdı yerleştirin."", ""Karışımın yarısını kalıba dökün ve üstüne beyaz çikolataları ekleyin."", ""Kalan brownie harcını da beyaz çikolataların üzerine dökün ve bir spatula yardımıyla üstünü düzeltin."", ""Önceden ısıtılmış 150 derece fırında 28 dakika pişirin. Afiyet olsun.""]"
5a9c58c2-3127-418a-820f-8fddb8543424,Cheesecake Tadında Mug,Turkey,"Pratik ve lezzetli cheesecake tadında mug tatlısı, sadece 5 adımda hazır",Ana Yemek,"[""1/2 paket krema"", ""3 yemek kaşığı labne"", ""Etimek Tatlısı Tarifi"", ""Damla Çikolatalı Kurabiye"", ""Tatlı Tarifleri Spoonful Mozaik Pasta Çikolatalı Sufle İrmik Helvası Fırın Sütlaç Profiterol Revani Magnolia"", ""Kahvaltılık Tarifler Pancake Krep Pişi Kuymak Kaygana Kahvaltılık Sos Menemen Muhlama Yumurtalı Ekmek Omlet"", ""Omlet""]","[""Ben böğürtlen kullandım. Böğürtleni çatalla ezdim posa ve suyu kalacak şekilde."", ""Ayrı bir kapta krema ve labneyi karıştırdım, bu esnada arzu ederseniz bal ekleyebilirsiniz 1 tatlı kaşığı kadar ."", ""Seçtiğiniz bir muga alt tarafına yarım dolduracak şekilde meyveleri koyuyoruz."", ""Son olarak labne bal ve kremayı ekliyoruz."", ""Buzlukta 20 dakika bekletin ve üstünü süsleyin.""]"
07d7f9c1-f431-4e4a-9680-97f79e57bba3,Tahinli Susamlı Kurabiye,Turkey,"Tahin ve susamın muhteşem uyumunu bir araya getiren, çıtır çıtır kurabiye tarifi",Tatlı,"[""1 adet yumurta sarısı (akını üzerine sürmek için ayırın)"", ""1 su bardağı tahin"", ""1 su bardağı sıvı yağ"", ""1 yemek kaşığı tereyağı"", ""1 paket vanilin"", ""3,5 su bardağı ceviz (kıyılmış)"", ""1 yemek kaşığı susam"", ""4 su bardağı un""]","[""Yumurta, sıvı yağ, eritilmiş tereyağını, tahini, pudra şekerini yoğurma kabına alıp karıştırın."", ""Unu, vanilini ekleyip karıştırın en son kırılmış cevizleri ekleyin. Sert bir hamur olmamalı en fazla 4 su bardagı un kullanılmalı. Unu fazla gelirse yapısı dağılan bir hamur elde edersiniz, şekil verm"", ""Bir tabağa yumurta akı başka bir tabağa susam koyun. Ceviz büyüklüğünde hamur alıp yuvarlayın. Önce yumurta akına batırıp daha sonra susama batırıp yağlı kağıt serili tepsiye dizin."", ""Önceden ısıtılmış 180 derece al-üst fırında üzeri kızarıp kurabiyeler çatlayıncaya kadar pişirin. Fırından fırına göre süre değiştiği için kontrollü pişirmeniz gerekir. Afiyet olsun!""]"
8542bd27-97f5-473e-9ad4-a96b4418d18a,Amasra Salatası,Turkey,"Karadeniz'in ferhat lezzeti Amasra Salatası, taze sebzelerle hazırlanan hafif ve sağlıklı bir meze",Salata,"[""1 adet salatalık"", ""3 adet cherry domates"", ""1 adet havuç"", ""2 adet yeşil biber"", ""1/2 adet turp""]","[""Tüm yeşillikleri güzelce yıkayın. Hepsini ayrı ayrı doğrayın ve derince bir kaba alın."", ""Turplardan bir kalıp yardımıyla şekiller çıkarın ya da kalıbınız yoksa bıçakla sebzeleri şekillendirin. Salatalıkları verev, havuçları halka, domatesleri çeyrekler halinde kesin."", ""Kırmızı lahanaların üzerine sos malzemelerini ekleyin ve karıştırın."", ""Yeşilliklerin üzerine önce lahanaları, daha sonra sebzeleri ekleyin. Amasra salatası hazır. Afiyet olsun!""]"
3212126f-c516-46b6-97c0-7d91e1466c23,Pudra Şekerli Pişi,Turkey,"Hafif ve lezzetli pudra şekeriyle süslenmiş pişi tarifi, çay saatleri için ideal bir atıştırmalık",Ana Yemek,"[""1 adet yumurta"", ""1/2 çay bardağı sıvı yağ"", ""1 bardak süt"", ""1/2 bardak ılık su"", ""1 yemek kaşığı maya"", ""1 çay kaşığı tuz"", ""2 yemek kaşığı pudra şekeri"", ""3 bardak un""]","[""Süt, su, tuz, şeker ve mayayı bir kaba alıp karıştırın. 5 dakika bekleyin. Yağ ve yumurtayı ekleyip tekrar karıştırın. Ardından biraz un ekleyin ve karıştırın.Yumuşak, yapışmaz bir hamur yoğurun. Hamu"", ""Hamuru çok ince olmayacak şekilde merdane ile açın.Bardak yardımıyla halkalar halinde kesin. Bir şişe kapağı veya başka bir nesne ile ortasından küçük bir daire açın. Halkaların üzerin kapatın ve 10-1"", ""Yağı ısıtın ve pişileri ekleyin. Yağın yanmaması için ocağın seviyesini yükseltmeyin. Yağ yanarsa, donutlarınızın (pişi) rengi de koyu olacak veya yanacaktır. Pişip soğuduktan sonra pudra şekerini ekl""]"
847612c5-fc97-48bf-8cf3-14190a388eee,Lavantalı Muhallebi,Turkey,"Nefis lavanta aromalı muhallebi, ferahlatıcı lezzetiyle damakları şenlendirir",Tatlı,"[""2 litre süt"", ""200 gram toz şeker"", ""140 gram pirinç unu"", ""100 gram beyaz çikolata"", ""200 ml krema"", ""1 yemek kaşığı lavanta tohumu""]","[""Süt, krema, pirinç unu ve toz şekeri bir tencereye alıp iyice karıştırın. Lavanta tohumlarının içinde bulunduğu küçük bir bohça yapıp tencerenin içine atın."", ""Orta ateşte 25-30 dakika kadar sürekli karıştırarak pişirin. Süre sonunda kaynadıkça kıvam alan muhallebi içinden lavanta kesesini çıkartın."", ""Pişen muhallebiyi pürüzsüz bir kıvam alması için süzgeçten geçirin."", ""Muhallebiyi, profesyonel bir çırpıcı ya da mikser yardımıyla 5-6 dakika boyunca düşük devirde karıştırarak soğutun."", ""2-3 dakika dinlendirdiğiniz lavantalı muhallebi içerisine küçük parçalara böldüğünüz beyaz çikolatayı ekleyin. Orta-hızlı devirde 5-6 dakika daha çırpın."", ""Servis kaselerine aldığınız muhallebiyi soğuk olarak sevdiklerinizle paylaşın.""]"
3544f626-178d-4578-b305-5ecd13318858,Portakallı Zeytinyağlı Kereviz,Turkey,"Zeytinyağının lezzetiyle portakalın ferahlığını birleştiren, sağlıklı ve lezzetli bir kereviz yemeği",Meze,"[""1/2 çay bardağı zeytinyağı"", ""1 adet orta boy soğan (yemeklik doğranmış)"", ""1 adet büyük boy havuç"", ""1 adet büyük boy patates"", ""1 yemek kaşığı un"", ""2 adet kereviz"", ""1,5 su bardağı portakal suyu"", ""1 su bardağı su"", ""1/2 adet limon suyu"", ""2 adet kesme şeker"", ""1 çay kaşığı tuz""]","[""Zeytinyağını bir tencereye alıp soğan ve havuçları aynı anda ekleyip kavuruyoruz."", ""Kavrulunca küp küp doğranmış patatesleri ekliyoruz yine biraz kavuruyoruz. Sonrasında 1 yemek kaşığı un ekleyip 1-2 dakika daha kavuruyoruz."", ""Küp küp doğrayıp limonlu suda beklettiğimiz kerevizleri yaprağıyla birlikte ekleyip, 1 dakika kadar hepsini birlikte kavuruyoruz."", ""Sonra kesme şeker, portakal suyu, limon suyu, su ve tuzu ekleyip, en küçük ocakta en kısık ayarda yavaş yavaş 45 dakika ya da 1 saat kadar pişmeye bırakıyoruz."", ""Kontrol edip, kereviz yumuşadığında ocağın altını kapatıp, soğumaya bırakıyoruz. Ilık veya soğuk servis edin. Afiyet olsun.""]"
a4d531a5-1170-422a-8d65-a4eb65bc7f10,Fındıklı Çikolatalı Kurabiye,Turkey,"Fındıklı çikolatalı kurabiye, çay saatlerinin vazgeçilmez lezzetlerinden biri. Hem çıtır hem de yumuşak dokusuyla damaklarda tat bırakır",Tatlı,"[""250 gram tuzsuz tereyağı"", ""1 çay bardağı sıvı yağ"", ""1 su bardağı pudra şekeri"", ""1 paket vanilya"", ""1/2 paket kabartma tozu"", ""1/2 su bardağı nişasta"", ""4-4,5 su bardağı un (kontrollü kullanın)""]","[""Tereyağı veya margarin, pudra şekeri ile karıştırılır."", ""Sıvı yağ, nişasta, vanilya ve un eklenip yoğrulur."", ""Hazırlanan hamur iki yağlı kağıt arasında, yaklaşık 1 cm kalınlığında açılır."", ""Kalıpla şekil verilip yağlı kağıt serilmiş tepsiye dizilir."", ""Üzerine yumurta akı sürülür. İri doğranmış fındıklar kurabiyelerin üzerine dökülür ve elle hafifçe bastırılır."", ""Önceden ısıtılmış 180 derece fırında hafif pembeleşinceye kadar pişirilir."", ""Soğuyan kurabiyeler benmari usulü eritilen çikolataya bulanır. Afiyet olsun.""]"
57320a08-ba7d-47b1-9c08-69a561f830b5,Sote Sebzeli Köfte,Turkey,"Dana ve kuzu kıymadan yapılan, sote sebzelerle lezzetlendirilen nefis köfte tarifi",Et Yemekleri,"[""800 gram dana döş kıyma"", ""200 gram orta yağlı kuzu kıyma"", ""1 adet büyük boy kuru soğan"", ""10 gram karbonat"", ""1/2 tatlı kaşığı tuz""]","[""Dana döş eti ve orta yağlı kuzu etinden hazırlanan karışım kıymayı karıştırma kabına alın. Kuru soğanları rendenin ince kısmıyla rendeleyip suyunu sıkarak süzdürün."", ""Kıymayı; rendelenmiş kuru soğan, karbonat ve tuz ilavesiyle 10-15 dakika kadar yoğurun. Hazırladığınız köfte harcını kapağı kapalı bir kapta, buzdolabında bekletin."", ""Sote sebze karışımı için; kabuklarını alacalı şekilde soyduğunuz patlıcanı küp şeklinde doğrayın. Acısının çıkması için tuzlu suda bekletin. Kabuğunu soyduğunuz patates ve havucu patlıcanlarla uyumlu"", ""Uç kısımlarını alıp kılçıklarını temizlediğiniz taze fasulyeleri iri parçalar halinde kesin. Küp patlıcanlar hariç doğramış olduğunuz diğer sebzeleri kaynar suda kısa süre haşlayın. Tuzlu suda bekleye"", ""Zeytinyağını geniş tabanlı bir tavada kızdırıp patlıcanları kavurmaya başlayın. Haşlayıp suyunu süzdükten sonra üzerlerini kuruladığınız diğer sebzeleri katıp kızartma işlemini sürdürün."", ""Kızarmaya başlayan sote sebzeleri domates salçası ve baharatlar ile tatlandırın. Çok çok az miktarda sıcak su ekleyip kısık ateşte kaynamaya bırakın."", ""Hazırladığınız köfte harcını dolaptan çıkartın. 10 dakika kadar oda ısısında beklettiğiniz köfte harcını son bir kez yoğurup yağlı kağıt üzerine uzun ince bir dikdörtgen şeklinde açın."", ""Keskin bir bıçak yardımıyla uzun ince dikdörtgenler (parmak) şeklinde kesin. Orta ateşte, kızgın bir tavada ters yüz ederek kızartın."", ""Sote sebze karışımını servis tabaklarına paylaştırın. İç kısımları da pişen köfteleri üzerlerine yerleştirip sıcak olarak servis edin.""]"
b89e0aa5-b511-4eaa-839f-729d4ce5607a,Fıstık Ezmeli Fit Çikolata,Turkey,"Sağlıklı ve lezzetli fıstık ezmeli fit çikolata tarifi. Muz ve yulaf unu ile hazırlanan bu tatlı, hem besleyici hem de doyurucu",Tatlı,"[""1 adet muz"", ""1 su bardağı yulaf unu"", ""1 tatlı kaşığı karadut özü"", ""1 paket bitter çikolata (yüzde 80 kakao içeren)"", ""1 tatlı kaşığı Hindistan cevizi yağı""]","[""Muzu çatalla güzelce ezdikten sonra yulaf ununu azar azar katıp karıştırın."", ""Karadut özü veya istediğiniz herhangi bir tatlandırıcıyı katın. Dikdörtgen bir kaba döküp yayarak 170 derecede 10 dakika pişirin."", ""Çıkarıp tamamen soğumaya bırakın."", ""Soğuduktan sonra şeker ilavesiz fıstık ezmesini güzelce üzerine sürün. Antep fıstığı dizin, yer fıstığı da tercih edebilirsiniz."", ""Dikdörtgen parçalara bölüp dinlendirmeye bırakın. Çikolatayı benmari eritin, Hindistan cevizi yağını ekleyip karıştırın. Benmari eritilmiş çikolatayla tatlınızı kaplayın.""]"
ea98ed64-28eb-4406-af00-1d6b473d61df,Ev Yapımı Tantuni,Turkey,"Lezzetli ve pratik ev yapımı tantuni, özel baharatlarla harmanlanmış dana eti ve taze malzemelerle hazırlanan geleneksel bir lezzet",Ana Yemek,"[""3 adet ekmek"", ""500 gram dana eti (tantuni için kesilmiş)"", ""1 adet domates"", ""1/2 adet soğan""]","[""Etleri biraz sıvı yağ ve tereyağında pişirelim, suyunu çeken etlere su çektikçe yarım bardak su ekleyip tekrar pişirelim."", ""Üzerine toz kırmızı biber ve pul biber ekleyelim."", ""Suyunu çektikçe ara ara su ekleyelim. Etler pişene kadar bu işlemi tekrarlayalım."", ""Biraz sulu kalan etlerin üzerine ekmekleri kapatıp yağını ekmeklere vermesini sağlayalım."", ""Ekmekleri etleri paylaştırıp, en son içine ince kıydığınız maydanoz, domates ve soğanı ekleyip servise sunalım, yapanlara şimdiden afiyet olsun.""]"
3c62feb7-6061-46d5-ba9a-b3db764e399b,Tam Ölçülü San Sebastian Cheesecake,Turkey,"İspanyol mutfağından ünlü San Sebastian cheesecake'in tam ölçülü tarifi. Kıyır kıyır dışı ve kremsi içiyle damakları şenlendiren bu lezzet, misafirlerinizi büyüleyecek",Ana Yemek,"[""3 tepeleme yemek kaşığı un"", ""2 su bardağı krema"", ""900 gram krem peynir"", ""5 adet yumurta"", ""90 gram şeker"", ""1 paket vanilya""]","[""Öncelikle malzeme az olduğu için hazırlama süren çok kısa, o yüzden fırını önden 190 ısıtmaya başlayın ve kelepçeli kalıbın içini ve kenarlarını yumuşamış tereyağ veya margarin ile iyice yağlayın."", ""Şeker ve peyniri iyice karışana kadar çırpın.Çırpmaya devam ederken yumurtaları birer birer (aralarda çırpmak suretiyle) ekleyin."", ""Kremayı da ekleyip sadece malzemeler karışana kadar çırpın."", ""Unu da her bir yemek kaşığı ilavesinden sonra çırpacak şekilde ekleyip karıştır ve kek kalıbına döküp 45-50 dakika kadar pişirin."", ""Cheesecake pişirme süresini tamamladıktan sonra 20 dakika fırında kapağı kapalı olacak şekilde dinlendirin."", ""Sonra bunu fırın kapağı yarım açık olacak şekilde 20 dakika daha bekletin. Çıkarıp soğumaya ve dinlenmeye bırakın. Ardından servis edin. Afiyetler olsun!""]"
dd9c56d3-f94b-493e-a01d-6af2165d8f5c,Çilekli Muzlu Manolya Tatlısı,Turkey,"Muz ve çileğin muhteşem uyumuyla hazırlanan bu hafif tatlı, damaklarda unutulmaz bir lezzet bırakıyor",Tatlı,"[""500 mililitresüt"", ""2 adet yumurta sarısı"", ""1 çay bardağı toz şeker"", ""1,5 yemek kaşığı un"", ""1 paket vanilya"", ""1 yemek kaşığı tereyağı"", ""1 paket krema"", ""1 su bardağı bebe bisküvisi"", ""2 adet muz""]","[""Süt, toz şeker, yumurta sarısı ve unu bir tencereye alıp çırpıyoruz. Daha sonra ocağa alıp kaynayana kadar çırpıyoruz. Kaynadıktan sonra üzerine tereyağı ve vanilyayı da ekleyip 1-2 dakika daha kaynat"", ""Muhallebimiz akışkan kıvamda olsun. Daha sonra ocaktan alıp soğuyana kadar çırpalım veya biraz çırptıktan sonra buzdolabında soğutalım."", ""Ayrı bir kapa kremamızı alıyoruz, çırpıyoruz ve buzdolabına kaldırıyoruz. Soğuyan muhallebi ve kremamızı buzdolabından çıkarıp kremayı muhallebinin üzerine ekliyoruz ve karıştırıyoruz."", ""Muzları kare şeklinde küçük küçük doğruyoruz. Çilekleri ise halka şeklinde kesiyoruz. Dolduracağımız bardağı alıp öncelikle tabanına çilekleri diziyoruz ve muhallebiden 1 kepçe dolduruyoruz."", ""Üzerine muzlardan ekliyoruz ve tekrar bir kepçe muhallebi ekliyoruz. En üst katmana blenderdan geçirdiğimiz bisküvileri ekliyoruz. Benim sunumum bu şekilde, siz istediğiniz gibi süsleyebilirsiniz.""]"
917da196-98ad-476e-be2e-a2fe64de0f5b,Linzer Kurabiyesi,Turkey,"Geleneksel Avusturya tatlısı olan Linzer Kurabiyesi, reçelli orta kısmı ve üzerindeki şekerli desenleriyle göz alıcı bir lezzettir",Tatlı,"[""225 gram tuzsuz tereyağı (oda sıcaklığında)"", ""1/2 su bardağı şeker"", ""2 su bardağı un (1/2 su bardağı kadar daha)"", ""1/2 su bardağı badem unu"", ""1 adet rendelenmiş limon kabuğu"", ""1 adet yumurt sarısı"", ""1 paket vanilya"", ""1 tatlı kaşığı pudra şekeri (üstüne serpmek için)""]","[""Vişne jölesini tencerede hazırlayın."", ""Şeker ve tereyağını iyice krema haline gelene kadar çırpın. Yumurta sarısını ekleyip çok az daha çırpın."", ""Kuru malzemeleri eleyin ve karışıma iki seferde olmak üzere ekleyin ve hamura yedirin."", ""Hamuru strecleyip 1 saat dolapta dinlenmesi için kaldırın. Bolca unlanmış tezgahta merdane yardımı ile açın."", ""Kurabiye şekil vericileri ile hamuru kesip, yağlı kağıt serili tepsiye dizin."", ""Pişerken şeklini koruması için 15 dakika kadar buzlukta bekletin. Önceden ısıtılmış 175° fırında 10-15 dakika pişirin."", ""İyice soğuduktan sonra aralarına marmelat, reçel ya da jöleyi sürüp birbirleri üzerine kapatın. Afiyet olsun.""]"
4a7fde07-38f4-49ff-a91b-e05428ebcb32,Butik Kurabiye,Turkey,"Lezzetli butik kurabiye tarifi, yumuşak dokusu ve pratik hazırlanışı ile misafirleriniz için ideal bir atıştırmalık",Tatlı,"[""1 adet yumurta"", ""1 çay bardağı sıvı yağ"", ""1 çay bardağı yoğurt"", ""200 gram oda sıcaklığında tereyağı"", ""1 paket vanilin"", ""1 paket pudra şekeri"", ""1 paket kabartma tozu"", ""1 çay kaşığı tarçın"", ""4 su bardağı un""]","[""Un hariç tüm malzemeleri derin bir kapta karıştırıyoruz. Homojen olan karışıma unu kontrollü bir şekilde ekliyoruz."", ""Hamurumuz ele yapışmayan bir kıvama geldiğinde üzerini bir bezle örtüp 20 dakika dinlenmeye bırakıyoruz. Daha sonra dinlenen hamuru merdane ile açıp şekil veriyoruz."", ""200 derecede önceden ısınmış fırında 20-25 dakika kadar kontrollü pişiriyoruz."", ""O esnada çikolataları iki farklı kapta benmari usulü eritiyoruz."", ""Yarım çay bardağı sıvı yağı ikiye bölerek eriyen çikolataların üzerine ekliyoruz. Karıştırıyoruz, akışkan bir hale gelince altını kapatıyoruz."", ""15 dakika kadar soğumasını bekliyoruz. Benmari usulü erittiğimiz çikolatalarla üzerlerine şekiller veriyoruz. Afiyet olsun.""]"
8f9170e6-a35c-4807-8543-8b428aae3fc2,Kozalak Pasta,Turkey,"Pratik ve lezzetli kozalak pastası, kakolu pirinç patlağı ve bitter çikolatanın mükemmel uyumuyla hazırlanır",Tatlı,"[""250 gram kakaolu pirinç patlağı"", ""4 yemek kaşığı bal"", ""80 gram bitter çikolata"", ""50 gram margarin"", ""1/2 su bardağı susam""]","[""Büyük boy çelik tencerede margarin, bal ve bitter çikolatayı kısık ateşte eritin."", ""Ayrı bir tencerede susamları kavurduktan sonra kavrulmuş susamları diğer malzemelerin içine katın."", ""Tencerenin içindeki tüm malzemeler eridikten sonra pirinç patlaklarını katın ve iyice karıştırın."", ""Karışımın altını kapatın ve karışım şekil alabilecek soğukluğa gelene kadar bekletin."", ""Limon sıkacağının arkasını çevirerek boş kalan kısma kalın bir naylon yerleştirdikten sonra malzeme ılıkken kalıp halinde sıkıca içerisine yerleştirin."", ""Kalıp olarak kullandığınız limon sıkacağını ters çevirip çıkardığınızda pasta, çam kozalağı şeklini alacaktır."", ""Üzerine pudra şekeri eleyip, çam yaprakları ve kozalaklarla süslediğiniz pastaları sevdiklerinizle paylaşabilirsiniz.""]"
28019284-e9ef-4bee-9ff3-859497f417c0,Kremalı Domates Çorbası,Turkey,"Lezzetli ve doyurucu kremalı domates çorbası, tereyağı ve unla zenginleştirilmiş kremsi dokusuyla damakları şenlendirir",Çorba,"[""3 adet domates"", ""1 yemek kaşığı un"", ""1 yemek kaşığı tereyağı"", ""1 yemek kaşığı sıvı yağ"", ""1 yemek kaşığı domates salçası"", ""1 çay kaşığı tuz"", ""5 su bardağı su"", ""1/2 paket krema""]","[""Tereyağ ve sıvı yağ tencereye eklenir, tereyağı güzelce eridikten sonra 1 kaşık un yağa eklenir ve güzelce kavrulur."", ""Bu aşamada yakmamaya çalışın, kısık ateşte kokusu çıkana kadar kavurun."", ""Mikserden geçilmiş veya rendelenmiş olan domatesleri ve salçayı üzerine koyup güzelce karıştırmaya devam edin ve biraz kaynadıktan sonra sıcak su ve tuzu ekleyin."", ""Kaynatıyoruz ve sıvı kremamızı da ekleyip güzelce bir kıvam alana kadar sürekli çırparak kaynatıyoruz ve ocağın altını kapatıyoruz, servis ediyoruz. İşte bu kadar. Afiyet olsun.""]"
bf1db169-221c-4250-98a5-39ca5e3234f3,Kıymalı Humus,Turkey,"Zengin kıymalı humus, nohut ve tahinin kremsi dokusuyla harmanlanmış, doyurucu bir Orta Doğu lezzeti",Et Yemekleri,"[""4 su bardağı haşlanmış nohut"", ""1 su bardağı tahin"", ""1 su bardağı nohut suyu (sıcak)"", ""10 adet buz"", ""1 adet limonun suyu""]","[""Kıymalı humus için ilk olarak haşlanmış nohutları tekrar ısınmaları için ocağa alıp kaynatmaya başlayın."", ""Geniş bir tavada yüksek ateşte zeytin yağında ilk olarak ufak küpler halinde doğranmış soğanları tuzlayıp kavurun. Ardından kıymayı da ekleyip koyu bir renk alana ve suyu kalamayana kadar kavurmaya d"", ""Humus için büyük bir doğrayıcı içinde nohutları sıcak olarak biraz tuz, sarımsak ve sıcak nohut haşlama suyu ile parçalayın. Ardından karışıma sırası ile tahin ve buz ekleyip istediğiniz kıvama gelene"", ""Humusu tabaklara sıcak olarak paylaştırıp ortalarını kaşık ile havuz gibi açarak sıcak kıymayı içlerine paylaştırın. Üstlerini kıyılmış maydanoz, nar taneleri ve bolca zeytinyağı ile süsleyip servis e""]"
f91db44a-ba60-411b-8dc2-2c43c22dadec,Hindistan Cevizli Şerbetli Tatlı,Turkey,"Hindistan cevizi ile lezzetlendirilen, şerbetli ve yumuşak dokulu hafif bir tatlı",Tatlı,"[""3 adet yumurta"", ""2 yemek kaşığı Hindistan cevizi"", ""1 paket kabartma tozu"", ""1 paket vanilya"", ""2 bardak un"", ""1 paket krem şanti""]","[""Bir kabın içerisinde yumurta ve şekeri krema kıvamına gelecek şekilde çırpıyoruz. Daha sonra elde ettiğimiz karışıma yoğurt, yağ ve Hindistan cevizini ekleyip iyice karıştırıyoruz."", ""Un, kabartma tozu ve vanilyayı da ilave ediyoruz, güzelce çırpıyoruz. Hazırladığımız karışımı borcama aktarıyoruz. 200 derecelik fırında 1 saat pişiriyoruz."", ""Krem şantiyi çırpıyoruz. Fırından çıkan keki biraz soğutup üzerine krem şantiyi yayıyoruz. Güzelce soğuttuktan sonra servis ediyoruz. Afiyetler olsun!""]"
96737ae0-15ea-4db3-ad7b-5e0199e98440,Çikolata Kaplı Şekersiz Lokum,Turkey,Sağlıklı ve lezzetli şekersiz lokum tarifi. Hindistan cevizi ve bal ile tatlandırılmış kremsi dokuda çikolata kaplı atıştırmalık,Tatlı,"[""1 su bardağı süt kreması (200 ml)"", ""3 yemek kaşığı bal"", ""1,5-2 su bardağı Hindistan cevizi""]","[""Kremayı bir karıştırma kabına alarak, mikserin orta ayarında hafif kıvam alana kadar çırpın."", ""Üzerine balı ilave ederek 1-2 dakika daha çırpmaya devam edin."", ""Hindistan cevizini ekleyin ve düşük ayarda malzemeler karışana kadar çırpın."", ""Küçük, köşeli bir kalıbın içine streç film serin. Kremalı karışımı içine aktarın."", ""Bir kaşıkla sıkıştırarak düzleyin. Buzluğa koyarak 1-2 saat boyunca soğumaya bırakın."", ""Soğuyup sertleşen karışımı kalıptan çıkararak kare parçalara bölün."", ""Çikolata kaplaması için, küçük parçalara böldüğünüz çikolataları benmari sistemi üzerinde ya da mikrodalgada eritin."", ""Her bir lokum parçasını çikolataya daldırın. Ardından bir çatal ya da spatula yardımıyla içinden çıkarak fazla sosun akmasını sağlayın."", ""Lokumları yağlı kağıt serilmiş bir tepsiye yerleştirdikten sonra buzdolabına kaldırın."", ""Çikolatası donduktan sonra servise hazır. Afiyet olsun!""]"
db308da7-4354-426e-9bf4-40078a983f43,Kuru Dolma,Turkey,"Geleneksel Türk mutfağının en lezzetli özeliklerinden biri olan kuru dolma, özenle hazırlanan iç harcıyla damaklarda unutulmaz bir tat bırakır",Ana Yemek,"[""20-25 adet kuru patlıcan (arzuya göre kuru biber ve kuru kabak)"", ""1,5 su bardağı pirinç"", ""1 çay bardağı zeytinyağı"", ""1 yemek kaşığı kuş üzümü"", ""2 yemek kaşığı biber salçası"", ""2 yemek kaşığı domates salçası"", ""3 adet kuru soğan"", ""1 tatlı kaşığı kuru nane"", ""2 yemek kaşığı nar ekşisi"", ""1/2 adet limonun suyu"", ""2 tatlı kaşığı karabiber"", ""1 tatlı kaşığı pul biber""]","[""Öncelikle pirinci sıcak suda 10 dakika bekletelim. Bekleyen pirinç, yağı daha iyi çeker ve kuru kuru olmaz. Pirinç beklerken derin bir tencerede kurulukları haşlayalım."", ""İlk önce kabağı 8 dakika, ardından patlıcanı 5 dakika ve biberi 3 dakika ayrı ayrı haşlayalım."", ""İç harcı için 2 adet kuru soğanı ve sarımsakları ince ince doğrayıp zeytinyağında kavuralım."", ""Ardından salçaları ekleyelim. Pirincin suyunu süzüp onu da ekleyelim, 2-3 dakika kavuralım."", ""Baharatları, limon suyunu, nar ekşisini kuş üzümünü ve cevizi ekleyelim. Ayırdığımız soğanı ince ince doğrayıp onu da ekleyelim. Ocağın altını kapatıp soğumaya bırakalım."", ""Güveç tenceresinin taban kısmına dilerseniz kuru soğan yerleştirebilirsiniz, hem lezzet katar hem de dipteki dolmaların tabana yapışma riskini azaltır."", ""Kurulukları doldururken 2 parmak boşluk olacak şekilde dolduralım. Çok doldurursak pirinçler şişince taşacaktır."", ""Bütün kurulukları bu şekilde doldurup, üzerlerini geçecek kadar su ekleyelim. Porselen bir tabakla dolmaları sabitleyip ocağa alalım."", ""Kaynayana kadar yüksek ateşte, kaynadıktan sonra kısık ateşte 1 saat 15 dakika pişirelim. Pişince dolmaların fazla suyu kaldıysa süzelim ve servis tabağına alalım. Afiyet olsun.""]"
4ef287e2-9ae8-4c3e-baeb-5da15f976222,Fransız Brownie,Turkey,"Fransız usulü yoğun ve çikolatalı brownie tarifi, sıvı yağ ile hafifletilmiş özel lezzet",Ana Yemek,"[""4 adet yumurta"", ""1 su bardağı şeker"", ""1 su bardağı (2 parmak eksik) sıvı yağ"", ""1/2 su bardağı un"", ""1/2 su bardağı buğday nişastası"", ""1 paket kabartma tozu"", ""1 paket vanilin""]","[""Önce yumurtaları şekerle krema kıvamı olana kadar çırpalım."", ""Unu, kakaoyu, vanilini, kabartma tozunu elekten geçirerek keke ilave edelim."", ""Karışımı 24 cm genişliğinde kelepçeli bir kalıba altına yağlı kağıt koyarak dökelim."", ""170 derecelik fırına koyalım ve pişirelim"", ""Başka bir yerde çikolatayı benmari usulü eritelim. Eriyen çikolataya sütü ve tereyağını ilave edelim. Bir fiske tuz ekleyelim."", ""Kek fırından çıkınca kürdanla üzerine delikler açalım."", ""Çikolata sosunu sıcak kekin üzerine dökelim ve ılık olarak servis yapalım.""]"
dd39415a-c1b2-4536-9260-4d569a52a81e,İtalyan Soslu Akdeniz Salata,Turkey,Taze Akdeniz sebzeleri ve İtalyan sosu ile hazırlanan ferahlatıcı salata,Salata,"[""1 adet salatalık"", ""300 gram Akdeniz salatası"", ""1/2 çay bardağı mısır"", ""2 yemek kaşığı zeytin"", ""2 yemek kaşığı kapya biber"", ""3 adet sarı cherry domates"", ""3 adet cherry domates""]","[""Bir kap içerisinde Akdeniz salatasının içine kırmızı ve sarı çeri domateslerini bölerek ekleyin, ardından salatalığı alacalı soyun ve macedonia doğrayıp karışıma ekleyin."", ""Sos için bir kap içerisine zeytinyağını dökün, limonu sıkın ardından taze biberiye, taze kekik ve sarımsağı brunoise (en küçük) doğrayın ve limonu sıkın, karabiber ile tuzu atıp karıştırın."", ""Hazır olan salataya İtalyan sos karışımını ekleyin, karıştırın ve çekirdekleri alınmış siyah zeytin ile mısırları ilave edin harmanlayın. Hazır olan salatayı servis tabağınıza alın ve üzerine küp doğr""]"
91c8ce4f-130e-443b-8966-191981800f6b,Tam Buğdaylı Biscotti,Turkey,"Tam buğday unu ve ceviz içi ile hazırlanan sağlıklı ve lezzetli Biscotti tarifi. İtalyan usulü çerezler, kahve ile harika uyum sağlar",Ana Yemek,"[""2,5 su bardağı tam buğday unu"", ""3-4 adet ceviz içi"", ""1 tatlı kaşığı Hindistan cevizi tozu"", ""1 tatlı kaşığı tarçın"", ""2 adet yumurta"", ""3/4 su bardağı zeytinyağı"", ""1 yemek kaşığı tereyağı"", ""1 tatlı kaşığı bal"", ""1/2 paket kabartma tozu""]","[""Yumurta, zeytinyağı ve balı köpürene kadar çırpıyoruz."", ""Tereyağını ekleyip çırpmaya devam ediyoruz."", ""2 bardak tam buğday ununu ekleyip karıştırmaya devam ediyoruz."", ""Diğer malzemeleri ekleyip güzelce yoğuruyoruz. Geri kalan unu ekliyoruz. (Kıvama göre eklemeden de yapabilirsiniz)"", ""Şekil alabilen hamurunuzu fırın kağıdı serili fırın tepsisine alın ve somon ekmek şeklini verin."", ""Önceden ısıtılmış 180 derecelik fırında yaklaşık 30-35 dakika kadar pişirin. Üzeri kızarınca fırından alabilirsiniz."", ""Fırından alıp dilediğiniz gibi servis edebilirsiniz. Afiyet olsun.""]"
79831f1c-2a28-4f45-bd8f-5bd0821abb4d,Mini Limonlu Haşhaşlı Kek,Turkey,Taze limon aroması ve çıtır haşhaşlı lezzetiyle ferahlatan mini kekler,Tatlı,"[""3 adet yumurta"", ""1 su bardağı şeker"", ""1 su bardağı süt"", ""1/2 su bardağı sıvı yağ"", ""2 su bardağı un"", ""1 paket kabartma tozu"", ""1 adet limon kabuğu rendesi"", ""1 tatlı kaşığı vanilya aroması"", ""5-6 yemek kaşığı mavi haşhaş tohumu""]","[""Yumurtalar şekerle beraber beyazlaşana kadar çırpılır. Sıvı yağ ve süt eklenir, karıştırılır."", ""Un, kabartma tozu, vanilya, limon kabuğu ve haşhaş eklenir. Homojen bir karışım olana dek karıştırılır."", ""Yağlanmış muffin kalıbına aktarılır."", ""Önceden ısıtılmış fırında 180 derecede yaklaşık 20-25 dakika pişirilir ve soğumaya bırakılır."", ""Krema ve pudra şekeri, mikser ile koyu kıvam alana dek çırpılır."", ""Soğuyan kekler kalıptan çıkartılır, üzerleri krema ile süslenip servis edilir. Afiyet olsun.""]"
38e8a6b8-aaa0-4b52-945e-8822bac46ddf,Damla Çikolatalı Sade Kek,Turkey,"Zeytinyağı ile hazırlanan, damla çikolatalı lezzetli ve pratik bir kek tarifi",Tatlı,"[""1 su bardağı süt"", ""1 su bardağı toz şeker (pekmez de koyabilirsiniz)"", ""1/2 su bardağı zeytinyağı"", ""1 paket kabartma tozu"", ""1 paket vanilin"", ""2 adet yumurta"", ""3 su bardağı un (kıvamına göre ekleyin)"", ""1/2 çay bardağı damla çikolata"", ""1 yemek kaşığı ceviz (ufalanmış)""]","[""İlk önce yumurta ve şekeri çırpalım. Üzerine yağ ve sütü ekleyip çırpmaya devam edelim."", ""Sonra unu, kabartma tozu ve vanilini ekleyip karıştıralım."", ""En sonunda çikolata ve cevizleri spatula ile karıştırıp önceden ısıtılmış 180 derece fırında pişirelim."", ""40 dakikada pişti. Ben büyük boy borcamda yaptım 12 dilim çıkıyor. Afiyet olsun.""]"
7f8f9655-1477-4b0f-a5c5-568ccb74fac4,Raita,Turkey,Taze salatalık ve baharatlarla hazırlanan ferahlatıcı Hint usulü yoğurt sosu,Ye,"[""1 adet büyük boy salatalık"", ""1 tatlı kaşığı taze zencefil (rendelenmiş)"", ""1 tatlı kaşığı hardal tohumu"", ""1/2 çay kaşığı kimyon"", ""1/2 çay kaşığı yenibahar"", ""5 yemek kaşığı sıvı yağ (sıcak)"", ""1,5 su bardağı yoğurt"", ""1/2 adet lime suyu""]","[""Bir kasenin içinde sarımsak, taze zencefil ve baharatların üzerine sıcak yağ döküp karıştırın."", ""Salatalığı rendeleyin, hafifçe tuzlayın ve avucunuzda fazla suyunu sıkın."", ""Orta boy bir kasede yoğurt, salatalık ve yağlı karışımı birleşene kadar harmanlayın, son olarak lime suyunu da ekleyip karıştırın."", ""Raitayı servis kasesine alın ve üzerine taze kişniş yaprakları ekleyin. Afiyet olsun.""]"
9191ffc3-6bb9-441b-8216-fcde80b5a2d7,Beyaz Çikolatalı Mus,Turkey,"Kremamsı ve hafif dokusuyla beyaz çikolatanın tadını en üst seviyede yaşatan bu mus, misafirlerinizi büyüleyecek",Tatlı,"[""170 gram beyaz çikolata"", ""1 paket krema (soğuk olmalı)"", ""1 çay bardağı (2 parmak eksik) süt"", ""1 yemek kaşığı Hindistan cevizi (süslemek için)""]","[""Sütü ve kremanın yarım çay bardağı kadarını cezveye koyup ısıtınız."", ""Tam kaynamadan ocaktan alıp kaseye koyduğunuz beyaz çikolataya ekleyiniz."", ""Kremanın kalanını kaseye alıp mikserle kabarana kadar çırpıyoruz. Bu aşamada krema soğuk olursa daha kolay kıvam alır."", ""Kabaran kremayı beyaz çikolatalı karışımımıza ekliyoruz. Çırpmadan kabarıklığını söndürmeden alttan üste doğru karıştırıyoruz."", ""Homojen kıvam alınca servis bardaklarımıza alıyoruz 1 saat dolapta dinlendiriyoruz."", ""Hindistan cevizi ile süsleyerek servis yapıyoruz. Afiyet olsun.""]"
62305f92-838c-410d-bd3b-bfdb3ae2c6a9,Kakaolu Sünger Pandispanya,Turkey,"Yumuşacık ve lezzetli kakaolu sünger pandispanya, çay saatlerinin vazgeçilmezi",Ana Yemek,"[""6 adet yumurta (mutlaka oda sıcaklığında)"", ""1 su bardağı şeker"", ""1 su bardağı un"", ""2 yemek kaşığı (tepeleme) kakao"", ""2 yemek kaşığı (tepeleme) nişasta"", ""1 paket vanilya"", ""1 paket kabartma tozu"", ""1/2 çay bardağı sıcak su""]","[""Yumurtaların sarı ve beyazı dikkatli bir şekilde ayrılır. Beyazına sarı karışırsa istediğimiz kıvamı elde edeneyiz o yüzden çok dikkat ediyoruz."", ""Beyazlar bir tutam tuz ve şekerin yarısıyla yüksek devirde krem şanti kıvamına gelene kadar çırpılır. (Ters çevirince akmayacak)."", ""Yumurta sarıları şekerin yarısıyla rengi açılana kadar çırpılır."", ""Kakao sıcak suya koyulup karıştırılır ve pürüzsüz olunca yumurta sarılarına eklenir. 1-2 dakika çırpılır."", ""Un, nişasta, kabartma tozu ve vanilya elenerek eklenir düşük devirde karışana kadar çırpılır. Hemen kapatılır."", ""Yumurta beyazları üç seferde yumurta sarılı karışıma eklenir. Her seferinde spatulayla alttan üste doğru söndürmeden karıştırılır."", ""İyice karışınca ikinci kısım o da karışınca son kısım eklenir. 18-20 cm lik çemberin altına yağlı kağıt sarılır. (Bir kat da folyo ile sararsanız daha sağlam olur)"", ""Önceden ısıtılmış 170 derece alt üst ayarda kürdan temiz çıkana kadar yaklaşık 40 dakika pişirilir. (İlk 30 dakika kapağını açmıyoruz!!!!) Çıkarınca fırın teline ters çevrilerek soğutulur""]"
bc32851b-e8af-470a-bc7d-4a5f6507330c,Şekersiz Yağsız İrmik Helvası,Turkey,"Sağlıklı ve lezzetli şekersiz, yağsız irmik helvası tarifi. Pekmezin doğal tatlılığıyla hazırlanan hafif bir tatlı",Tatlı,"[""2 su bardağı irmik"", ""150 gram kaymak"", ""1 su bardağı pekmez"", ""3 su bardağı süt""]","[""Yapışmaz tabanlı bir tavaya kaymağı alın ve kaymak erimeye başlayınca irmiği içine alın."", ""Sürekli karıştırarak irmiklerin rengi dönene dek yaklaşık 10-15 dakika kavurun."", ""İrmiklerin rengi değiştikten sonra ayrı bir kasede süt ve pekmezi güzelce karıştırın.Kavrulmuş irmiklerin üstüne bu karışımı dökün ve tamamen çekene dek sürekli karıştırmaya devam edin."", ""Tüm sütlü karışımı çeken helvanızı dilediğiniz gibi şekillendirin ve bir servis tabağına alın.Üstüne Hindistan cevizi ve toz antep fıstığı serptikten sonra servis edin. Afiyetler olsun!""]"
442a4e27-5363-4fce-9943-ee2f304d0c28,Erişteli Yeşil Mercimek Çorbası,Turkey,"Lezzetli ve doyurucu eriştili yeşil mercimek çorbası, soğuk kış günlerinde içinizi ısıtacak",Çorba,"[""1 su bardağı yeşil mercimek"", ""1/2 su bardağı erişte"", ""1 yemek kaşığı tereyağı"", ""4 su bardağı su"", ""1 su bardağı et suyu veya tavuk suyu"", ""1/2 adet soğan"", ""1 çay kaşığı nane"", ""1 tatlı kaşığı tuz"", ""1 çay kaşığı pul biber"", ""1 yemek kaşığı domates salçası""]","[""Yeşil mercimekleri iyice yıkayın 10-15 dakika hafifçe yumuşamaya başlayana dek haşlayın. Haşladığınız suyu süzün."", ""Soğanı küp küp doğrayın."", ""Tereyağını eritin ve soğanları tereyağında çevirin."", ""Domates salçasını soğanlarla beraber 2-3 dakika kavurun."", ""Haşlanan yeşil mercimekleri domates ve soğanlarla beraber kavurun."", ""Tavuk suyunu ve suyu yavaş yavaş ilave edin. Tuz ve diğer baharatları ilave edin ve kaynatın."", ""Erişteleri ilave edin ve iyice yumuşayana kadar kaynatmaya devam edin."", ""Erişteler yumuşadığında çorbanız hazır. İşte bu kadar, afiyetler olsun!""]"
8aefaa37-9fdd-480c-9ea8-8879efd33742,Kayseri Yağlaması,Turkey,"Kayseri'nin meşhur lezzeti Yağlama, ince açılan hamurların özel sosla hazırlanan yemeğidir",Ana Yemek,"[""4 su bardağı un"", ""1/2 çay bardağı sıvı yağ"", ""1 su bardağı süt"", ""1/2 paket yaş maya (ya da bir paket kuru maya)"", ""1 su bardağı su"", ""1 tepeleme çay kaşığı tuz""]","[""Yoğurma kabına un hariç tüm malzemeleri koyuyoruz."", ""Mayayı malzemelerin içinde eritiyoruz, üzerine kontrollü şekilde yavaş yavaş un ekliyoruz."", ""Ele yapışmayan kulak memesi kıvamında hamur yoğuruyoruz."", ""20 dakika mayalanmaya bırakıyoruz."", ""Mayalanan hamuru bezelere ayırıyoruz. Bezeleri teker teker açıp ocakta yüksek ateşte pişiriyoruz (yaklaşık 15 beze çıkıyor)."", ""İçi için: Soğan ve sivri biberi robattan geçiriyoruz (taneli kalacak kadar). Tereyağını tencereye alıyoruz, eridikten sonra robottan geçmiş ufak taneli soğanları kavuruyoruz."", ""Hafif kavrulan soğana biberleri de ekliyoruz. Biberler de kavrulduktan sonra kıymayı da ekleyip iyice kavuruyoruz."", ""Kavrulan kıymaya doğranmış domatesleri ilave ediyoruz, kalan malzemeleri de ekleyip biraz daha kavuruyoruz."", ""Dilediğiniz gibi servis edebilirsiniz. Afiyet olsun.""]"
fcf03e86-4439-42f0-9ee5-842945b48da4,Marshmallow,Turkey,Ev yapımı yumuşak ve lezzetli marshmallowlar için basit bir tarif,Ana Yemek,"[""1 su bardağı pudra şekeri"", ""1,5 yemek kaşığı glikoz"", ""1/4 su bardağı su"", ""1 yemek kaşığı toz jelatin (1/4 su bardağı soğuk suyla karıştırıl""]","[""Pudra şekeri, glikoz ve suyu küçük bir sos tenceresine aktarın. Pudra şekeri eriyene kadar kısık ateşte kaynatın."", ""Toz jelatin ve suyu geniş bir karıştırma kabında iyice kabarana kadar çırpmaya başlayın."", ""Köpüren jelatine saydam bir kıvam alan pudra şekerli karışımı katıp hızlıca karıştırmaya başlayın. Profesyonel bir pastacı makinesi ya da mikser yardımıyla 10-12 dakika kadar aralıksız çırpın."", ""Cam bir tepsi tabanına ayrı bir kapta karıştırdığınız mısır nişastası ve pudra şekerini eşit oranda serpiştirin."", ""Koyulaşıp kabaran marshmallow karışımını tepsiye yayın, üzerini bir spatula yardımıyla düzeltin."", ""Üzerini streç film yardımıyla kapattıktan sonra buzdolabına kaldırın. Kıvam alıp kolay kesilebilmesi için 8-10 saat kadar bekletin."", ""Dolaptan aldığınız marshmallow'u su ya da yağa batırdığınız bir bıçak yardımıyla dikkatlice kesin."", ""Kalan pudra şekeri ve mısır nişastası karışımına bulayıp üzerinde kalanları silkeledikten sonra kapağı kapalı bir kavanozda saklayın.""]"
